arrived:	node1#44	1
arrived:	node1#5	1
arrived:	node3#7	1
arrived:	node3#9	1
arrived:	node1#7	1
arrived:	node3#4	1
arrived:	node1#24	1
arrived:	node1#22	1
arrived:	node1#10	1
arrived:	node3#5	1
arrived:	node3#3	1
arrived:	node1#9	1
arrived:	node1#27	1
arrived:	node3#2	1
arrived:	node3#1	1
arrived:	node1#25	1
arrived:	node1#46	1
arrived:	node1#1	1
arrived:	node1#26	1
arrived:	node1#33	1
arrived:	node1#23	1
arrived:	node1#8	1
arrived:	node3#8	1
arrived:	node1#12	1
arrived:	node1#16	1
arrived:	node3#10	1
arrived:	node3#11	1
arrived:	node3#20	1
arrived:	node1#41	1
arrived:	node3#14	1
arrived:	node3#12	1
arrived:	node1#20	1
arrived:	node1#19	1
arrived:	node1#45	1
arrived:	node1#6	1
arrived:	node1#17	1
arrived:	node3#24	1
arrived:	node3#13	1
NOTIFS:
node3	:	60	sent
node1	:	60	sent
SUBS:
on	node1
	node1	:	23	received
on	node3
	node3	:	15	received
1262304604 0 - 1 - - - - - - - - - - 
1262304704 0 - 1 0 0 - - - 1 - 1 - 1 
1262304804 0 - 1 0 0 - 0 - 1 1 1 - 1 
1262304904 0 - 1 0 0 - 0 - 1 1 1 1 1 
1262305004 0 - 1 0 0 1 0 1 1 1 1 1 1 
1262305104 0 0.5 1 0 0.5 0.44444444444444 0 0.44444444444444 0.5 0.7 0.5 1 0.5 
1262305204 0.083333333333333 0.5 1 0.1 0.5 0.44444444444444 0.1 0 0.9 0.5 0.5 0.9 0.5 
1262305304 0.071428571428571 0.5 0.71428571428571 0 0.5 0.5 0.1 0 0.9 0.5 0.9 0.9 0.5 
1262305404 0.066666666666667 0.5 0.66666666666667 0 0.5 0.5 0.1 0 1 0.5 1 0.9 0.5 
1262305504 0.058823529411765 0.5 0.70588235294118 0 0.5 0.5 0.1 0 1 0.5 1 0.9 0.5 
1262305604 0.052631578947368 0 0.73684210526316 0 0 0.5 0.1 0 1 0.5 1 0.9 0.5 
1262305704 0.2 0.9 0.75 0 0 0.5 0.5 0 0.2 0.5 1 1 0.5 
1262305804 0.27272727272727 1 0.77272727272727 0.5 0 0.5 0.5 0 0.2 0.5 1 1 0.2 
1262305904 0.25 1 0.79166666666667 1 0 0.5 1 0 0.3 0 0.4 1 0.2 
1262306004 0.24 1 0.48 1 0 0.5 1 0 0.3 0 0.4 1 0.6 
1262306104 0.22222222222222 0.8 0.51851851851852 1 0 0.8 1 0 0.3 0 0.4 1 0.8 
1262306204 0.20689655172414 0.8 0.55172413793103 0.9 1 1 1 0 0.3 0 0.6 1 0.8 
1262306304 0.2 0.8 0.56666666666667 0.9 1 1 0 0 0.3 0 0.6 1 0.8 
1262306404 0.1875 0.8 0.59375 0 1 1 0 0 0.3 0 0.6 1 0.8 
1262306504 0.35294117647059 0.8 0.61764705882353 0 1 0 0 0 0.3 0 0.6 0.8 0.8 
1262306604 0.34285714285714 0.8 0.6 0.6 1 0.6 0 0 0.3 0 0.6 0.8 0.9 
1262306704 0.32432432432432 0.8 0.62162162162162 0.6 1 0.6 0 0 0.3 0 0.6 0.8 1 
1262306804 0.46153846153846 0.8 0.64102564102564 0.6 0.9 0.6 0.6 0.4 0.3 0 0.6 0.8 1 
1262306904 0.45 0.8 0.65 0.4 0.9 0.6 0.6 0.2 0.3 0 1 1 1 
1262307004 0.42857142857143 0.8 0.64285714285714 0.4 0.7 0.6 0.6 0 0.3 0 1 1 1 
1262307104 0.40909090909091 0.8 0.65909090909091 0.4 0.7 0.4 0.6 0 0.3 0 1 1 1 
1262307204 0.4 1 0.66666666666667 0.3 0.5 0.4 0.5 0 0.3 0 1 1 1 
1262307304 0.38297872340426 1 0.68085106382979 0.2 0 0.2 0.5 0 0.3 0 1 1 1 
1262307404 0.36734693877551 1 0.69387755102041 0 0 0.7 0.5 1 0.3 0 1 1 1 
1262307504 0.36 1 0.7 0 0 0.7 0.5 1 0.3 0 1 1 1 
1262307604 0.34615384615385 1 0.71153846153846 0 0 0.7 0.7 1 0.3 0 1 1 1 
1262307704 0.33333333333333 1 0.72222222222222 0 0 0.7 0.7 1 0.3 0 0.9 1 1 
1262307804 0.32727272727273 1 0.72727272727273 1 1 1 1 1 0.3 0 1 1 1 
1262307904 0.31578947368421 1 0.73684210526316 1 1 1 1 1 0.3 0 1 1 1 
1262308004 0.38983050847458 1 0.74576271186441 0.2 1 0 1 0 0.3 0 1 1 1 
1262308104 0.38333333333333 1 0.75 0.5 0.5 0 1 0 0.3 0 1 1 1 
1262308204 0.38333333333333 1 0.75 0.6 0.5 0 1 0 0.3 0 1 1 1 
1262308304 0.38333333333333 1 0.75 0.8 0.5 0 1 0 0 0 1 0 1 
1262308404 0.38333333333333 1 0.75 0.8 0.5 0 1 0.7 0 0 1 0.7 1 
