arrived:	node1#19	1
arrived:	node1#14	1
arrived:	node3#50	1
arrived:	node3#4	1
arrived:	node1#38	1
arrived:	node3#30	1
arrived:	node1#13	1
arrived:	node3#52	1
arrived:	node3#20	1
arrived:	node3#2	1
arrived:	node3#37	1
arrived:	node3#29	1
arrived:	node1#53	1
arrived:	node1#1	1
arrived:	node1#26	1
arrived:	node3#46	1
arrived:	node1#31	1
arrived:	node3#26	1
arrived:	node3#16	1
arrived:	node3#53	1
arrived:	node1#54	1
arrived:	node1#29	1
arrived:	node1#37	1
arrived:	node3#14	1
arrived:	node1#11	1
arrived:	node3#39	1
arrived:	node3#41	1
arrived:	node3#43	1
arrived:	node1#5	1
arrived:	node1#7	1
arrived:	node3#40	1
arrived:	node3#54	1
arrived:	node1#24	1
arrived:	node1#22	1
arrived:	node1#52	1
arrived:	node1#34	1
arrived:	node3#44	1
arrived:	node1#27	1
arrived:	node1#18	1
arrived:	node3#19	1
arrived:	node3#42	1
arrived:	node1#3	1
arrived:	node1#32	1
arrived:	node3#34	1
arrived:	node1#23	1
arrived:	node3#18	1
arrived:	node1#8	1
arrived:	node3#28	1
arrived:	node1#12	1
arrived:	node3#56	1
arrived:	node3#55	1
arrived:	node1#30	1
arrived:	node3#10	1
arrived:	node3#25	1
arrived:	node3#48	1
arrived:	node1#10	1
arrived:	node3#38	1
arrived:	node3#31	1
arrived:	node1#9	1
arrived:	node1#43	1
arrived:	node1#28	1
arrived:	node3#35	1
arrived:	node1#36	1
arrived:	node1#4	1
arrived:	node3#24	1
arrived:	node3#23	1
NOTIFS:
node3	:	60	sent
node1	:	60	sent
SUBS:
on	node1
	node1	:	32	received
on	node3
	node3	:	34	received
1262304604 0 - 1 - - - - - - - - - - 
1262304704 0 - 1 - - - - - - - - - - 
1262304804 0 - 1 - - - - - - - - - - 
1262304904 0 - 1 - - - - - 1 1 1 - 1 
1262305004 0 - 1 - - - - - 1 1 1 - 1 
1262305104 0 - 1 - - - - - 1 1 1 1 1 
1262305204 0 - 1 0 - - - - 1 1 1 1 1 
1262305304 0 1 1 0 - 1 0 0 1 1 1 1 1 
1262305404 0 1 1 0 - 1 0 0 1 1 1 1 1 
1262305504 0 1 1 1 - 1 0 0.2 1 1 1 1 1 
1262305604 0 0.2 1 1 0.4 0.2 0.6 1 0.2 1 1 1 1 
1262305704 0 0.2 1 0.9 1 0.2 0.6 0.9 0.5 1 1 0.5 1 
1262305804 0 0.2 1 0.9 1 0.2 0.6 0.9 0.8 1 1 0.5 1 
1262305904 0.375 0.2 0.95833333333333 0.2 1 0 0.6 0.3 1 0.9 1 0.5 1 
1262306004 0.36 0.2 0.8 0 1 0 0.6 0.1 1 0.5 1 0.5 1 
1262306104 0.37037037037037 0.2 0.81481481481481 0 0.4 0 1 0 1 0.5 1 0.5 1 
1262306204 0.3448275862069 1 0.82758620689655 0 0.4 0 1 0 1 0.5 1 0.5 1 
1262306304 0.33333333333333 0.9 0.83333333333333 1 1 0 1 0 0.9 0.6 1 0.4 1 
1262306404 0.3125 0.9 0.84375 0.7 1 0 1 0 0.9 0.6 1 0.4 1 
1262306504 0.5 0.9 0.85294117647059 0.4 1 0.7 1 0 0.9 0.6 1 0.4 1 
1262306604 0.51428571428571 0.9 0.82857142857143 0.2 0.4 0.7 1 0 0.9 0.1 0.9 0.6 1 
1262306704 0.48648648648649 0.2 0.83783783783784 0 0.4 0.7 1 0 0.9 0.1 0.9 0.8 1 
1262306804 0.46153846153846 0 0.84615384615385 0 0.4 0.8 1 0 0.9 0 0.9 0.9 1 
1262306904 0.45 0 0.85 0 0.4 0.8 1 0 0.9 0 0.9 0.9 1 
1262307004 0.42857142857143 0.6 0.85714285714286 0 0.3 0.2 1 0 1 0 0.3 0.9 1 
1262307104 0.40909090909091 0.6 0.86363636363636 0 0.3 0.2 1 0 0.4 0.6 0.3 0.9 1 
1262307204 0.44444444444444 0.9 0.86666666666667 0.2 0 0 1 0 0.1 0.6 0.3 0.1 1 
1262307304 0.42553191489362 0.9 0.87234042553191 0.2 0 0 1 0 0.1 0.6 0.2 0.1 1 
1262307404 0.40816326530612 0 0.87755102040816 0.2 0 0.8 1 0 0.1 0.6 0.2 0.1 0.9 
1262307504 0.4 0 0.7 0.2 0 0.8 1 0 1 0.6 0.1 0.9 0.1 
1262307604 0.53846153846154 0 0.53846153846154 0.2 0 0.8 0.1 0 0.9 0.6 1 0.3 1 
1262307704 0.51851851851852 0 0.55555555555556 0.2 0 0.7 0 0 0.9 0.6 1 0.3 1 
1262307804 0.50909090909091 0 0.56363636363636 0.2 0 0 0 0 0.9 0.6 1 0.3 1 
1262307904 0.49122807017544 0 0.57894736842105 0.9 0 0 0.2 0 0.9 0.6 0.2 0.1 0.1 
1262308004 0.47457627118644 0 0.59322033898305 0.9 0 0.2 0.2 0.2 0.7 0.6 0 0.2 0 
1262308104 0.46666666666667 0 0.6 0.9 0 0.2 0.2 0.2 0.7 0.6 0 0.2 0 
1262308204 0.46666666666667 0 0.6 1 0 0.3 0.4 0.4 0.7 0.6 0 0.2 0 
1262308304 0.46666666666667 0 0.43333333333333 1 0 0.3 0.4 0.4 0.7 0.6 0 0.2 0.6 
1262308404 0.53333333333333 0 0.43333333333333 1 0 0.3 0.4 0.4 0.8 0.6 0 0.2 0.6 
