arrived:	node1#44	1
arrived:	node1#5	1
arrived:	node1#14	1
arrived:	node1#7	1
arrived:	node3#27	1
arrived:	node3#22	1
arrived:	node1#38	1
arrived:	node3#30	1
arrived:	node3#12	1
arrived:	node1#52	1
arrived:	node3#42	1
arrived:	node1#9	1
arrived:	node1#27	1
arrived:	node3#16	1
arrived:	node1#53	1
arrived:	node3#18	1
arrived:	node3#39	1
arrived:	node3#19	1
arrived:	node1#46	1
arrived:	node1#2	1
arrived:	node1#1	1
arrived:	node1#3	1
arrived:	node1#32	1
arrived:	node3#34	1
arrived:	node1#33	1
arrived:	node1#23	1
arrived:	node1#28	1
arrived:	node3#35	1
arrived:	node1#31	1
arrived:	node3#29	1
arrived:	node3#23	1
arrived:	node1#4	1
arrived:	node3#28	1
arrived:	node1#40	1
arrived:	node3#36	1
arrived:	node1#39	1
arrived:	node3#37	1
arrived:	node3#33	1
arrived:	node3#10	1
arrived:	node3#21	1
arrived:	node1#41	1
arrived:	node3#25	1
arrived:	node1#37	1
arrived:	node3#31	1
arrived:	node1#30	1
arrived:	node3#14	1
arrived:	node1#45	1
arrived:	node1#11	1
arrived:	node1#6	1
arrived:	node1#12	1
arrived:	node3#24	1
arrived:	node3#43	1
NOTIFS:
node3	:	60	sent
node1	:	60	sent
SUBS:
on	node1
	node1	:	28	received
on	node3
	node3	:	24	received
1262304604 0 - 1 - - - - - - 1 - - - 
1262304704 0 - 1 - - - - - 1 1 - - 1 
1262304804 0 - 1 - - - - - 1 1 - - 1 
1262304904 0 1 1 - - - - - 1 1 - 1 1 
1262305004 0 1 1 1 - 0 0 - 1 1 1 1 1 
1262305104 0 1 1 1 0 0 0 1 1 1 1 1 1 
1262305204 0 1 1 0.3 0 0 0.4 0.3 1 1 1 1 1 
1262305304 0 0.2 1 0.3 0.4 0.4 0.4 0.3 1 1 1 1 1 
1262305404 0 0.2 1 0.3 0.6 0.4 0.6 0.2 1 0.2 1 1 1 
1262305504 0 0.2 1 0.1 0.6 0.4 0.6 0.2 1 0.6 1 1 1 
1262305604 0.26315789473684 0.8 1 0.2 0.6 0.1 0.6 0 1 0.6 1 1 1 
1262305704 0.25 0.4 1 0.4 0.6 0.1 0 0 0.3 0.6 1 1 0.4 
1262305804 0.27272727272727 0.4 1 0.4 0.6 0.1 0 0 0.3 0.4 0.8 0.5 0.4 
1262305904 0.25 0.4 1 0.4 0.6 0.1 0 0 0.3 0.4 0.3 0.3 0.1 
1262306004 0.24 0.4 1 0.4 0.6 0.2 0 0 0.3 0.4 0.1 0.3 0.3 
1262306104 0.22222222222222 0.4 1 0.4 0.6 0.2 0 0 0.3 0.4 0.1 0.3 0.3 
1262306204 0.20689655172414 0.4 1 0.4 0.6 0.2 0 0 1 0.4 0.1 1 0.3 
1262306304 0.2 0.4 0.83333333333333 0.4 0.6 0.2 0 0 1 1 1 1 1 
1262306404 0.1875 0.4 0.84375 0.4 0.6 0.6 0 0 1 1 1 1 1 
1262306504 0.17647058823529 0.4 0.85294117647059 0.4 0.6 0.6 0.6 0 1 1 1 0.8 0.2 
1262306604 0.28571428571429 0.6 0.85714285714286 0 0.6 0.6 0.6 0 1 1 1 0.8 0 
1262306704 0.27027027027027 0.6 0.86486486486486 0 0.6 0.6 0.6 0 0.5 0.4 0.1 0.8 0.1 
1262306804 0.25641025641026 0.6 0.87179487179487 0 0.6 0.6 0.7 0 0 0 0.1 0.3 0.1 
1262306904 0.25 0.5 0.875 0.1 0.6 0.6 0.7 0 0 0 0 0 0.1 
1262307004 0.4047619047619 0.5 0.88095238095238 0.5 0.6 0.6 0 0 0 0 0 0 0.1 
1262307104 0.38636363636364 0.5 0.88636363636364 0.5 1 0.6 0 0 0 0 0 0 0.1 
1262307204 0.37777777777778 0.5 0.88888888888889 0.5 1 0.6 0 0 0 0 1 0 0.1 
1262307304 0.36170212765957 0.5 0.8936170212766 0.5 1 0.6 0 0 0 0 1 0 0.1 
1262307404 0.3469387755102 0.5 0.89795918367347 0.4 1 0.6 0.1 0 0 0 1 0 1 
1262307504 0.34 0 0.9 0.4 1 0.6 0.1 0 0 0 1 0 1 
1262307604 0.32692307692308 0 0.63461538461538 0.4 1 0.6 0.1 0 0 0 1 1 1 
1262307704 0.31481481481481 0 0.64814814814815 0.4 1 0.6 0.1 0 1 0 1 1 1 
1262307804 0.32727272727273 0 0.65454545454545 0.4 1 0.6 0 0 1 0 1 1 1 
1262307904 0.31578947368421 0 0.66666666666667 0 1 0.6 0 0 1 0 1 1 1 
1262308004 0.30508474576271 0.9 0.67796610169492 0 1 1 0 0 1 0 1 0.5 0.6 
1262308104 0.3 0.9 0.68333333333333 0.9 0.2 1 0 0 1 0 1 0.5 0.3 
1262308204 0.3 0.9 0.61666666666667 0.9 0.2 1 1 0 0.9 0.4 0.3 0.6 0.3 
1262308304 0.3 1 0.6 1 0.2 1 1 0 0.9 0.4 0.7 0.6 0.3 
1262308404 0.3 1 0.6 1 0 1 1 0 0.9 0.4 0.6 0.6 0.7 
