arrived:	node1#44	1
arrived:	node1#5	1
arrived:	node3#7	1
arrived:	node3#9	1
arrived:	node1#7	1
arrived:	node3#17	1
arrived:	node3#40	1
arrived:	node3#4	1
arrived:	node1#35	1
arrived:	node1#10	1
arrived:	node3#5	1
arrived:	node3#3	1
arrived:	node1#9	1
arrived:	node3#2	1
arrived:	node3#1	1
arrived:	node3#19	1
arrived:	node1#46	1
arrived:	node1#2	1
arrived:	node1#3	1
arrived:	node1#47	1
arrived:	node3#38	1
arrived:	node3#42	1
arrived:	node3#49	1
arrived:	node3#44	1
arrived:	node1#8	1
arrived:	node3#8	1
arrived:	node3#16	1
arrived:	node3#46	1
arrived:	node3#6	1
arrived:	node1#39	1
arrived:	node3#26	1
arrived:	node3#39	1
arrived:	node3#10	1
arrived:	node3#28	1
arrived:	node1#4	1
arrived:	node1#48	1
arrived:	node3#13	1
arrived:	node3#25	1
arrived:	node3#27	1
arrived:	node3#29	1
arrived:	node1#36	1
arrived:	node3#11	1
arrived:	node1#6	1
arrived:	node3#41	1
arrived:	node3#24	1
arrived:	node3#43	1
NOTIFS:
node3	:	60	sent
node1	:	60	sent
SUBS:
on	node1
	node1	:	16	received
on	node3
	node3	:	30	received
1262304604 0 - 1 0 - - 0 - - - - - - 
1262304704 0 - 1 0 - 0 0 - - - - - 1 
1262304804 0 - 1 0 - 0 0 - - - - - 1 
1262304904 0 - 1 0 0 0 0 0 - 1 - 0 1 
1262305004 0 0.625 1 0.71428571428571 0 0 0.14285714285714 0 1 1 1 0.71428571428571 0.71428571428571 
1262305104 0 0.5 1 0.5 0 0.5 0.14285714285714 0 1 1 1 0.5 0.5 
1262305204 0 0.5 1 0.4 0.4 0.5 0.4 0 0.4 1 0.4 0.6 0.5 
1262305304 0.28571428571429 0.7 1 0 0.4 0.2 0.4 0.4 0.4 1 0.4 0.6 0.5 
1262305404 0.26666666666667 0.7 0.66666666666667 0.2 0.9 0.1 0.5 1 0.2 0.7 0.4 0.6 1 
1262305504 0.35294117647059 0.7 0.70588235294118 0.2 0.9 0.1 0.2 1 0.1 0.7 0.1 0.5 1 
1262305604 0.31578947368421 0.7 0.73684210526316 0.2 0.9 0.5 0.2 0.9 0.1 0.7 0.1 0.5 1 
1262305704 0.3 0.5 0.75 0.5 0.7 0.5 0.3 0.5 0.1 0.7 0.1 0.5 1 
1262305804 0.40909090909091 0.3 0.63636363636364 0.5 0.7 0.5 0.3 0.1 0.1 1 0.1 0.3 0.7 
1262305904 0.375 0 0.66666666666667 0.5 0.7 0.5 0.3 0 0.1 1 0.1 0 0.7 
1262306004 0.36 0 0.64 0.5 0.2 0.5 0.3 0 0.1 1 0.1 0.7 0.4 
1262306104 0.33333333333333 0 0.66666666666667 0.5 0.2 0.5 0.3 0 0.1 1 0.1 0.7 0.4 
1262306204 0.31034482758621 0 0.68965517241379 0.5 0.2 0.5 0 0 0 1 0.1 0.7 0.4 
1262306304 0.3 0 0.7 0.5 0.2 0.1 0 0 0.1 0.9 0 0.8 0.4 
1262306404 0.28125 0 0.71875 0.5 0 0 0 0 0.1 0.9 0 0.8 0.4 
1262306504 0.26470588235294 0 0.70588235294118 0.5 0 0 0 0 0.4 0.7 0 1 0.8 
1262306604 0.25714285714286 0 0.65714285714286 0.5 0 0 0 0 0.5 0.7 0 1 0.9 
1262306704 0.24324324324324 0 0.67567567567568 0.5 0 0 0 0 0.6 0.7 0 0.2 0.1 
1262306804 0.23076923076923 0 0.69230769230769 0.5 0 0 0 0 0.6 0.1 0 0 0.1 
1262306904 0.225 0 0.475 0.5 0 0 0 0 0.6 0 0 0 0.8 
1262307004 0.21428571428571 0 0.5 0.6 0 0 0 0.1 0.6 0 0 0 1 
1262307104 0.20454545454545 0 0.52272727272727 0.6 0 0 0 0.1 0.6 0 0 0 1 
1262307204 0.2 0 0.53333333333333 0.6 0 0 0 0.1 0.6 1 0 0 1 
1262307304 0.19148936170213 0 0.48936170212766 0.6 0 0 0.1 0.1 0.6 0.7 0 0.8 1 
1262307404 0.20408163265306 0 0.48979591836735 0.6 0.1 0 0.1 0 0.8 0.6 0 1 0.6 
1262307504 0.2 0.6 0.5 0.6 0.1 0 0.7 0 0.8 0.6 0 1 0.6 
1262307604 0.19230769230769 0.5 0.51923076923077 0.6 0.1 0 0.7 0.6 0.8 0.6 0 1 0.6 
1262307704 0.18518518518519 0.5 0.53703703703704 0.6 0.1 0 0.7 0.6 0.8 0.6 0 1 0.6 
1262307804 0.29090909090909 0.5 0.54545454545455 1 0.3 0 0 0.6 0.8 0.6 0 1 0.6 
1262307904 0.28070175438596 0.5 0.56140350877193 1 0.3 0 0 0.6 0.8 0.6 0 0.8 0.3 
1262308004 0.27118644067797 0.5 0.57627118644068 1 0.6 0 0 0.6 0.8 0.4 0 0.8 0.3 
1262308104 0.26666666666667 0.5 0.58333333333333 1 0.4 0 0 0.4 0.9 1 1 1 0.3 
1262308204 0.26666666666667 0 0.5 1 0.4 0 0 0.4 0.9 0.7 1 0.7 0.3 
1262308304 0.26666666666667 0.2 0.5 1 0.6 0 0 0.4 0.9 0.7 1 0.7 0.3 
1262308404 0.26666666666667 0.2 0.5 1 0.6 0 0 0 0.9 0.7 1 0.7 0.3 
