arrived:	node1#19	1
arrived:	node3#59	1
arrived:	node3#51	1
arrived:	node1#30	1
arrived:	node3#17	1
arrived:	node3#40	1
arrived:	node3#27	1
arrived:	node3#54	1
arrived:	node3#15	1
arrived:	node3#30	1
arrived:	node1#22	1
arrived:	node1#52	1
arrived:	node3#49	1
arrived:	node3#56	1
arrived:	node3#53	1
arrived:	node3#20	1
arrived:	node3#14	1
arrived:	node3#57	1
arrived:	node3#48	1
arrived:	node1#18	1
arrived:	node3#55	1
arrived:	node3#19	1
arrived:	node3#29	1
arrived:	node1#53	1
arrived:	node1#21	1
arrived:	node3#44	1
arrived:	node1#26	1
arrived:	node3#34	1
arrived:	node1#50	1
arrived:	node1#56	1
arrived:	node3#18	1
arrived:	node3#38	1
arrived:	node3#36	1
arrived:	node1#55	1
arrived:	node3#28	1
arrived:	node3#8	1
arrived:	node3#16	1
arrived:	node1#49	1
arrived:	node3#32	1
arrived:	node1#28	1
arrived:	node3#25	1
arrived:	node3#33	1
arrived:	node3#10	1
arrived:	node1#54	1
arrived:	node1#47	1
arrived:	node1#29	1
arrived:	node3#35	1
arrived:	node3#31	1
arrived:	node3#21	1
arrived:	node1#20	1
arrived:	node1#48	1
arrived:	node3#6	1
arrived:	node3#47	1
arrived:	node3#58	1
arrived:	node1#23	1
arrived:	node3#43	1
NOTIFS:
node3	:	60	sent
node1	:	60	sent
SUBS:
on	node1
	node1	:	19	received
on	node3
	node3	:	37	received
1262304604 0 - 1 - - - - - - - - - - 
1262304704 0 - 1 - - - - - - - - - - 
1262304804 0 - 1 - - - - - - 1 - - - 
1262304904 0 - 1 - - - - - 1 1 1 - 1 
1262305004 0 1 1 - - - - - 1 1 1 - 1 
1262305104 0 1 1 - - - 1 - 1 1 1 1 1 
1262305204 0 1 1 1 0 0 1 0 1 1 1 1 1 
1262305304 0 1 1 1 0 0 1 0 1 1 1 1 1 
1262305404 0 0 1 0.2 0 0 0 0 0 1 0.2 0 1 
1262305504 0 0 1 0 0 0 0 0 0 1 0 0 0 
1262305604 0 0 1 0 0 0 0 0 0 1 0 0 0 
1262305704 0 0 1 0 0 0 0 0 0 1 0 0 0 
1262305804 0 0.6 1 0 0 0 0 0 0 1 0.6 0 0 
1262305904 0 0.6 1 0 0 0 0 0 0 1 0.6 0 0 
1262306004 0 0 0.88 0 0 0 0 0 0 0.6 1 0 0 
1262306104 0 0 0.88888888888889 0 0 0 0 0 0 0.6 1 0 0 
1262306204 0 0 0.75862068965517 0 0 0 0 0 1 1 1 0 0 
1262306304 0 0 0.63333333333333 0 0 0 0 0 0.9 0.7 1 0.5 0 
1262306404 0 1 0.65625 0 0 0 0 0 0.9 0.7 1 0.5 0 
1262306504 0 1 0.67647058823529 0 0 0 0 0 0.9 0.7 1 0.5 0 
1262306604 0 0.3 0.68571428571429 0 0 0.5 0 0 0.9 0.7 1 0.5 0 
1262306704 0 0.3 0.7027027027027 0 0 1 0 0 0.9 0 1 0.5 0 
1262306804 0 0.2 0.71794871794872 0 0.3 0.5 0.8 0 0.9 0 1 0.5 0 
1262306904 0 0.2 0.725 0 0.3 0.5 0.8 0 1 0 1 1 0 
1262307004 0 0.5 0.73809523809524 0 0.3 0.5 0.8 0 1 0 1 1 0 
1262307104 0.11363636363636 0.5 0.54545454545455 0 0.8 0 0.8 0 1 0.3 1 0.1 0 
1262307204 0.22222222222222 0.5 0.55555555555556 0.8 0.8 0.1 0.8 0.9 1 0.4 1 0.2 0 
1262307304 0.21276595744681 0.5 0.57446808510638 0.8 0.2 0.3 0.7 0.8 1 0.5 1 0.3 0 
1262307404 0.20408163265306 0.8 0.59183673469388 0.8 0.2 0.3 0.7 0.8 1 0.5 1 0.3 0 
1262307504 0.2 0.6 0.6 1 0.6 0.5 0.7 1 1 0.5 1 0.3 0 
1262307604 0.19230769230769 0.6 0.61538461538462 1 0.9 0.9 0.7 1 1 0.5 1 0.3 0 
1262307704 0.18518518518519 0.6 0.61111111111111 1 0.9 0.9 0.7 1 1 0.9 1 0.3 0 
1262307804 0.18181818181818 0.5 0.50909090909091 1 0.9 0.9 0.7 1 0.7 0.5 1 0.9 0 
1262307904 0.17543859649123 0.5 0.52631578947368 1 0.9 0.8 0 0 0.7 0.5 1 0.9 0 
1262308004 0.16949152542373 0.5 0.54237288135593 1 0.9 0.8 0 0 0.7 0.5 1 0.9 0 
1262308104 0.16666666666667 0.5 0.55 1 0 0.9 0 0 0.6 0.5 1 0.9 0 
1262308204 0.16666666666667 0.5 0.55 1 1 0.9 0.9 0 0.6 0 1 0.9 0 
1262308304 0.16666666666667 0.5 0.55 1 1 0.6 0.9 0 0.1 0 0 0.9 0 
1262308404 0.16666666666667 0.5 0.55 1 0.9 0.6 0.9 0.8 0.1 0 0 0.9 0 
