arrived:	node1#19	1
arrived:	node3#7	1
arrived:	node3#9	1
arrived:	node1#14	1
arrived:	node1#30	1
arrived:	node3#4	1
arrived:	node1#42	1
arrived:	node1#21	1
arrived:	node1#52	1
arrived:	node3#5	1
arrived:	node1#9	1
arrived:	node1#43	1
arrived:	node1#1	1
arrived:	node1#3	1
arrived:	node1#47	1
arrived:	node1#50	1
arrived:	node3#18	1
arrived:	node1#31	1
arrived:	node3#8	1
arrived:	node1#12	1
arrived:	node1#39	1
arrived:	node1#16	1
arrived:	node3#10	1
arrived:	node1#45	1
arrived:	node3#11	1
arrived:	node1#29	1
arrived:	node3#13	1
arrived:	node1#51	1
arrived:	node1#48	1
arrived:	node1#20	1
arrived:	node1#13	1
arrived:	node1#11	1
arrived:	node3#23	1
arrived:	node1#17	1
arrived:	node1#53	1
arrived:	node1#22	1
NOTIFS:
node3	:	60	sent
node1	:	60	sent
SUBS:
on	node1
	node1	:	26	received
on	node3
	node3	:	10	received
1262304604 0 - 1 - - - - - - - - - - 
1262304704 0 - 1 - - - - - - - - - - 
1262304804 0 - 1 - - - - - - - - 1 - 
1262304904 0 - 1 - - 0 0 - - 1 - 1 - 
1262305004 0 - 1 - - 0 0 - 1 1 - 1 - 
1262305104 0 - 1 - - 0 0 1 1 1 1 1 1 
1262305204 0 0.33333333333333 1 0 0.7 0.6 0.7 0.3 1 1 0.5 1 1 
1262305304 0 0.6 1 0 0.6 0.7 0.7 0 1 1 0.1 1 1 
1262305404 0 0.3 0.93333333333333 0 0.3 0.7 0.7 0 0.9 0.875 0 1 1 
1262305504 0 0.3 0.94117647058824 0 0 0.5 0.2 0 1 0.9 0 0.9 0.9 
1262305604 0.10526315789474 0.1 0.73684210526316 0 0 0.5 0 0 1 0.9 1 0.5 0.9 
1262305704 0.1 0.4 0.75 0.4 0.4 0.3 0 0 1 1 1 0.5 0.1 
1262305804 0.090909090909091 0.4 0.77272727272727 0.4 0.4 0 0 0 1 0.2 1 0.5 0.7 
1262305904 0.083333333333333 0.5 0.79166666666667 0.4 0.4 0 0.4 0 1 0.1 1 0.3 0.7 
1262306004 0.24 1 0.72 0.4 0.1 0 0.5 0 1 0.1 0.8 0.3 0.7 
1262306104 0.22222222222222 1 0.74074074074074 0.5 0 0.6 0.5 0 1 0 0.8 0.3 0.8 
1262306204 0.20689655172414 1 0.75862068965517 0.5 0 0.6 1 0 1 0.4 0.8 0.3 0.8 
1262306304 0.2 1 0.76666666666667 0.5 0 0.6 1 0 1 0.4 0.9 0.3 0.4 
1262306404 0.25 1 0.78125 0.9 1 0.6 0.6 0 1 0.4 0.9 0.3 0.4 
1262306504 0.38235294117647 1 0.79411764705882 0.9 1 1 0 0 1 0.4 0.9 0.3 0.8 
1262306604 0.37142857142857 0.9 0.74285714285714 0.9 1 1 0 0 0.9 0.9 0.8 0.2 1 
1262306704 0.35135135135135 0.9 0.75675675675676 0.9 1 1 0 0 0.9 0.9 0 0.2 1 
1262306804 0.33333333333333 0.9 0.76923076923077 0.9 1 1 0 0 0 0.9 0 0.2 1 
1262306904 0.4 0.9 0.775 0.1 0 1 0 0.9 0 1 0 0.2 1 
1262307004 0.38095238095238 0 0.78571428571429 0 0 1 0 0.9 0 1 0 0.2 1 
1262307104 0.36363636363636 0 0.79545454545455 0 0 1 0 0.9 0 1 0 0.2 1 
1262307204 0.35555555555556 0 0.8 0 0 1 0 0.9 0 1 1 0.2 1 
1262307304 0.34042553191489 0 0.80851063829787 0 0 1 0 0 0 1 1 0.2 1 
1262307404 0.3265306122449 0 0.81632653061224 0 0 1 0 0 0 1 1 0.1 1 
1262307504 0.32 1 0.8 0 0.3 1 1 0 1 0.9 1 0.1 1 
1262307604 0.30769230769231 0.3 0.80769230769231 0 0.4 1 1 0 1 0.9 1 0.1 1 
1262307704 0.2962962962963 0.3 0.81481481481481 0 0.5 1 1 0 1 0.9 1 0.1 1 
1262307804 0.29090909090909 0.3 0.81818181818182 0 0.5 1 1 1 1 0.9 1 0.1 1 
1262307904 0.28070175438596 0.3 0.82456140350877 0 0.5 1 1 1 1 0.9 1 0.1 1 
1262308004 0.27118644067797 0.7 0.83050847457627 0 0.5 1 1 1 1 0.3 1 0.1 1 
1262308104 0.26666666666667 0.7 0.83333333333333 0 0.5 1 1 1 1 0.3 0.3 0.1 1 
1262308204 0.26666666666667 0.7 0.83333333333333 0.4 0.4 1 1 1 0.3 0.3 0.3 0.1 1 
1262308304 0.43333333333333 1 0.83333333333333 0.4 0 1 0 1 0.3 0.3 0.3 0.1 1 
1262308404 0.43333333333333 1 0.83333333333333 0.4 0 1 0 0.1 0.3 0.3 0.3 0.1 1 
