arrived:	node1#19	1
arrived:	node1#5	1
arrived:	node3#7	1
arrived:	node3#9	1
arrived:	node3#51	1
arrived:	node1#30	1
arrived:	node3#40	1
arrived:	node3#4	1
arrived:	node3#22	1
arrived:	node3#15	1
arrived:	node1#24	1
arrived:	node3#12	1
arrived:	node1#15	1
arrived:	node3#5	1
arrived:	node3#3	1
arrived:	node3#2	1
arrived:	node3#1	1
arrived:	node3#6	1
arrived:	node1#32	1
arrived:	node3#46	1
arrived:	node1#21	1
arrived:	node1#28	1
arrived:	node3#49	1
arrived:	node3#36	1
arrived:	node3#45	1
arrived:	node1#22	1
arrived:	node3#8	1
arrived:	node3#16	1
arrived:	node1#12	1
arrived:	node3#48	1
arrived:	node3#32	1
arrived:	node3#26	1
arrived:	node1#16	1
arrived:	node3#10	1
arrived:	node3#35	1
arrived:	node3#31	1
arrived:	node1#29	1
arrived:	node3#13	1
arrived:	node1#51	1
arrived:	node1#26	1
arrived:	node1#20	1
arrived:	node3#30	1
arrived:	node3#11	1
arrived:	node3#39	1
arrived:	node3#41	1
arrived:	node3#24	1
arrived:	node3#43	1
NOTIFS:
node3	:	60	sent
node1	:	60	sent
SUBS:
on	node1
	node1	:	15	received
on	node3
	node3	:	32	received
1262304604 0 - 1 - - - 0 - - - - - - 
1262304704 0 - 1 - 0 0 0 0 - - - - - 
1262304804 0 - 1 0 0 0 0 0 - - - - - 
1262304904 0 - 1 0 0 0 0 0 - - - - - 
1262305004 0 0 1 0 0 0 0 0 0 0 0 - 0 
1262305104 0 0 1 0 0 0 0 0 0 0 0 - 0 
1262305204 0 0 0.83333333333333 0 0 0 0 0 0 0 0 - 0 
1262305304 0 0 0.85714285714286 0 0 0 0 0 0 0 0 0 0.7 
1262305404 0 0 0.73333333333333 0 0 0 0 0 0.8 0 0 0 0.8 
1262305504 0 0 0.76470588235294 0 0 0 0 0 0.8 0 0 0 0.2 
1262305604 0 0.2 0.73684210526316 0 0 0 0 0 1 0.5 0 0 0.2 
1262305704 0 0.2 0.75 0.2 0 0 0 0 1 0.5 0 0 0.2 
1262305804 0 0.4 0.77272727272727 0.4 0 0.4 0 0 1 0 0 0 0.2 
1262305904 0 0.4 0.79166666666667 0.4 0 0.4 0 0 1 0 0 0 0.2 
1262306004 0.04 0.4 0.8 0 0.2 0.4 0 0 1 0 0 0 0.2 
1262306104 0.14814814814815 0.4 0.51851851851852 0 0.4 0.4 0 0 1 0 0 1 1 
1262306204 0.13793103448276 0.4 0.55172413793103 0 0.4 0.4 0 0 1 0 0 1 1 
1262306304 0.13333333333333 0.4 0.56666666666667 0 0.4 0.4 0 0 1 0 0 1 1 
1262306404 0.125 0 0.59375 0 0.4 0.4 0 0 0.7 0 0 1 1 
1262306504 0.11764705882353 0 0.61764705882353 1 0.4 0.4 0 0 0.7 0 0 1 0 
1262306604 0.11428571428571 0.9 0.62857142857143 1 0.3 1 0 0 0.7 0 0 1 0 
1262306704 0.10810810810811 0.9 0.64864864864865 0.8 0.3 1 0 0 0.7 0 0 1 0 
1262306804 0.1025641025641 0.7 0.66666666666667 0.6 0.8 1 0 0.8 0.2 0 0 1 0.5 
1262306904 0.1 0.5 0.675 0.6 0.8 1 0 1 0 0 0 1 0.5 
1262307004 0.095238095238095 0.5 0.69047619047619 0.6 0.8 1 0 1 0 0 0 0 0.5 
1262307104 0.090909090909091 0.5 0.59090909090909 0.6 0.8 1 0 1 0 0 0.6 0 0.8 
1262307204 0.088888888888889 0.5 0.53333333333333 0.6 0.8 1 0 1 1 0 0.7 0.2 1 
1262307304 0.085106382978723 0.5 0.5531914893617 0.6 0.8 1 0 1 1 0 0.8 0.7 1 
1262307404 0.081632653061224 0.5 0.55102040816327 0.6 0.8 1 0 1 1 0 0.8 0.7 1 
1262307504 0.08 0.5 0.56 0 0 1 0 1 1 0 0.8 1 1 
1262307604 0.076923076923077 1 0.57692307692308 0 0 1 0 1 1 0 0.8 1 1 
1262307704 0.074074074074074 0.1 0.59259259259259 0 0.2 1 0 0.1 0.1 0 0.8 1 0.1 
1262307804 0.072727272727273 0.1 0.6 0 0.2 1 0 0.1 0 0 0 1 0.1 
1262307904 0.070175438596491 0.1 0.6140350877193 0 0.2 1 0 0.1 0 0 0 1 0.1 
1262308004 0.067796610169492 0.1 0.45762711864407 0.1 0.2 1 0 0.1 0 0 0.8 1 0.1 
1262308104 0.066666666666667 0.1 0.46666666666667 0.1 0.2 1 0 0.1 0 0 0.9 1 0.9 
1262308204 0.083333333333333 0.1 0.46666666666667 0.1 0.2 1 0 0.1 0 0 0.9 1 0.9 
1262308304 0.23333333333333 0.1 0.46666666666667 0.1 0.2 1 0 0.1 0 0 0.9 1 0.9 
1262308404 0.25 0.1 0.46666666666667 0.1 0.2 1 0 0.1 0 0 0.9 1 0.9 
