arrived:	node1#19	1
arrived:	node3#25	1
arrived:	node3#4	1
arrived:	node3#22	1
arrived:	node1#13	1
arrived:	node1#15	1
arrived:	node3#5	1
arrived:	node1#9	1
arrived:	node1#49	1
arrived:	node3#37	1
arrived:	node3#29	1
arrived:	node1#43	1
arrived:	node1#1	1
arrived:	node1#47	1
arrived:	node1#33	1
arrived:	node1#31	1
arrived:	node1#4	1
arrived:	node3#16	1
arrived:	node1#16	1
arrived:	node1#54	1
arrived:	node1#29	1
arrived:	node1#37	1
arrived:	node1#51	1
arrived:	node1#20	1
arrived:	node1#11	1
arrived:	node3#39	1
arrived:	node1#17	1
arrived:	node1#44	1
arrived:	node3#40	1
arrived:	node3#27	1
arrived:	node1#42	1
arrived:	node3#15	1
arrived:	node1#24	1
arrived:	node1#22	1
arrived:	node1#10	1
arrived:	node3#44	1
arrived:	node1#27	1
arrived:	node1#18	1
arrived:	node1#25	1
arrived:	node1#46	1
arrived:	node1#2	1
arrived:	node1#3	1
arrived:	node3#38	1
arrived:	node1#50	1
arrived:	node1#23	1
arrived:	node1#28	1
arrived:	node3#36	1
arrived:	node3#28	1
arrived:	node1#12	1
arrived:	node3#57	1
arrived:	node1#26	1
arrived:	node3#34	1
arrived:	node3#10	1
arrived:	node3#35	1
arrived:	node1#30	1
arrived:	node1#48	1
arrived:	node1#52	1
arrived:	node1#21	1
arrived:	node3#6	1
arrived:	node3#11	1
arrived:	node3#13	1
arrived:	node1#45	1
arrived:	node1#36	1
arrived:	node3#58	1
arrived:	node3#12	1
arrived:	node1#53	1
NOTIFS:
node3	:	60	sent
node1	:	60	sent
SUBS:
on	node1
	node1	:	42	received
on	node3
	node3	:	24	received
1262304604 0 - 1 - - - - - - - - - - 
1262304704 0 - 1 - - - - - 1 - - - - 
1262304804 0 - 1 - - - - - 1 - - - - 
1262304904 0 - 1 - - - - - 1 1 - 1 - 
1262305004 0 - 1 - - - - - 1 1 - 1 - 
1262305104 0 1 1 - - 0 - - 1 1 1 1 1 
1262305204 0 1 1 1 0 0 1 0 1 1 1 1 1 
1262305304 0 0.4 1 0.4 0 0.7 1 0 1 1 1 1 1 
1262305404 0 0.4 1 0.4 0 0.7 0.4 0 1 1 1 1 1 
1262305504 0 0.4 1 0 0.5 0.7 0 0.2 1 1 0.5 1 1 
1262305604 0 0.2 1 0 0.5 0.7 0 0.2 1 1 0.3 1 1 
1262305704 0 0.8 1 0 0.5 0.7 0 0.2 1 1 0.3 1 0.9 
1262305804 0 0.8 0.68181818181818 0 0.5 0.3 0 0.5 1 1 1 1 0.9 
1262305904 0.125 0.7 0.70833333333333 0 0.8 0 0.8 1 1 1 1 1 0.9 
1262306004 0.12 0.8 0.72 0 1 0 1 1 1 1 1 0.9 1 
1262306104 0.11111111111111 0.8 0.74074074074074 1 1 0 1 1 1 1 0.9 0.9 1 
1262306204 0.13793103448276 0.8 0.75862068965517 1 0 0 1 1 1 1 0.8 0.9 1 
1262306304 0.13333333333333 0.8 0.76666666666667 1 0 1 1 1 1 1 0.8 0.9 1 
1262306404 0.125 0.8 0.78125 1 0.1 1 1 1 1 1 0.8 0.9 1 
1262306504 0.35294117647059 0.8 0.79411764705882 0.5 0.1 1 1 0.5 1 1 0.8 0.9 1 
1262306604 0.4 0.1 0.8 0 0.1 1 1 0.3 0.1 0.1 0 0.9 1 
1262306704 0.37837837837838 0.1 0.81081081081081 0.3 0.1 1 1 0.3 0.1 0.1 0 0.9 1 
1262306804 0.48717948717949 0.1 0.82051282051282 0.3 0.1 1 1 0.1 0.1 0.1 0 0 1 
1262306904 0.475 0 0.825 0.3 0.2 1 1 0.1 0 0 0 0 1 
1262307004 0.45238095238095 0 0.83333333333333 0.3 0.2 1 1 0.1 0 0 0 0 1 
1262307104 0.43181818181818 0 0.72727272727273 0.3 0.2 1 1 0.1 0 0 1 1 1 
1262307204 0.42222222222222 0 0.73333333333333 0.3 0.2 1 1 0.1 0 0 1 1 1 
1262307304 0.40425531914894 0 0.74468085106383 0.3 0.2 1 1 0.1 0 0 0.8 1 1 
1262307404 0.38775510204082 1 0.75510204081633 0 0 1 1 0.3 0 0 0.8 1 1 
1262307504 0.38 1 0.76 0 0 1 1 0.6 0 0 0.3 0.5 1 
1262307604 0.36538461538462 1 0.76923076923077 0.6 0.6 1 1 0.4 0 0 0.4 0.5 1 
1262307704 0.35185185185185 1 0.68518518518519 0.6 1 1 1 0.4 0 0 0.4 0.8 1 
1262307804 0.49090909090909 1 0.61818181818182 0.6 1 1 1 0.4 0 0 0.4 0.8 1 
1262307904 0.50877192982456 1 0.63157894736842 0.6 1 1 1 0 0 0 0.4 0.8 1 
1262308004 0.49152542372881 1 0.64406779661017 0.3 1 1 1 0 0 0 0.4 0.8 1 
1262308104 0.63333333333333 1 0.65 0.3 0.1 1 1 0 0 0 0.8 0.8 1 
1262308204 0.63333333333333 1 0.65 0.3 0.1 1 1 0.8 0 0 0.8 0.7 1 
1262308304 0.63333333333333 0.5 0.65 0.7 0.1 1 1 0.8 0 0 0.8 0.7 1 
1262308404 0.63333333333333 0.5 0.65 0.7 0.4 1 1 0.8 0 0 0.7 0.7 1 
