arrived:	node1#19	1
arrived:	node1#3	1
arrived:	node1#47	1
arrived:	node1#50	1
arrived:	node1#23	1
arrived:	node1#28	1
arrived:	node3#40	1
arrived:	node1#8	1
arrived:	node1#38	1
arrived:	node1#40	1
arrived:	node3#15	1
arrived:	node1#21	1
arrived:	node1#48	1
arrived:	node1#51	1
arrived:	node1#30	1
arrived:	node1#20	1
arrived:	node3#2	1
arrived:	node1#49	1
arrived:	node3#12	1
arrived:	node1#25	1
arrived:	node1#46	1
arrived:	node3#6	1
NOTIFS:
node3	:	60	sent
node1	:	60	sent
SUBS:
on	node1
	node1	:	17	received
on	node3
	node3	:	5	received
1262304604 0 - 1 - - - - - - - - - - 
1262304704 0 - 1 - - - - - - - - - - 
1262304804 0 - 1 - - - - - - - - - - 
1262304904 0 - 1 - - - - - - - - - - 
1262305004 0 - 1 - - - - - - - - - - 
1262305104 0 - 1 - - - 0 - - - - - - 
1262305204 0 - 1 - - - 0 - - - - - - 
1262305304 0 - 1 - 0 - 0 - - - - - - 
1262305404 0 - 1 - 0 - 0 - - - - - - 
1262305504 0 - 1 0 0 0 0 - - - - - - 
1262305604 0 - 1 0 0 0 0 - 1 - - - - 
1262305704 0 0 1 0 0 0 0 0 1 1 1 1 - 
1262305804 0 0 1 0 0 0 0 0 1 1 1 1 1 
1262305904 0 0 1 0 0 0 0 0 1 1 1 1 1 
1262306004 0 0 1 0 0 0 0 0 1 1 1 1 1 
1262306104 0 0.5 1 0 0 0 0 0 0.3 1 1 1 1 
1262306204 0 0.5 1 0 0 0 0 0 0.3 0.4 0.4 0.3 1 
1262306304 0 0.5 1 0 0 0 0.4 0 0.3 0.3 0.3 0.3 1 
1262306404 0 0 0.875 0 0 0 0.5 0 0.3 1 0.3 0.3 1 
1262306504 0 0 0.88235294117647 0 0 0 0.5 0 1 1 1 0.1 0 
1262306604 0 0 0.88571428571429 0 0 0 0.5 0 1 1 1 0 0 
1262306704 0 1 0.89189189189189 0 0 0 0.5 0 1 1 1 1 0 
1262306804 0.12820512820513 1 0.8974358974359 0 0 0 0 0 1 1 1 1 0 
1262306904 0.125 1 0.9 0 0 0.5 0 0 1 0.4 1 1 0 
1262307004 0.11904761904762 1 0.9047619047619 0 0 0.5 0 0 0 0.4 1 1 0 
1262307104 0.11363636363636 1 0.90909090909091 0.8 0 0.5 0.6 0 0 0.4 1 1 0 
1262307204 0.11111111111111 1 0.91111111111111 0.8 0.5 0.5 1 0 0.7 0.9 1 1 0 
1262307304 0.1063829787234 1 0.91489361702128 0.8 0.5 0.5 1 0 0.8 1 1 1 0 
1262307404 0.10204081632653 1 0.91836734693878 0.8 0.5 0.5 1 0 0.8 1 1 1 0 
1262307504 0.16 1 0.92 0 0.5 0.4 0.1 0 0.8 1 1 1 0 
1262307604 0.17307692307692 1 0.90384615384615 0.1 0.3 0 0 0 0.8 0.9 1 1 0.1 
1262307704 0.16666666666667 1 0.90740740740741 0.1 0.3 0 0 0 0.9 0.9 1 1 0.1 
1262307804 0.16363636363636 1 0.90909090909091 0.1 0.3 0 0 0 0.9 0.9 1 1 0.1 
1262307904 0.15789473684211 1 0.91228070175439 0.1 0.3 0 0 0 0.9 0.9 1 1 0.1 
1262308004 0.15254237288136 1 0.91525423728814 0.1 0.3 0.8 0 0 0.8 0.9 1 1 0.1 
1262308104 0.15 1 0.91666666666667 0.1 1 0.8 0 0 0.6 0.4 0 1 0 
1262308204 0.15 1 0.91666666666667 0.1 1 0.8 0 0 0.6 0 0 1 0 
1262308304 0.15 1 0.91666666666667 0.1 1 0.8 0 0 0.6 0 0 1 0 
1262308404 0.28333333333333 1 0.91666666666667 0.8 0.8 0.6 0 0 0.6 0 0 1 0 
