arrived:	node3#45	1
arrived:	node3#32	1
arrived:	node3#17	1
arrived:	node3#40	1
arrived:	node3#27	1
arrived:	node3#22	1
arrived:	node3#30	1
arrived:	node3#5	1
arrived:	node3#3	1
arrived:	node3#20	1
arrived:	node3#2	1
arrived:	node1#49	1
arrived:	node3#37	1
arrived:	node3#29	1
arrived:	node3#6	1
arrived:	node1#47	1
arrived:	node3#38	1
arrived:	node1#33	1
arrived:	node1#31	1
arrived:	node3#28	1
arrived:	node3#42	1
arrived:	node3#47	1
arrived:	node3#44	1
arrived:	node3#46	1
arrived:	node3#33	1
arrived:	node3#48	1
arrived:	node3#19	1
arrived:	node1#35	1
arrived:	node1#48	1
arrived:	node3#35	1
arrived:	node3#31	1
arrived:	node3#25	1
arrived:	node1#32	1
arrived:	node3#34	1
arrived:	node3#11	1
arrived:	node1#36	1
arrived:	node3#39	1
arrived:	node3#24	1
arrived:	node3#23	1
NOTIFS:
node3	:	60	sent
node1	:	60	sent
SUBS:
on	node1
	node1	:	8	received
on	node3
	node3	:	31	received
1262304604 0 - 1 - - - - - - - - - - 
1262304704 0 - 1 - - - - - - - - - - 
1262304804 0 - 1 - - - - - - - - - - 
1262304904 0 - 1 - - - - - - - - - - 
1262305004 0 - 1 - - - - - - - - - - 
1262305104 0 - 1 - - - - - 1 1 - - 1 
1262305204 0 - 1 - - - - - 1 1 - 1 1 
1262305304 0 1 1 - - - - - 1 1 1 1 1 
1262305404 0 1 1 1 0 0 - 0 1 1 1 1 1 
1262305504 0 1 1 1 0 0 0 0 1 1 1 1 1 
1262305604 0 1 1 1 0 0 0 0 1 1 1 1 1 
1262305704 0 0 1 0 0 0 0 0 1 1 0 0.6 1 
1262305804 0 0 1 0 0 0 0 0 1 1 0 0.6 0.6 
1262305904 0 0 0.83333333333333 0 0 0 0 0 0.6 1 0 0.7 0 
1262306004 0 0 0.84 0 0 0 0 0 0 1 0 0.8 0 
1262306104 0 0 0.85185185185185 0 0 0 0 0 0 1 0 0.9 0 
1262306204 0 0 0.86206896551724 0 0 0 0 0 0 1 0 0.4 0.6 
1262306304 0 0 0.86666666666667 0 0 0 0 0 0 1 0 0 1 
1262306404 0 0 0.875 0 0 0 0 0 0 0 0 0 1 
1262306504 0 0 0.88235294117647 0 0 0 0 0 0 0 0 0 1 
1262306604 0 0 0.88571428571429 0 0 0 0 0 0 0.5 0 0.2 0.2 
1262306704 0 0 0.67567567567568 0 0 0 0 0 0 0.5 0 1 0.2 
1262306804 0 0.5 0.69230769230769 0 0 0.5 0.5 0 0 0.5 0 1 0.2 
1262306904 0 0.5 0.575 0 0 0.5 0.5 0 0.3 0.5 0.7 0.8 0.2 
1262307004 0 0.9 0.5952380952381 0 0 0.5 0.5 0 0.5 0.5 0.6 0.8 0.5 
1262307104 0 0.4 0.61363636363636 0 0 0.4 0.5 1 0.7 0 0.6 0.4 0.5 
1262307204 0 0.4 0.62222222222222 0 0 0.4 0.5 1 0.7 0 0.2 0.4 0.5 
1262307304 0.085106382978723 0.4 0.51063829787234 0 0.4 0.4 0 1 0.4 0 0.3 1 0.5 
1262307404 0.10204081632653 0.4 0.48979591836735 0 0.5 0 0.1 1 0.4 0 0.3 1 0.5 
1262307504 0.1 0.4 0.5 0 0.5 0 0.1 1 0.5 0 0.3 1 0.5 
1262307604 0.096153846153846 0.4 0.51923076923077 0 0.5 0.3 0.4 0.3 0.5 0 0.3 1 0.5 
1262307704 0.092592592592593 0.4 0.53703703703704 0 1 0.7 0.4 0.1 0.2 0 0.5 1 0.5 
1262307804 0.090909090909091 0.4 0.54545454545455 0 1 0.7 0.8 0.1 0.2 0 0.5 1 0.5 
1262307904 0.14035087719298 0.4 0.56140350877193 0 1 0 0.8 0.3 0.2 0 0.5 1 0.5 
1262308004 0.13559322033898 0.4 0.57627118644068 0 0.3 0 0.8 0.4 0.2 0 0.5 1 0.5 
1262308104 0.13333333333333 0.4 0.48333333333333 0 0 0 0.8 0.4 0.5 0 0.5 0.4 0.5 
1262308204 0.13333333333333 0.4 0.48333333333333 0 0 0 0.4 0.4 1 0 0.5 0.4 0.5 
1262308304 0.13333333333333 0.4 0.48333333333333 0 0 0 0.4 0.4 1 0 0.5 0.4 0.5 
1262308404 0.13333333333333 0.2 0.48333333333333 0 0 0 0.4 0.4 1 0 0.5 0.4 0.5 
