NOTIFS:
node3	:	60	sent
node1	:	60	sent
SUBS:
on	node1
	node1	:	0	received
on	node3
	node3	:	0	received
1262304604 0 - 1 - 0 0 - - - - - - - 
1262304704 0 - 1 0 0 0 0 - - - - 1 - 
1262304804 0 - 1 0 0 0 0 0 - - 1 1 0 
1262304904 0 0 1 0 0 0 0 0 1 0 1 1 0 
1262305000 0 0 1 0 0 0 0 0 1 0 1 1 0 
1262305004 0 0.71428571428571 1 0 0 0 0.66666666666667 0 1 0.83333333333333 1 1 0 
1262305100 0 0.71428571428571 1 0 0 0 0.66666666666667 0 1 0.83333333333333 1 1 0 
1262305104 0 0.71428571428571 1 0.5 0 0 0.36363636363636 0 1 0.83333333333333 0.55555555555556 1 0 
1262305200 0 0.71428571428571 1 0.5 0 0 0.36363636363636 0 1 0.83333333333333 0.55555555555556 1 0 
1262305204 0 0.71428571428571 1 0.5 0 0 0.30769230769231 0 1 0.83333333333333 0.55555555555556 1 0 
1262305300 0 0.71428571428571 0.93333333333333 0.5 0 0 0.30769230769231 0 1 0.83333333333333 0.55555555555556 1 0 
1262305304 0 0.71428571428571 0.93333333333333 0.5 0 0 0.30769230769231 0 0.55555555555556 0.83333333333333 0.55555555555556 1 0.81818181818182 
1262305400 0 0.71428571428571 0.9375 0.5 0 0 0.30769230769231 0 0.55555555555556 0.83333333333333 0.55555555555556 1 0.81818181818182 
1262305404 0 0.625 0.9375 0.45454545454545 0.23076923076923 0 0.28571428571429 0 0.45454545454545 0.71428571428571 0.66666666666667 0.90909090909091 0.84615384615385 
1262305504 0 0.625 0.9375 0.45454545454545 0.23076923076923 0.090909090909091 0.26666666666667 0 0.45454545454545 0.71428571428571 0.66666666666667 0.90909090909091 0.84615384615385 
1262305604 0 0.625 0.9375 0.45454545454545 0.21428571428571 0.090909090909091 0.26666666666667 0 0.53846153846154 0.71428571428571 0.66666666666667 0.90909090909091 0.84615384615385 
1262305636 0 0.625 0.94117647058824 0.45454545454545 0.21428571428571 0.090909090909091 0.26666666666667 0 0.53846153846154 0.71428571428571 0.66666666666667 0.90909090909091 0.84615384615385 
1262305704 0 0.625 0.94117647058824 0.41666666666667 0.2 0.090909090909091 0.25 0.083333333333333 0.53846153846154 0.71428571428571 0.66666666666667 0.90909090909091 0.84615384615385 
1262305734 0 0.625 0.94117647058824 0.41666666666667 0.2 0.090909090909091 0.25 0.083333333333333 0.53846153846154 0.71428571428571 0.61538461538462 0.90909090909091 0.84615384615385 
1262305736 0 0.625 0.91304347826087 0.41666666666667 0.2 0.090909090909091 0.25 0.083333333333333 0.53846153846154 0.71428571428571 0.61538461538462 0.90909090909091 0.84615384615385 
1262305804 0.043478260869565 0.625 0.91304347826087 0.41666666666667 0.2 0.076923076923077 0.25 0.076923076923077 0.6 0.71428571428571 0.61538461538462 0.84615384615385 0.84615384615385 
1262305834 0.043478260869565 0.625 0.91304347826087 0.41666666666667 0.2 0.076923076923077 0.25 0.076923076923077 0.6 0.71428571428571 0.61538461538462 0.84615384615385 0.84615384615385 
1262305836 0.043478260869565 0.625 0.92 0.41666666666667 0.2 0.076923076923077 0.25 0.076923076923077 0.6 0.71428571428571 0.61538461538462 0.84615384615385 0.84615384615385 
1262305904 0.04 0.72727272727273 0.92 0.41666666666667 0.2 0.076923076923077 0.25 0.14285714285714 0.6 0.81818181818182 0.61538461538462 0.84615384615385 0.84615384615385 
1262305934 0.04 0.72727272727273 0.92 0.41666666666667 0.2 0.076923076923077 0.25 0.14285714285714 0.6 0.81818181818182 0.61538461538462 0.84615384615385 0.84615384615385 
1262305936 0.04 0.72727272727273 0.92307692307692 0.41666666666667 0.2 0.076923076923077 0.25 0.14285714285714 0.6 0.81818181818182 0.61538461538462 0.84615384615385 0.84615384615385 
1262305970 0.04 0.72727272727273 0.92307692307692 0.38461538461538 0.2 0.076923076923077 0.25 0.14285714285714 0.6 0.81818181818182 0.61538461538462 0.84615384615385 0.84615384615385 
1262306004 0.038461538461538 0.72727272727273 0.92307692307692 0.38461538461538 0.2 0.076923076923077 0.25 0.14285714285714 0.6 0.81818181818182 0.61538461538462 0.84615384615385 0.84615384615385 
1262306034 0.038461538461538 0.72727272727273 0.92307692307692 0.38461538461538 0.2 0.076923076923077 0.25 0.14285714285714 0.6 0.81818181818182 0.64285714285714 0.84615384615385 0.78571428571429 
1262306036 0.038461538461538 0.72727272727273 0.92857142857143 0.38461538461538 0.2 0.076923076923077 0.25 0.14285714285714 0.6 0.81818181818182 0.64285714285714 0.84615384615385 0.78571428571429 
1262306070 0.038461538461538 0.72727272727273 0.92857142857143 0.46666666666667 0.2 0.076923076923077 0.25 0.14285714285714 0.6 0.81818181818182 0.64285714285714 0.84615384615385 0.78571428571429 
1262306104 0.035714285714286 0.61538461538462 0.92857142857143 0.46666666666667 0.25 0.076923076923077 0.25 0.14285714285714 0.6 0.81818181818182 0.64285714285714 0.73333333333333 0.78571428571429 
1262306134 0.035714285714286 0.61538461538462 0.92857142857143 0.46666666666667 0.25 0.076923076923077 0.25 0.14285714285714 0.6 0.81818181818182 0.64285714285714 0.73333333333333 0.73333333333333 
1262306136 0.035714285714286 0.61538461538462 0.93333333333333 0.46666666666667 0.25 0.076923076923077 0.25 0.14285714285714 0.6 0.81818181818182 0.64285714285714 0.73333333333333 0.73333333333333 
1262306170 0.035714285714286 0.61538461538462 0.93333333333333 0.4375 0.25 0.076923076923077 0.25 0.14285714285714 0.6 0.81818181818182 0.64285714285714 0.73333333333333 0.73333333333333 
1262306204 0.033333333333333 0.57142857142857 0.93333333333333 0.4375 0.33333333333333 0.14285714285714 0.29411764705882 0.25 0.625 0.76923076923077 0.64285714285714 0.70588235294118 0.73333333333333 
1262306234 0.033333333333333 0.57142857142857 0.93333333333333 0.4375 0.33333333333333 0.14285714285714 0.29411764705882 0.25 0.625 0.76923076923077 0.6 0.70588235294118 0.61111111111111 
1262306236 0.033333333333333 0.57142857142857 0.90625 0.4375 0.33333333333333 0.14285714285714 0.29411764705882 0.25 0.625 0.76923076923077 0.6 0.70588235294118 0.61111111111111 
1262306270 0.033333333333333 0.57142857142857 0.90625 0.4375 0.33333333333333 0.14285714285714 0.29411764705882 0.25 0.625 0.76923076923077 0.6 0.70588235294118 0.61111111111111 
1262306304 0.0625 0.6 0.90625 0.4375 0.42857142857143 0.33333333333333 0.33333333333333 0.33333333333333 0.64705882352941 0.64705882352941 0.6 0.66666666666667 0.61111111111111 
1262306334 0.0625 0.6 0.90625 0.4375 0.42857142857143 0.33333333333333 0.33333333333333 0.33333333333333 0.64705882352941 0.64705882352941 0.625 0.66666666666667 0.61111111111111 
1262306336 0.0625 0.6 0.91176470588235 0.4375 0.42857142857143 0.33333333333333 0.33333333333333 0.33333333333333 0.64705882352941 0.64705882352941 0.625 0.66666666666667 0.61111111111111 
1262306370 0.0625 0.6 0.91176470588235 0.41176470588235 0.42857142857143 0.33333333333333 0.33333333333333 0.33333333333333 0.64705882352941 0.64705882352941 0.625 0.66666666666667 0.61111111111111 
1262306404 0.058823529411765 0.58823529411765 0.91176470588235 0.41176470588235 0.42857142857143 0.33333333333333 0.33333333333333 0.33333333333333 0.64705882352941 0.64705882352941 0.625 0.66666666666667 0.61111111111111 
1262306434 0.058823529411765 0.58823529411765 0.91176470588235 0.41176470588235 0.42857142857143 0.33333333333333 0.33333333333333 0.33333333333333 0.64705882352941 0.64705882352941 0.625 0.66666666666667 0.63157894736842 
1262306436 0.058823529411765 0.58823529411765 0.91666666666667 0.41176470588235 0.42857142857143 0.33333333333333 0.33333333333333 0.33333333333333 0.64705882352941 0.64705882352941 0.625 0.66666666666667 0.63157894736842 
1262306470 0.058823529411765 0.58823529411765 0.91666666666667 0.47368421052632 0.42857142857143 0.33333333333333 0.33333333333333 0.33333333333333 0.64705882352941 0.64705882352941 0.625 0.66666666666667 0.63157894736842 
1262306504 0.10526315789474 0.58823529411765 0.91666666666667 0.47368421052632 0.40909090909091 0.4 0.42857142857143 0.36842105263158 0.66666666666667 0.57894736842105 0.625 0.66666666666667 0.63157894736842 
1262306534 0.10526315789474 0.58823529411765 0.91666666666667 0.47368421052632 0.40909090909091 0.4 0.42857142857143 0.36842105263158 0.66666666666667 0.57894736842105 0.64705882352941 0.66666666666667 0.6 
1262306536 0.10526315789474 0.58823529411765 0.87179487179487 0.47368421052632 0.40909090909091 0.4 0.42857142857143 0.36842105263158 0.66666666666667 0.57894736842105 0.64705882352941 0.66666666666667 0.6 
1262306570 0.10526315789474 0.58823529411765 0.87179487179487 0.47368421052632 0.40909090909091 0.4 0.42857142857143 0.36842105263158 0.66666666666667 0.57894736842105 0.64705882352941 0.66666666666667 0.6 
1262306604 0.14634146341463 0.58823529411765 0.87179487179487 0.47368421052632 0.43478260869565 0.40909090909091 0.43478260869565 0.4 0.63157894736842 0.57894736842105 0.64705882352941 0.66666666666667 0.6 
1262306634 0.14634146341463 0.58823529411765 0.87179487179487 0.47368421052632 0.43478260869565 0.40909090909091 0.43478260869565 0.4 0.63157894736842 0.57894736842105 0.64705882352941 0.66666666666667 0.6 
1262306636 0.14634146341463 0.58823529411765 0.8780487804878 0.47368421052632 0.43478260869565 0.40909090909091 0.43478260869565 0.4 0.63157894736842 0.57894736842105 0.64705882352941 0.66666666666667 0.6 
1262306670 0.14634146341463 0.58823529411765 0.8780487804878 0.47368421052632 0.43478260869565 0.40909090909091 0.43478260869565 0.4 0.63157894736842 0.57894736842105 0.64705882352941 0.66666666666667 0.6 
1262306704 0.13953488372093 0.61111111111111 0.8780487804878 0.47368421052632 0.45833333333333 0.40909090909091 0.43478260869565 0.4 0.63157894736842 0.6 0.64705882352941 0.65 0.6 
1262306734 0.13953488372093 0.61111111111111 0.8780487804878 0.47368421052632 0.45833333333333 0.40909090909091 0.43478260869565 0.4 0.63157894736842 0.6 0.61111111111111 0.65 0.6 
1262306736 0.13953488372093 0.61111111111111 0.86363636363636 0.47368421052632 0.45833333333333 0.40909090909091 0.43478260869565 0.4 0.63157894736842 0.6 0.61111111111111 0.65 0.6 
1262306770 0.13953488372093 0.61111111111111 0.86363636363636 0.52380952380952 0.45833333333333 0.40909090909091 0.43478260869565 0.4 0.63157894736842 0.6 0.61111111111111 0.65 0.6 
1262306804 0.13333333333333 0.55 0.86363636363636 0.52380952380952 0.45833333333333 0.40909090909091 0.43478260869565 0.38095238095238 0.63157894736842 0.6 0.61111111111111 0.61904761904762 0.6 
1262306834 0.13333333333333 0.55 0.86363636363636 0.52380952380952 0.45833333333333 0.40909090909091 0.43478260869565 0.38095238095238 0.63157894736842 0.6 0.57894736842105 0.61904761904762 0.61904761904762 
1262306836 0.13333333333333 0.55 0.86666666666667 0.52380952380952 0.45833333333333 0.40909090909091 0.43478260869565 0.38095238095238 0.63157894736842 0.6 0.57894736842105 0.61904761904762 0.61904761904762 
1262306870 0.13333333333333 0.55 0.86666666666667 0.5 0.45833333333333 0.40909090909091 0.43478260869565 0.38095238095238 0.63157894736842 0.6 0.57894736842105 0.61904761904762 0.61904761904762 
1262306904 0.1304347826087 0.57142857142857 0.86666666666667 0.5 0.45833333333333 0.43478260869565 0.43478260869565 0.38095238095238 0.61904761904762 0.59090909090909 0.57894736842105 0.59090909090909 0.61904761904762 
1262306934 0.1304347826087 0.57142857142857 0.86666666666667 0.5 0.45833333333333 0.43478260869565 0.43478260869565 0.38095238095238 0.61904761904762 0.59090909090909 0.6 0.59090909090909 0.59090909090909 
1262306936 0.1304347826087 0.57142857142857 0.83673469387755 0.5 0.45833333333333 0.43478260869565 0.43478260869565 0.38095238095238 0.61904761904762 0.59090909090909 0.6 0.59090909090909 0.59090909090909 
1262306970 0.1304347826087 0.57142857142857 0.83673469387755 0.5 0.45833333333333 0.43478260869565 0.43478260869565 0.38095238095238 0.61904761904762 0.59090909090909 0.6 0.59090909090909 0.59090909090909 
1262307004 0.16 0.57142857142857 0.83673469387755 0.5 0.45833333333333 0.43478260869565 0.41666666666667 0.38095238095238 0.59090909090909 0.60869565217391 0.6 0.60869565217391 0.59090909090909 
1262307008 0.16 0.57142857142857 0.83673469387755 0.5 0.45833333333333 0.43478260869565 0.41666666666667 0.38095238095238 0.59090909090909 0.60869565217391 0.6 0.60869565217391 0.59090909090909 
1262307034 0.16 0.57142857142857 0.83673469387755 0.5 0.45833333333333 0.43478260869565 0.41666666666667 0.38095238095238 0.59090909090909 0.60869565217391 0.6 0.60869565217391 0.59090909090909 
1262307036 0.16 0.57142857142857 0.82692307692308 0.5 0.45833333333333 0.43478260869565 0.41666666666667 0.38095238095238 0.59090909090909 0.60869565217391 0.6 0.60869565217391 0.59090909090909 
1262307070 0.16 0.57142857142857 0.82692307692308 0.5 0.45833333333333 0.43478260869565 0.41666666666667 0.38095238095238 0.59090909090909 0.60869565217391 0.6 0.60869565217391 0.59090909090909 
1262307104 0.15384615384615 0.57142857142857 0.82692307692308 0.5 0.44 0.43478260869565 0.41666666666667 0.38095238095238 0.59090909090909 0.60869565217391 0.6 0.625 0.59090909090909 
1262307108 0.15384615384615 0.57142857142857 0.82692307692308 0.5 0.44 0.43478260869565 0.41666666666667 0.38095238095238 0.59090909090909 0.60869565217391 0.6 0.625 0.59090909090909 
1262307134 0.15384615384615 0.57142857142857 0.82692307692308 0.5 0.44 0.43478260869565 0.41666666666667 0.38095238095238 0.59090909090909 0.60869565217391 0.6 0.625 0.59090909090909 
1262307136 0.15384615384615 0.57142857142857 0.83018867924528 0.5 0.44 0.43478260869565 0.41666666666667 0.38095238095238 0.59090909090909 0.60869565217391 0.6 0.625 0.59090909090909 
1262307170 0.15384615384615 0.57142857142857 0.83018867924528 0.5 0.44 0.43478260869565 0.41666666666667 0.38095238095238 0.59090909090909 0.60869565217391 0.6 0.625 0.59090909090909 
1262307204 0.15384615384615 0.54545454545455 0.83018867924528 0.5 0.44 0.41666666666667 0.41666666666667 0.38095238095238 0.59090909090909 0.60869565217391 0.6 0.64 0.59090909090909 
1262307208 0.15384615384615 0.54545454545455 0.83018867924528 0.5 0.44 0.41666666666667 0.41666666666667 0.36363636363636 0.59090909090909 0.60869565217391 0.6 0.64 0.59090909090909 
1262307234 0.15384615384615 0.54545454545455 0.83018867924528 0.5 0.44 0.41666666666667 0.41666666666667 0.36363636363636 0.59090909090909 0.60869565217391 0.57142857142857 0.64 0.56521739130435 
1262307236 0.15384615384615 0.54545454545455 0.83636363636364 0.5 0.44 0.41666666666667 0.41666666666667 0.36363636363636 0.59090909090909 0.60869565217391 0.57142857142857 0.64 0.56521739130435 
1262307270 0.15384615384615 0.54545454545455 0.83636363636364 0.5 0.44 0.41666666666667 0.41666666666667 0.36363636363636 0.59090909090909 0.60869565217391 0.57142857142857 0.64 0.56521739130435 
1262307304 0.15384615384615 0.52173913043478 0.83636363636364 0.5 0.48148148148148 0.41666666666667 0.44 0.36363636363636 0.60869565217391 0.625 0.57142857142857 0.61538461538462 0.56521739130435 
1262307308 0.15384615384615 0.52173913043478 0.83636363636364 0.5 0.48148148148148 0.41666666666667 0.44 0.36363636363636 0.60869565217391 0.625 0.57142857142857 0.61538461538462 0.56521739130435 
1262307334 0.15384615384615 0.52173913043478 0.83636363636364 0.5 0.48148148148148 0.41666666666667 0.44 0.36363636363636 0.60869565217391 0.625 0.58333333333333 0.61538461538462 0.56 
1262307336 0.15384615384615 0.52173913043478 0.84210526315789 0.5 0.48148148148148 0.41666666666667 0.44 0.36363636363636 0.60869565217391 0.625 0.58333333333333 0.61538461538462 0.56 
1262307356 0.15094339622642 0.52173913043478 0.84210526315789 0.5 0.48148148148148 0.41666666666667 0.44 0.36363636363636 0.60869565217391 0.625 0.58333333333333 0.61538461538462 0.56 
1262307370 0.15094339622642 0.52173913043478 0.84210526315789 0.5 0.48148148148148 0.41666666666667 0.44 0.36363636363636 0.60869565217391 0.625 0.58333333333333 0.61538461538462 0.56 
1262307404 0.15094339622642 0.52173913043478 0.84210526315789 0.5 0.5 0.41666666666667 0.44 0.36363636363636 0.6 0.625 0.58333333333333 0.60714285714286 0.56 
1262307408 0.15094339622642 0.52173913043478 0.84210526315789 0.5 0.5 0.41666666666667 0.44 0.39130434782609 0.6 0.625 0.58333333333333 0.60714285714286 0.56 
1262307434 0.15094339622642 0.52173913043478 0.84210526315789 0.5 0.5 0.41666666666667 0.44 0.39130434782609 0.6 0.625 0.58333333333333 0.60714285714286 0.57692307692308 
1262307436 0.15094339622642 0.52173913043478 0.8448275862069 0.5 0.5 0.41666666666667 0.44 0.39130434782609 0.6 0.625 0.58333333333333 0.60714285714286 0.57692307692308 
1262307456 0.15254237288136 0.52173913043478 0.8448275862069 0.5 0.5 0.41666666666667 0.44 0.39130434782609 0.6 0.625 0.58333333333333 0.60714285714286 0.57692307692308 
1262307470 0.15254237288136 0.52173913043478 0.8448275862069 0.47826086956522 0.5 0.41666666666667 0.44 0.39130434782609 0.6 0.625 0.58333333333333 0.60714285714286 0.57692307692308 
1262307504 0.15254237288136 0.52173913043478 0.8448275862069 0.47826086956522 0.5 0.4 0.44 0.39130434782609 0.57692307692308 0.57692307692308 0.58333333333333 0.60714285714286 0.57692307692308 
1262307508 0.15254237288136 0.52173913043478 0.8448275862069 0.47826086956522 0.5 0.4 0.44 0.44 0.57692307692308 0.57692307692308 0.58333333333333 0.60714285714286 0.57692307692308 
1262307517 0.15254237288136 0.52173913043478 0.8448275862069 0.47826086956522 0.5 0.4 0.44 0.44 0.57692307692308 0.57692307692308 0.58333333333333 0.60714285714286 0.57692307692308 
1262307534 0.15254237288136 0.52173913043478 0.8448275862069 0.47826086956522 0.5 0.4 0.44 0.44 0.57692307692308 0.57692307692308 0.56 0.60714285714286 0.59259259259259 
1262307536 0.15254237288136 0.52173913043478 0.85 0.47826086956522 0.5 0.4 0.44 0.44 0.57692307692308 0.57692307692308 0.56 0.60714285714286 0.59259259259259 
1262307556 0.16393442622951 0.52173913043478 0.85 0.47826086956522 0.5 0.4 0.44 0.44 0.57692307692308 0.57692307692308 0.56 0.60714285714286 0.59259259259259 
1262307570 0.16393442622951 0.52173913043478 0.85 0.44 0.5 0.4 0.44 0.44 0.57692307692308 0.57692307692308 0.56 0.60714285714286 0.59259259259259 
1262307604 0.16393442622951 0.52173913043478 0.85 0.44 0.51724137931034 0.4 0.42307692307692 0.44 0.57692307692308 0.55555555555556 0.56 0.60714285714286 0.59259259259259 
1262307608 0.16393442622951 0.52173913043478 0.85 0.44 0.51724137931034 0.4 0.42307692307692 0.44 0.57692307692308 0.55555555555556 0.56 0.60714285714286 0.59259259259259 
1262307617 0.16393442622951 0.55555555555556 0.85 0.44 0.51724137931034 0.4 0.42307692307692 0.44 0.57692307692308 0.55555555555556 0.56 0.60714285714286 0.59259259259259 
1262307634 0.16393442622951 0.55555555555556 0.85 0.44 0.51724137931034 0.4 0.42307692307692 0.44 0.57692307692308 0.55555555555556 0.57692307692308 0.60714285714286 0.60714285714286 
1262307636 0.16393442622951 0.55555555555556 0.84126984126984 0.44 0.51724137931034 0.4 0.42307692307692 0.44 0.57692307692308 0.55555555555556 0.57692307692308 0.60714285714286 0.60714285714286 
1262307656 0.15873015873016 0.55555555555556 0.84126984126984 0.44 0.51724137931034 0.4 0.42307692307692 0.44 0.57692307692308 0.55555555555556 0.57692307692308 0.60714285714286 0.60714285714286 
1262307670 0.15873015873016 0.55555555555556 0.84126984126984 0.44 0.51724137931034 0.4 0.42307692307692 0.44 0.57692307692308 0.55555555555556 0.57692307692308 0.60714285714286 0.60714285714286 
1262307704 0.15873015873016 0.55555555555556 0.84126984126984 0.44 0.51724137931034 0.42307692307692 0.42307692307692 0.44 0.57692307692308 0.55555555555556 0.57692307692308 0.62068965517241 0.60714285714286 
1262307708 0.15873015873016 0.55555555555556 0.84126984126984 0.44 0.51724137931034 0.42307692307692 0.42307692307692 0.42307692307692 0.57692307692308 0.55555555555556 0.57692307692308 0.62068965517241 0.60714285714286 
1262307717 0.15873015873016 0.55555555555556 0.84126984126984 0.44 0.51724137931034 0.42307692307692 0.42307692307692 0.42307692307692 0.57692307692308 0.55555555555556 0.57692307692308 0.62068965517241 0.60714285714286 
1262307734 0.15873015873016 0.55555555555556 0.84126984126984 0.44 0.51724137931034 0.42307692307692 0.42307692307692 0.42307692307692 0.57692307692308 0.55555555555556 0.57692307692308 0.62068965517241 0.60714285714286 
1262307736 0.15873015873016 0.55555555555556 0.83076923076923 0.44 0.51724137931034 0.42307692307692 0.42307692307692 0.42307692307692 0.57692307692308 0.55555555555556 0.57692307692308 0.62068965517241 0.60714285714286 
1262307756 0.15384615384615 0.55555555555556 0.83076923076923 0.44 0.51724137931034 0.42307692307692 0.42307692307692 0.42307692307692 0.57692307692308 0.55555555555556 0.57692307692308 0.62068965517241 0.60714285714286 
1262307770 0.15384615384615 0.55555555555556 0.83076923076923 0.46153846153846 0.51724137931034 0.42307692307692 0.42307692307692 0.42307692307692 0.57692307692308 0.55555555555556 0.57692307692308 0.62068965517241 0.60714285714286 
1262307804 0.15384615384615 0.55555555555556 0.83076923076923 0.46153846153846 0.5 0.44444444444444 0.40740740740741 0.42307692307692 0.57142857142857 0.57142857142857 0.57692307692308 0.62068965517241 0.60714285714286 
1262307808 0.15384615384615 0.55555555555556 0.83076923076923 0.46153846153846 0.5 0.44444444444444 0.40740740740741 0.44444444444444 0.57142857142857 0.57142857142857 0.57692307692308 0.62068965517241 0.60714285714286 
1262307817 0.15384615384615 0.53571428571429 0.83076923076923 0.46153846153846 0.5 0.44444444444444 0.40740740740741 0.44444444444444 0.57142857142857 0.57142857142857 0.57692307692308 0.62068965517241 0.60714285714286 
1262307834 0.15384615384615 0.53571428571429 0.83076923076923 0.46153846153846 0.5 0.44444444444444 0.40740740740741 0.44444444444444 0.57142857142857 0.57142857142857 0.57692307692308 0.62068965517241 0.58620689655172 
1262307836 0.15384615384615 0.53571428571429 0.83582089552239 0.46153846153846 0.5 0.44444444444444 0.40740740740741 0.44444444444444 0.57142857142857 0.57142857142857 0.57692307692308 0.62068965517241 0.58620689655172 
1262307856 0.15151515151515 0.53571428571429 0.83582089552239 0.46153846153846 0.5 0.44444444444444 0.40740740740741 0.44444444444444 0.57142857142857 0.57142857142857 0.57692307692308 0.62068965517241 0.58620689655172 
1262307870 0.15151515151515 0.53571428571429 0.83582089552239 0.46153846153846 0.5 0.44444444444444 0.40740740740741 0.44444444444444 0.57142857142857 0.57142857142857 0.57692307692308 0.62068965517241 0.58620689655172 
1262307904 0.15151515151515 0.53571428571429 0.83582089552239 0.46153846153846 0.48387096774194 0.46428571428571 0.40740740740741 0.44444444444444 0.58620689655172 0.58620689655172 0.57692307692308 0.62068965517241 0.58620689655172 
1262307908 0.15151515151515 0.53571428571429 0.83582089552239 0.46153846153846 0.48387096774194 0.46428571428571 0.40740740740741 0.44827586206897 0.58620689655172 0.58620689655172 0.57692307692308 0.62068965517241 0.58620689655172 
1262307917 0.15151515151515 0.51724137931034 0.83582089552239 0.46153846153846 0.48387096774194 0.46428571428571 0.40740740740741 0.44827586206897 0.58620689655172 0.58620689655172 0.57692307692308 0.62068965517241 0.58620689655172 
1262307934 0.15151515151515 0.51724137931034 0.83582089552239 0.46153846153846 0.48387096774194 0.46428571428571 0.40740740740741 0.44827586206897 0.58620689655172 0.58620689655172 0.59259259259259 0.62068965517241 0.58620689655172 
1262307936 0.15151515151515 0.51724137931034 0.82857142857143 0.46153846153846 0.48387096774194 0.46428571428571 0.40740740740741 0.44827586206897 0.58620689655172 0.58620689655172 0.59259259259259 0.62068965517241 0.58620689655172 
1262307956 0.1830985915493 0.51724137931034 0.82857142857143 0.46153846153846 0.48387096774194 0.46428571428571 0.40740740740741 0.44827586206897 0.58620689655172 0.58620689655172 0.59259259259259 0.62068965517241 0.58620689655172 
1262307970 0.1830985915493 0.51724137931034 0.82857142857143 0.44827586206897 0.48387096774194 0.46428571428571 0.40740740740741 0.44827586206897 0.58620689655172 0.58620689655172 0.59259259259259 0.62068965517241 0.58620689655172 
1262308004 0.1830985915493 0.51724137931034 0.82857142857143 0.44827586206897 0.48387096774194 0.46428571428571 0.42857142857143 0.44827586206897 0.58620689655172 0.58620689655172 0.59259259259259 0.62068965517241 0.58620689655172 
1262308008 0.1830985915493 0.51724137931034 0.82857142857143 0.44827586206897 0.48387096774194 0.46428571428571 0.42857142857143 0.44827586206897 0.58620689655172 0.58620689655172 0.59259259259259 0.62068965517241 0.58620689655172 
1262308017 0.1830985915493 0.51724137931034 0.82857142857143 0.44827586206897 0.48387096774194 0.46428571428571 0.42857142857143 0.44827586206897 0.58620689655172 0.58620689655172 0.59259259259259 0.62068965517241 0.58620689655172 
1262308034 0.1830985915493 0.51724137931034 0.82857142857143 0.44827586206897 0.48387096774194 0.46428571428571 0.42857142857143 0.44827586206897 0.58620689655172 0.58620689655172 0.59259259259259 0.62068965517241 0.58620689655172 
1262308036 0.1830985915493 0.51724137931034 0.83098591549296 0.44827586206897 0.48387096774194 0.46428571428571 0.42857142857143 0.44827586206897 0.58620689655172 0.58620689655172 0.59259259259259 0.62068965517241 0.58620689655172 
1262308056 0.17808219178082 0.51724137931034 0.83098591549296 0.44827586206897 0.48387096774194 0.46428571428571 0.42857142857143 0.44827586206897 0.58620689655172 0.58620689655172 0.59259259259259 0.62068965517241 0.58620689655172 
1262308070 0.17808219178082 0.51724137931034 0.83098591549296 0.44827586206897 0.48387096774194 0.46428571428571 0.42857142857143 0.44827586206897 0.58620689655172 0.58620689655172 0.59259259259259 0.62068965517241 0.58620689655172 
1262308104 0.17808219178082 0.51724137931034 0.83098591549296 0.44827586206897 0.46875 0.48275862068966 0.42857142857143 0.44827586206897 0.6 0.6 0.59259259259259 0.6 0.58620689655172 
1262308108 0.17808219178082 0.51724137931034 0.83098591549296 0.44827586206897 0.46875 0.48275862068966 0.42857142857143 0.44827586206897 0.6 0.6 0.59259259259259 0.6 0.58620689655172 
1262308117 0.17808219178082 0.48387096774194 0.83098591549296 0.44827586206897 0.46875 0.48275862068966 0.42857142857143 0.44827586206897 0.6 0.6 0.59259259259259 0.6 0.58620689655172 
1262308134 0.17808219178082 0.48387096774194 0.83098591549296 0.44827586206897 0.46875 0.48275862068966 0.42857142857143 0.44827586206897 0.6 0.6 0.57142857142857 0.6 0.6 
1262308136 0.17808219178082 0.48387096774194 0.83333333333333 0.44827586206897 0.46875 0.48275862068966 0.42857142857143 0.44827586206897 0.6 0.6 0.57142857142857 0.6 0.6 
1262308156 0.18918918918919 0.48387096774194 0.83333333333333 0.44827586206897 0.46875 0.48275862068966 0.42857142857143 0.44827586206897 0.6 0.6 0.57142857142857 0.6 0.6 
1262308170 0.18918918918919 0.48387096774194 0.83333333333333 0.44827586206897 0.46875 0.48275862068966 0.42857142857143 0.44827586206897 0.6 0.6 0.57142857142857 0.6 0.6 
1262308204 0.18918918918919 0.48387096774194 0.83333333333333 0.44827586206897 0.46875 0.48275862068966 0.46666666666667 0.44827586206897 0.61290322580645 0.61290322580645 0.57142857142857 0.6 0.6 
1262308208 0.18918918918919 0.48387096774194 0.83333333333333 0.44827586206897 0.46875 0.48275862068966 0.46666666666667 0.44827586206897 0.61290322580645 0.61290322580645 0.57142857142857 0.6 0.6 
1262308217 0.18918918918919 0.48387096774194 0.83333333333333 0.44827586206897 0.46875 0.48275862068966 0.46666666666667 0.44827586206897 0.61290322580645 0.61290322580645 0.57142857142857 0.6 0.6 
1262308234 0.18918918918919 0.48387096774194 0.83333333333333 0.44827586206897 0.46875 0.48275862068966 0.46666666666667 0.44827586206897 0.61290322580645 0.61290322580645 0.58620689655172 0.6 0.58064516129032 
1262308236 0.18918918918919 0.48387096774194 0.83333333333333 0.44827586206897 0.46875 0.48275862068966 0.46666666666667 0.44827586206897 0.61290322580645 0.61290322580645 0.58620689655172 0.6 0.58064516129032 
1262308256 0.18918918918919 0.48387096774194 0.83333333333333 0.44827586206897 0.46875 0.48275862068966 0.46666666666667 0.44827586206897 0.61290322580645 0.61290322580645 0.58620689655172 0.6 0.58064516129032 
1262308270 0.18918918918919 0.48387096774194 0.83333333333333 0.45161290322581 0.46875 0.48275862068966 0.46666666666667 0.44827586206897 0.61290322580645 0.61290322580645 0.58620689655172 0.6 0.58064516129032 
1262308304 0.18918918918919 0.48387096774194 0.83333333333333 0.45161290322581 0.46875 0.46666666666667 0.46875 0.44827586206897 0.59375 0.61290322580645 0.58620689655172 0.6 0.58064516129032 
1262308308 0.18918918918919 0.48387096774194 0.83333333333333 0.45161290322581 0.46875 0.46666666666667 0.46875 0.43333333333333 0.59375 0.61290322580645 0.58620689655172 0.6 0.58064516129032 
1262308317 0.18918918918919 0.48387096774194 0.83333333333333 0.45161290322581 0.46875 0.46666666666667 0.46875 0.43333333333333 0.59375 0.61290322580645 0.58620689655172 0.6 0.58064516129032 
1262308334 0.18918918918919 0.48387096774194 0.83333333333333 0.45161290322581 0.46875 0.46666666666667 0.46875 0.43333333333333 0.59375 0.61290322580645 0.58620689655172 0.6 0.58064516129032 
1262308336 0.18918918918919 0.48387096774194 0.83333333333333 0.45161290322581 0.46875 0.46666666666667 0.46875 0.43333333333333 0.59375 0.61290322580645 0.58620689655172 0.6 0.58064516129032 
1262308356 0.18918918918919 0.48387096774194 0.83333333333333 0.45161290322581 0.46875 0.46666666666667 0.46875 0.43333333333333 0.59375 0.61290322580645 0.58620689655172 0.6 0.58064516129032 
1262308370 0.18918918918919 0.48387096774194 0.83333333333333 0.45161290322581 0.46875 0.46666666666667 0.46875 0.43333333333333 0.59375 0.61290322580645 0.58620689655172 0.6 0.58064516129032 
1262308404 0.18918918918919 0.48387096774194 0.83333333333333 0.45161290322581 0.46875 0.46666666666667 0.45454545454545 0.43333333333333 0.59375 0.59375 0.58620689655172 0.6 0.58064516129032 
1262308408 0.18918918918919 0.48387096774194 0.83333333333333 0.45161290322581 0.46875 0.46666666666667 0.45454545454545 0.43333333333333 0.59375 0.59375 0.58620689655172 0.6 0.58064516129032 
1262308417 0.18918918918919 0.48387096774194 0.83333333333333 0.45161290322581 0.46875 0.46666666666667 0.45454545454545 0.43333333333333 0.59375 0.59375 0.58620689655172 0.6 0.58064516129032 
1262308430 0.18918918918919 0.48387096774194 0.83333333333333 0.45161290322581 0.46875 0.46666666666667 0.45454545454545 0.43333333333333 0.59375 0.59375 0.58620689655172 0.58064516129032 0.58064516129032 
1262308434 0.18918918918919 0.48387096774194 0.83333333333333 0.45161290322581 0.46875 0.46666666666667 0.45454545454545 0.43333333333333 0.59375 0.59375 0.56666666666667 0.58064516129032 0.58064516129032 
1262308436 0.18918918918919 0.48387096774194 0.83333333333333 0.45161290322581 0.46875 0.46666666666667 0.45454545454545 0.43333333333333 0.59375 0.59375 0.56666666666667 0.58064516129032 0.58064516129032 
1262308456 0.2 0.48387096774194 0.83333333333333 0.45161290322581 0.46875 0.46666666666667 0.45454545454545 0.43333333333333 0.59375 0.59375 0.56666666666667 0.58064516129032 0.58064516129032 
1262308470 0.2 0.48387096774194 0.83333333333333 0.46875 0.46875 0.46666666666667 0.45454545454545 0.43333333333333 0.59375 0.59375 0.56666666666667 0.58064516129032 0.58064516129032 
