NOTIFS:
node3	:	60	sent
node1	:	60	sent
SUBS:
on	node1
	node1	:	0	received
on	node3
	node3	:	0	received
1262304604 0 - 1 - - 0 - - - - 1 - - 
1262304704 0 - 1 - - 0 - 0 - - 1 - 1 
1262304804 0 - 1 0 0 0 0 0 - - 1 - 1 
1262304904 0 0.4 1 0 0 0.4 0 0 - - 0.4 - 1 
1262305004 0 0.28571428571429 1 0 0 0.22222222222222 0 0 1 - 0.4 0 1 
1262305104 0 0.22222222222222 1 0 0 0.18181818181818 0 0 0.22222222222222 - 0.4 0 1 
1262305204 0 0.22222222222222 1 0 0 0.18181818181818 0 0 0.22222222222222 - 0.72727272727273 0 1 
1262305304 0 0.38461538461538 1 0 0.30769230769231 0.18181818181818 0.25 0 0.38461538461538 0.90909090909091 0.66666666666667 0 0.83333333333333 
1262305404 0 0.38461538461538 0.9375 0.33333333333333 0.30769230769231 0.18181818181818 0.23076923076923 0.083333333333333 0.38461538461538 0.91666666666667 0.66666666666667 0.36363636363636 0.76923076923077 
1262305504 0 0.38461538461538 0.94444444444444 0.33333333333333 0.28571428571429 0.18181818181818 0.23076923076923 0.15384615384615 0.38461538461538 0.91666666666667 0.61538461538462 0.33333333333333 0.78571428571429 
1262305604 0 0.38461538461538 0.95 0.30769230769231 0.28571428571429 0.25 0.23076923076923 0.15384615384615 0.38461538461538 0.91666666666667 0.64285714285714 0.38461538461538 0.78571428571429 
1262305704 0 0.35714285714286 0.95238095238095 0.28571428571429 0.28571428571429 0.30769230769231 0.28571428571429 0.15384615384615 0.46666666666667 0.84615384615385 0.64285714285714 0.38461538461538 0.78571428571429 
1262305711 0 0.35714285714286 0.95238095238095 0.28571428571429 0.28571428571429 0.30769230769231 0.28571428571429 0.15384615384615 0.46666666666667 0.84615384615385 0.64285714285714 0.38461538461538 0.78571428571429 
1262305804 0 0.4 0.95652173913043 0.26666666666667 0.28571428571429 0.30769230769231 0.28571428571429 0.21428571428571 0.5 0.85714285714286 0.5625 0.38461538461538 0.73333333333333 
1262305811 0.083333333333333 0.4 0.95652173913043 0.26666666666667 0.28571428571429 0.30769230769231 0.28571428571429 0.21428571428571 0.5 0.85714285714286 0.5625 0.38461538461538 0.73333333333333 
1262305904 0.083333333333333 0.375 0.96 0.26666666666667 0.33333333333333 0.33333333333333 0.28571428571429 0.21428571428571 0.5 0.85714285714286 0.5625 0.38461538461538 0.73333333333333 
1262305911 0.076923076923077 0.375 0.96 0.26666666666667 0.33333333333333 0.33333333333333 0.28571428571429 0.21428571428571 0.5 0.85714285714286 0.5625 0.38461538461538 0.73333333333333 
1262305995 0.076923076923077 0.375 0.96 0.26666666666667 0.33333333333333 0.33333333333333 0.28571428571429 0.21428571428571 0.5 0.85714285714286 0.5625 0.38461538461538 0.73333333333333 
1262306004 0.076923076923077 0.375 0.96153846153846 0.25 0.33333333333333 0.33333333333333 0.28571428571429 0.21428571428571 0.5 0.8 0.5625 0.38461538461538 0.75 
1262306011 0.10344827586207 0.375 0.96153846153846 0.25 0.33333333333333 0.33333333333333 0.28571428571429 0.21428571428571 0.5 0.8 0.5625 0.38461538461538 0.75 
1262306095 0.10344827586207 0.375 0.96153846153846 0.25 0.33333333333333 0.33333333333333 0.375 0.21428571428571 0.47058823529412 0.8 0.5625 0.38461538461538 0.75 
1262306104 0.10344827586207 0.375 0.93103448275862 0.25 0.33333333333333 0.33333333333333 0.375 0.25 0.47058823529412 0.8 0.5625 0.38461538461538 0.75 
1262306109 0.10344827586207 0.375 0.93103448275862 0.25 0.33333333333333 0.33333333333333 0.375 0.25 0.47058823529412 0.8 0.5625 0.38461538461538 0.75 
1262306111 0.12903225806452 0.375 0.93103448275862 0.25 0.33333333333333 0.33333333333333 0.375 0.25 0.47058823529412 0.8 0.5625 0.38461538461538 0.75 
1262306195 0.12903225806452 0.375 0.93103448275862 0.25 0.33333333333333 0.33333333333333 0.375 0.25 0.47058823529412 0.8 0.5625 0.38461538461538 0.75 
1262306204 0.12903225806452 0.41176470588235 0.93548387096774 0.25 0.375 0.33333333333333 0.375 0.25 0.47058823529412 0.8 0.58823529411765 0.38461538461538 0.75 
1262306209 0.12903225806452 0.41176470588235 0.93548387096774 0.25 0.375 0.33333333333333 0.375 0.25 0.47058823529412 0.8 0.58823529411765 0.375 0.75 
1262306211 0.12121212121212 0.41176470588235 0.93548387096774 0.25 0.375 0.33333333333333 0.375 0.25 0.47058823529412 0.8 0.58823529411765 0.375 0.75 
1262306295 0.12121212121212 0.41176470588235 0.93548387096774 0.25 0.375 0.33333333333333 0.375 0.25 0.5 0.8 0.58823529411765 0.375 0.75 
1262306304 0.12121212121212 0.41176470588235 0.93548387096774 0.29411764705882 0.375 0.35294117647059 0.375 0.25 0.5 0.8 0.61111111111111 0.375 0.75 
1262306309 0.12121212121212 0.41176470588235 0.93548387096774 0.29411764705882 0.375 0.35294117647059 0.375 0.25 0.5 0.8 0.61111111111111 0.375 0.75 
1262306311 0.11428571428571 0.41176470588235 0.93548387096774 0.29411764705882 0.375 0.35294117647059 0.375 0.25 0.5 0.8 0.61111111111111 0.375 0.75 
1262306395 0.11428571428571 0.41176470588235 0.93548387096774 0.29411764705882 0.375 0.35294117647059 0.33333333333333 0.25 0.47368421052632 0.8 0.61111111111111 0.375 0.75 
1262306404 0.11428571428571 0.41176470588235 0.93548387096774 0.33333333333333 0.35294117647059 0.35294117647059 0.33333333333333 0.29411764705882 0.47368421052632 0.75 0.61111111111111 0.375 0.75 
1262306407 0.11428571428571 0.41176470588235 0.93548387096774 0.33333333333333 0.35294117647059 0.35294117647059 0.33333333333333 0.29411764705882 0.47368421052632 0.75 0.61111111111111 0.375 0.75 
1262306409 0.11428571428571 0.41176470588235 0.93548387096774 0.33333333333333 0.35294117647059 0.35294117647059 0.33333333333333 0.29411764705882 0.47368421052632 0.75 0.61111111111111 0.41176470588235 0.75 
1262306411 0.11111111111111 0.41176470588235 0.93548387096774 0.33333333333333 0.35294117647059 0.35294117647059 0.33333333333333 0.29411764705882 0.47368421052632 0.75 0.61111111111111 0.41176470588235 0.75 
1262306495 0.11111111111111 0.41176470588235 0.93548387096774 0.33333333333333 0.35294117647059 0.35294117647059 0.31578947368421 0.29411764705882 0.47368421052632 0.75 0.61111111111111 0.41176470588235 0.75 
1262306504 0.11111111111111 0.42105263157895 0.93548387096774 0.33333333333333 0.33333333333333 0.33333333333333 0.31578947368421 0.36842105263158 0.47368421052632 0.66666666666667 0.57894736842105 0.41176470588235 0.75 
1262306507 0.11111111111111 0.42105263157895 0.89473684210526 0.33333333333333 0.33333333333333 0.33333333333333 0.31578947368421 0.36842105263158 0.47368421052632 0.66666666666667 0.57894736842105 0.41176470588235 0.75 
1262306509 0.11111111111111 0.42105263157895 0.89473684210526 0.33333333333333 0.33333333333333 0.33333333333333 0.31578947368421 0.36842105263158 0.47368421052632 0.66666666666667 0.57894736842105 0.41176470588235 0.75 
1262306511 0.12820512820513 0.42105263157895 0.89473684210526 0.33333333333333 0.33333333333333 0.33333333333333 0.31578947368421 0.36842105263158 0.47368421052632 0.66666666666667 0.57894736842105 0.41176470588235 0.75 
1262306595 0.12820512820513 0.42105263157895 0.89473684210526 0.33333333333333 0.33333333333333 0.33333333333333 0.31578947368421 0.36842105263158 0.47368421052632 0.66666666666667 0.57894736842105 0.41176470588235 0.75 
1262306604 0.12820512820513 0.42105263157895 0.89473684210526 0.33333333333333 0.33333333333333 0.33333333333333 0.31578947368421 0.4 0.47368421052632 0.63157894736842 0.55 0.41176470588235 0.66666666666667 
1262306607 0.12820512820513 0.42105263157895 0.9 0.33333333333333 0.33333333333333 0.33333333333333 0.31578947368421 0.4 0.47368421052632 0.63157894736842 0.55 0.41176470588235 0.66666666666667 
1262306609 0.12820512820513 0.42105263157895 0.9 0.33333333333333 0.33333333333333 0.33333333333333 0.31578947368421 0.4 0.47368421052632 0.63157894736842 0.55 0.41176470588235 0.66666666666667 
1262306611 0.1219512195122 0.42105263157895 0.9 0.33333333333333 0.33333333333333 0.33333333333333 0.31578947368421 0.4 0.47368421052632 0.63157894736842 0.55 0.41176470588235 0.66666666666667 
1262306695 0.1219512195122 0.42105263157895 0.9 0.33333333333333 0.33333333333333 0.33333333333333 0.31578947368421 0.4 0.47368421052632 0.63157894736842 0.55 0.41176470588235 0.66666666666667 
1262306704 0.1219512195122 0.42105263157895 0.9 0.4 0.33333333333333 0.36842105263158 0.31578947368421 0.4 0.47368421052632 0.6 0.52380952380952 0.41176470588235 0.66666666666667 
1262306707 0.1219512195122 0.42105263157895 0.90243902439024 0.4 0.33333333333333 0.36842105263158 0.31578947368421 0.4 0.47368421052632 0.6 0.52380952380952 0.41176470588235 0.66666666666667 
1262306709 0.1219512195122 0.42105263157895 0.90243902439024 0.4 0.33333333333333 0.36842105263158 0.31578947368421 0.4 0.47368421052632 0.6 0.52380952380952 0.42105263157895 0.66666666666667 
1262306711 0.11904761904762 0.42105263157895 0.90243902439024 0.4 0.33333333333333 0.36842105263158 0.31578947368421 0.4 0.47368421052632 0.6 0.52380952380952 0.42105263157895 0.66666666666667 
1262306795 0.11904761904762 0.42105263157895 0.90243902439024 0.4 0.33333333333333 0.36842105263158 0.38095238095238 0.4 0.42857142857143 0.6 0.52380952380952 0.42105263157895 0.66666666666667 
1262306804 0.11904761904762 0.42105263157895 0.90243902439024 0.38095238095238 0.36842105263158 0.4 0.38095238095238 0.42857142857143 0.42857142857143 0.6 0.52380952380952 0.42105263157895 0.63157894736842 
1262306807 0.11904761904762 0.42105263157895 0.90697674418605 0.38095238095238 0.36842105263158 0.4 0.38095238095238 0.42857142857143 0.42857142857143 0.6 0.52380952380952 0.42105263157895 0.63157894736842 
1262306809 0.11904761904762 0.42105263157895 0.90697674418605 0.38095238095238 0.36842105263158 0.4 0.38095238095238 0.42857142857143 0.42857142857143 0.6 0.52380952380952 0.4 0.63157894736842 
1262306811 0.11363636363636 0.42105263157895 0.90697674418605 0.38095238095238 0.36842105263158 0.4 0.38095238095238 0.42857142857143 0.42857142857143 0.6 0.52380952380952 0.4 0.63157894736842 
1262306895 0.11363636363636 0.42105263157895 0.90697674418605 0.38095238095238 0.36842105263158 0.4 0.38095238095238 0.42857142857143 0.42857142857143 0.6 0.52380952380952 0.4 0.63157894736842 
1262306904 0.11363636363636 0.42105263157895 0.90697674418605 0.38095238095238 0.4 0.4 0.38095238095238 0.42857142857143 0.42857142857143 0.6 0.5 0.4 0.63157894736842 
1262306907 0.11363636363636 0.42105263157895 0.91111111111111 0.38095238095238 0.4 0.4 0.38095238095238 0.42857142857143 0.42857142857143 0.6 0.5 0.4 0.63157894736842 
1262306909 0.11363636363636 0.42105263157895 0.91111111111111 0.38095238095238 0.4 0.4 0.38095238095238 0.42857142857143 0.42857142857143 0.6 0.5 0.4 0.63157894736842 
1262306911 0.10869565217391 0.42105263157895 0.91111111111111 0.38095238095238 0.4 0.4 0.38095238095238 0.42857142857143 0.42857142857143 0.6 0.5 0.4 0.63157894736842 
1262306995 0.10869565217391 0.42105263157895 0.91111111111111 0.38095238095238 0.4 0.4 0.38095238095238 0.42857142857143 0.42857142857143 0.6 0.5 0.4 0.63157894736842 
1262307004 0.10869565217391 0.4 0.91111111111111 0.40909090909091 0.38095238095238 0.4 0.38095238095238 0.40909090909091 0.42857142857143 0.61904761904762 0.5 0.4 0.57142857142857 
1262307007 0.10869565217391 0.4 0.8936170212766 0.40909090909091 0.38095238095238 0.4 0.38095238095238 0.40909090909091 0.42857142857143 0.61904761904762 0.5 0.4 0.57142857142857 
1262307009 0.10869565217391 0.4 0.8936170212766 0.40909090909091 0.38095238095238 0.4 0.38095238095238 0.40909090909091 0.42857142857143 0.61904761904762 0.5 0.42857142857143 0.57142857142857 
1262307011 0.1063829787234 0.4 0.8936170212766 0.40909090909091 0.38095238095238 0.4 0.38095238095238 0.40909090909091 0.42857142857143 0.61904761904762 0.5 0.42857142857143 0.57142857142857 
1262307095 0.1063829787234 0.4 0.8936170212766 0.40909090909091 0.38095238095238 0.4 0.36363636363636 0.40909090909091 0.45454545454545 0.61904761904762 0.5 0.42857142857143 0.57142857142857 
1262307104 0.1063829787234 0.42857142857143 0.8936170212766 0.40909090909091 0.38095238095238 0.4 0.36363636363636 0.40909090909091 0.45454545454545 0.59090909090909 0.5 0.42857142857143 0.57142857142857 
1262307109 0.1063829787234 0.42857142857143 0.8936170212766 0.40909090909091 0.38095238095238 0.4 0.36363636363636 0.40909090909091 0.45454545454545 0.59090909090909 0.5 0.42857142857143 0.57142857142857 
1262307111 0.12 0.42857142857143 0.8936170212766 0.40909090909091 0.38095238095238 0.4 0.36363636363636 0.40909090909091 0.45454545454545 0.59090909090909 0.5 0.42857142857143 0.57142857142857 
1262307195 0.12 0.42857142857143 0.8936170212766 0.40909090909091 0.38095238095238 0.4 0.36363636363636 0.40909090909091 0.43478260869565 0.59090909090909 0.5 0.42857142857143 0.57142857142857 
1262307204 0.12 0.42857142857143 0.8936170212766 0.40909090909091 0.38095238095238 0.38095238095238 0.36363636363636 0.40909090909091 0.43478260869565 0.56521739130435 0.5 0.42857142857143 0.57142857142857 
1262307209 0.12 0.42857142857143 0.8936170212766 0.40909090909091 0.38095238095238 0.38095238095238 0.36363636363636 0.40909090909091 0.43478260869565 0.56521739130435 0.5 0.43478260869565 0.57142857142857 
1262307211 0.11538461538462 0.42857142857143 0.8936170212766 0.40909090909091 0.38095238095238 0.38095238095238 0.36363636363636 0.40909090909091 0.43478260869565 0.56521739130435 0.5 0.43478260869565 0.57142857142857 
1262307212 0.11538461538462 0.42857142857143 0.8936170212766 0.40909090909091 0.38095238095238 0.38095238095238 0.36363636363636 0.40909090909091 0.43478260869565 0.56521739130435 0.5 0.43478260869565 0.57142857142857 
1262307295 0.11538461538462 0.42857142857143 0.8936170212766 0.40909090909091 0.38095238095238 0.38095238095238 0.36363636363636 0.40909090909091 0.45833333333333 0.56521739130435 0.5 0.43478260869565 0.57142857142857 
1262307304 0.11538461538462 0.40909090909091 0.8936170212766 0.39130434782609 0.38095238095238 0.40909090909091 0.36363636363636 0.39130434782609 0.45833333333333 0.56521739130435 0.5 0.43478260869565 0.57142857142857 
1262307309 0.11538461538462 0.40909090909091 0.8936170212766 0.39130434782609 0.38095238095238 0.40909090909091 0.36363636363636 0.39130434782609 0.45833333333333 0.56521739130435 0.5 0.43478260869565 0.57142857142857 
1262307311 0.11320754716981 0.40909090909091 0.8936170212766 0.39130434782609 0.38095238095238 0.40909090909091 0.36363636363636 0.39130434782609 0.45833333333333 0.56521739130435 0.5 0.43478260869565 0.57142857142857 
1262307312 0.11320754716981 0.40909090909091 0.85454545454545 0.39130434782609 0.38095238095238 0.40909090909091 0.36363636363636 0.39130434782609 0.45833333333333 0.56521739130435 0.5 0.43478260869565 0.57142857142857 
1262307395 0.11320754716981 0.40909090909091 0.85454545454545 0.39130434782609 0.38095238095238 0.40909090909091 0.39130434782609 0.39130434782609 0.45833333333333 0.56521739130435 0.5 0.43478260869565 0.57142857142857 
1262307404 0.11320754716981 0.40909090909091 0.85454545454545 0.39130434782609 0.38095238095238 0.39130434782609 0.39130434782609 0.39130434782609 0.45833333333333 0.56521739130435 0.5 0.43478260869565 0.57142857142857 
1262307411 0.10909090909091 0.40909090909091 0.85454545454545 0.39130434782609 0.38095238095238 0.39130434782609 0.39130434782609 0.39130434782609 0.45833333333333 0.56521739130435 0.5 0.43478260869565 0.57142857142857 
1262307412 0.10909090909091 0.40909090909091 0.85964912280702 0.39130434782609 0.38095238095238 0.39130434782609 0.39130434782609 0.39130434782609 0.45833333333333 0.56521739130435 0.5 0.43478260869565 0.57142857142857 
1262307460 0.10909090909091 0.40909090909091 0.85964912280702 0.39130434782609 0.38095238095238 0.39130434782609 0.39130434782609 0.39130434782609 0.45833333333333 0.56521739130435 0.5 0.43478260869565 0.57142857142857 
1262307495 0.10909090909091 0.40909090909091 0.85964912280702 0.39130434782609 0.38095238095238 0.39130434782609 0.39130434782609 0.39130434782609 0.45833333333333 0.56521739130435 0.5 0.43478260869565 0.57142857142857 
1262307504 0.10909090909091 0.39130434782609 0.85964912280702 0.39130434782609 0.36363636363636 0.39130434782609 0.39130434782609 0.39130434782609 0.45833333333333 0.58333333333333 0.5 0.43478260869565 0.57142857142857 
1262307511 0.10526315789474 0.39130434782609 0.85964912280702 0.39130434782609 0.36363636363636 0.39130434782609 0.39130434782609 0.39130434782609 0.45833333333333 0.58333333333333 0.5 0.43478260869565 0.57142857142857 
1262307512 0.10526315789474 0.39130434782609 0.85 0.39130434782609 0.36363636363636 0.39130434782609 0.39130434782609 0.39130434782609 0.45833333333333 0.58333333333333 0.5 0.43478260869565 0.57142857142857 
1262307554 0.10526315789474 0.39130434782609 0.85 0.39130434782609 0.36363636363636 0.39130434782609 0.39130434782609 0.39130434782609 0.45833333333333 0.58333333333333 0.5 0.43478260869565 0.57142857142857 
1262307560 0.10526315789474 0.39130434782609 0.85 0.39130434782609 0.36363636363636 0.39130434782609 0.39130434782609 0.39130434782609 0.45833333333333 0.58333333333333 0.54166666666667 0.43478260869565 0.57142857142857 
1262307595 0.10526315789474 0.39130434782609 0.85 0.39130434782609 0.36363636363636 0.39130434782609 0.39130434782609 0.39130434782609 0.45833333333333 0.58333333333333 0.54166666666667 0.43478260869565 0.57142857142857 
1262307604 0.10526315789474 0.41666666666667 0.85 0.39130434782609 0.39130434782609 0.39130434782609 0.39130434782609 0.39130434782609 0.45833333333333 0.58333333333333 0.54166666666667 0.43478260869565 0.54545454545455 
1262307611 0.10344827586207 0.41666666666667 0.85 0.39130434782609 0.39130434782609 0.39130434782609 0.39130434782609 0.39130434782609 0.45833333333333 0.58333333333333 0.54166666666667 0.43478260869565 0.54545454545455 
1262307612 0.10344827586207 0.41666666666667 0.85245901639344 0.39130434782609 0.39130434782609 0.39130434782609 0.39130434782609 0.39130434782609 0.45833333333333 0.58333333333333 0.54166666666667 0.43478260869565 0.54545454545455 
1262307654 0.10344827586207 0.41666666666667 0.85245901639344 0.39130434782609 0.39130434782609 0.39130434782609 0.39130434782609 0.39130434782609 0.44 0.58333333333333 0.54166666666667 0.44 0.54545454545455 
1262307660 0.10344827586207 0.41666666666667 0.85245901639344 0.39130434782609 0.39130434782609 0.39130434782609 0.39130434782609 0.39130434782609 0.44 0.58333333333333 0.54166666666667 0.44 0.54545454545455 
1262307695 0.10344827586207 0.41666666666667 0.85245901639344 0.39130434782609 0.39130434782609 0.39130434782609 0.41666666666667 0.39130434782609 0.44 0.58333333333333 0.54166666666667 0.44 0.54545454545455 
1262307704 0.10344827586207 0.41666666666667 0.85245901639344 0.375 0.39130434782609 0.36 0.41666666666667 0.36 0.44 0.58333333333333 0.54166666666667 0.44 0.54166666666667 
1262307711 0.12903225806452 0.41666666666667 0.85245901639344 0.375 0.39130434782609 0.36 0.41666666666667 0.36 0.44 0.58333333333333 0.54166666666667 0.44 0.54166666666667 
1262307712 0.12903225806452 0.41666666666667 0.85714285714286 0.375 0.39130434782609 0.36 0.41666666666667 0.36 0.44 0.58333333333333 0.54166666666667 0.44 0.54166666666667 
1262307754 0.12903225806452 0.41666666666667 0.85714285714286 0.375 0.39130434782609 0.36 0.41666666666667 0.36 0.44 0.58333333333333 0.54166666666667 0.44 0.54166666666667 
1262307760 0.12903225806452 0.41666666666667 0.85714285714286 0.375 0.39130434782609 0.36 0.41666666666667 0.36 0.44 0.58333333333333 0.52 0.44 0.54166666666667 
1262307795 0.12903225806452 0.41666666666667 0.85714285714286 0.375 0.39130434782609 0.36 0.41666666666667 0.36 0.44 0.58333333333333 0.52 0.44 0.54166666666667 
1262307804 0.12903225806452 0.41666666666667 0.85714285714286 0.36 0.39130434782609 0.36 0.41666666666667 0.36 0.44 0.6 0.52 0.44 0.54166666666667 
1262307811 0.13846153846154 0.41666666666667 0.85714285714286 0.36 0.39130434782609 0.36 0.41666666666667 0.36 0.44 0.6 0.52 0.44 0.54166666666667 
1262307812 0.13846153846154 0.41666666666667 0.84848484848485 0.36 0.39130434782609 0.36 0.41666666666667 0.36 0.44 0.6 0.52 0.44 0.54166666666667 
1262307854 0.13846153846154 0.41666666666667 0.84848484848485 0.36 0.39130434782609 0.36 0.41666666666667 0.36 0.44 0.6 0.52 0.46153846153846 0.54166666666667 
1262307860 0.13846153846154 0.41666666666667 0.84848484848485 0.36 0.39130434782609 0.36 0.41666666666667 0.36 0.44 0.6 0.53846153846154 0.46153846153846 0.54166666666667 
1262307895 0.13846153846154 0.41666666666667 0.84848484848485 0.36 0.39130434782609 0.36 0.4 0.36 0.44 0.6 0.53846153846154 0.46153846153846 0.54166666666667 
1262307904 0.13846153846154 0.41666666666667 0.84848484848485 0.36 0.375 0.38461538461538 0.4 0.36 0.44 0.57692307692308 0.53846153846154 0.46153846153846 0.56 
1262307911 0.13636363636364 0.41666666666667 0.84848484848485 0.36 0.375 0.38461538461538 0.4 0.36 0.44 0.57692307692308 0.53846153846154 0.46153846153846 0.56 
1262307912 0.13636363636364 0.41666666666667 0.85074626865672 0.36 0.375 0.38461538461538 0.4 0.36 0.44 0.57692307692308 0.53846153846154 0.46153846153846 0.56 
1262307954 0.13636363636364 0.41666666666667 0.85074626865672 0.36 0.375 0.38461538461538 0.4 0.36 0.46153846153846 0.57692307692308 0.53846153846154 0.5 0.56 
1262307960 0.13636363636364 0.41666666666667 0.85074626865672 0.36 0.375 0.38461538461538 0.4 0.36 0.46153846153846 0.57692307692308 0.51851851851852 0.5 0.56 
1262307995 0.13636363636364 0.41666666666667 0.85074626865672 0.36 0.375 0.38461538461538 0.38461538461538 0.36 0.46153846153846 0.57692307692308 0.51851851851852 0.5 0.56 
1262308004 0.13636363636364 0.4 0.85074626865672 0.36 0.36 0.38461538461538 0.38461538461538 0.38461538461538 0.46153846153846 0.57692307692308 0.51851851851852 0.5 0.56 
1262308011 0.13235294117647 0.4 0.85074626865672 0.36 0.36 0.38461538461538 0.38461538461538 0.38461538461538 0.46153846153846 0.57692307692308 0.51851851851852 0.5 0.56 
1262308012 0.13235294117647 0.4 0.84285714285714 0.36 0.36 0.38461538461538 0.38461538461538 0.38461538461538 0.46153846153846 0.57692307692308 0.51851851851852 0.5 0.56 
1262308054 0.13235294117647 0.4 0.84285714285714 0.36 0.36 0.38461538461538 0.38461538461538 0.38461538461538 0.48148148148148 0.57692307692308 0.51851851851852 0.5 0.56 
1262308060 0.13235294117647 0.4 0.84285714285714 0.36 0.36 0.38461538461538 0.38461538461538 0.38461538461538 0.48148148148148 0.57692307692308 0.55172413793103 0.5 0.56 
1262308095 0.13235294117647 0.4 0.84285714285714 0.36 0.36 0.38461538461538 0.38461538461538 0.38461538461538 0.48148148148148 0.57692307692308 0.55172413793103 0.5 0.56 
1262308104 0.13235294117647 0.4 0.84285714285714 0.37037037037037 0.38461538461538 0.37037037037037 0.38461538461538 0.37037037037037 0.48148148148148 0.60714285714286 0.55172413793103 0.5 0.59259259259259 
1262308111 0.1304347826087 0.4 0.84285714285714 0.37037037037037 0.38461538461538 0.37037037037037 0.38461538461538 0.37037037037037 0.48148148148148 0.60714285714286 0.55172413793103 0.5 0.59259259259259 
1262308154 0.1304347826087 0.4 0.84285714285714 0.37037037037037 0.38461538461538 0.37037037037037 0.38461538461538 0.37037037037037 0.5 0.60714285714286 0.55172413793103 0.5 0.59259259259259 
1262308160 0.1304347826087 0.4 0.84285714285714 0.37037037037037 0.38461538461538 0.37037037037037 0.38461538461538 0.37037037037037 0.5 0.60714285714286 0.55172413793103 0.5 0.59259259259259 
1262308195 0.1304347826087 0.4 0.84285714285714 0.37037037037037 0.38461538461538 0.37037037037037 0.37037037037037 0.37037037037037 0.5 0.60714285714286 0.55172413793103 0.5 0.59259259259259 
1262308204 0.1304347826087 0.38461538461538 0.84285714285714 0.37037037037037 0.37037037037037 0.37037037037037 0.37037037037037 0.37037037037037 0.5 0.60714285714286 0.55172413793103 0.5 0.60714285714286 
1262308211 0.14285714285714 0.38461538461538 0.84285714285714 0.37037037037037 0.37037037037037 0.37037037037037 0.37037037037037 0.37037037037037 0.5 0.60714285714286 0.55172413793103 0.5 0.60714285714286 
1262308214 0.14285714285714 0.38461538461538 0.84285714285714 0.37037037037037 0.37037037037037 0.37037037037037 0.37037037037037 0.37037037037037 0.5 0.60714285714286 0.55172413793103 0.5 0.60714285714286 
1262308254 0.14285714285714 0.38461538461538 0.84285714285714 0.37037037037037 0.37037037037037 0.37037037037037 0.37037037037037 0.37037037037037 0.5 0.60714285714286 0.55172413793103 0.5 0.60714285714286 
1262308260 0.14285714285714 0.38461538461538 0.84285714285714 0.37037037037037 0.37037037037037 0.37037037037037 0.37037037037037 0.37037037037037 0.5 0.60714285714286 0.53333333333333 0.5 0.60714285714286 
1262308295 0.14285714285714 0.38461538461538 0.84285714285714 0.37037037037037 0.37037037037037 0.37037037037037 0.37037037037037 0.37037037037037 0.5 0.60714285714286 0.53333333333333 0.5 0.60714285714286 
1262308304 0.14285714285714 0.40740740740741 0.84285714285714 0.37037037037037 0.39285714285714 0.37037037037037 0.37037037037037 0.39285714285714 0.5 0.58620689655172 0.53333333333333 0.5 0.60714285714286 
1262308311 0.14285714285714 0.40740740740741 0.84285714285714 0.37037037037037 0.39285714285714 0.37037037037037 0.37037037037037 0.39285714285714 0.5 0.58620689655172 0.53333333333333 0.5 0.60714285714286 
1262308314 0.14285714285714 0.40740740740741 0.84507042253521 0.37037037037037 0.39285714285714 0.37037037037037 0.37037037037037 0.39285714285714 0.5 0.58620689655172 0.53333333333333 0.5 0.60714285714286 
1262308354 0.14285714285714 0.40740740740741 0.84507042253521 0.37037037037037 0.39285714285714 0.37037037037037 0.37037037037037 0.39285714285714 0.48275862068966 0.58620689655172 0.53333333333333 0.48275862068966 0.60714285714286 
1262308360 0.14285714285714 0.40740740740741 0.84507042253521 0.37037037037037 0.39285714285714 0.37037037037037 0.37037037037037 0.39285714285714 0.48275862068966 0.58620689655172 0.51612903225806 0.48275862068966 0.60714285714286 
1262308395 0.14285714285714 0.40740740740741 0.84507042253521 0.37037037037037 0.39285714285714 0.37037037037037 0.39285714285714 0.39285714285714 0.48275862068966 0.58620689655172 0.51612903225806 0.48275862068966 0.60714285714286 
1262308404 0.14285714285714 0.40740740740741 0.84507042253521 0.39285714285714 0.39285714285714 0.35714285714286 0.39285714285714 0.37931034482759 0.48275862068966 0.58620689655172 0.51612903225806 0.48275862068966 0.58620689655172 
1262308411 0.15492957746479 0.40740740740741 0.84507042253521 0.39285714285714 0.39285714285714 0.35714285714286 0.39285714285714 0.37931034482759 0.48275862068966 0.58620689655172 0.51612903225806 0.48275862068966 0.58620689655172 
1262308414 0.15492957746479 0.40740740740741 0.84507042253521 0.39285714285714 0.39285714285714 0.35714285714286 0.39285714285714 0.37931034482759 0.48275862068966 0.58620689655172 0.51612903225806 0.48275862068966 0.58620689655172 
1262308426 0.15492957746479 0.42857142857143 0.84507042253521 0.39285714285714 0.39285714285714 0.35714285714286 0.39285714285714 0.37931034482759 0.48275862068966 0.58620689655172 0.51612903225806 0.48275862068966 0.58620689655172 
1262308454 0.15492957746479 0.42857142857143 0.84507042253521 0.39285714285714 0.39285714285714 0.35714285714286 0.39285714285714 0.37931034482759 0.46666666666667 0.58620689655172 0.51612903225806 0.46666666666667 0.58620689655172 
1262308460 0.15492957746479 0.42857142857143 0.84507042253521 0.39285714285714 0.39285714285714 0.35714285714286 0.39285714285714 0.37931034482759 0.46666666666667 0.58620689655172 0.51612903225806 0.46666666666667 0.58620689655172 
1262308495 0.15492957746479 0.42857142857143 0.84507042253521 0.39285714285714 0.39285714285714 0.35714285714286 0.37931034482759 0.37931034482759 0.46666666666667 0.58620689655172 0.51612903225806 0.46666666666667 0.58620689655172 
