NOTIFS:
node3	:	60	sent
node1	:	60	sent
SUBS:
on	node1
	node1	:	0	received
on	node3
	node3	:	0	received
1262304604 0 - 1 0 0 0 0 0 - - - - - 
1262304704 0 - 1 0 0 0 0 0 - - 1 - - 
1262304804 0 - 1 0 0 0 0 0 - - 1 - - 
1262304904 0 0 1 0 0 0 0 0 1 0 1 - 1 
1262305004 0 0 1 0 0 0 0 0 1 0.8 1 0.8 1 
1262305104 0 0 1 0 0 0 0 0 0.44444444444444 0.8 1 0.44444444444444 1 
1262305120 0 0 1 0 0 0 0 0 0.44444444444444 0.8 1 0.44444444444444 1 
1262305193 0 0 1 0 0 0 0 0 0.44444444444444 0.8 1 0.44444444444444 1 
1262305204 0 0 1 0 0 0 0 0 0.54545454545455 0.44444444444444 1 0.54545454545455 1 
1262305220 0 0 1 0 0 0 0 0 0.54545454545455 0.44444444444444 1 0.54545454545455 1 
1262305293 0 0 1 0 0 0 0 0 0.54545454545455 0.44444444444444 1 0.54545454545455 1 
1262305304 0 0.45454545454545 1 0 0 0 0.14285714285714 0 0.61538461538462 0.58333333333333 1 0.54545454545455 1 
1262305320 0 0.45454545454545 1 0 0 0 0.14285714285714 0 0.61538461538462 0.58333333333333 1 0.54545454545455 1 
1262305393 0 0.45454545454545 1 0 0 0 0.14285714285714 0 0.61538461538462 0.58333333333333 1 0.54545454545455 1 
1262305404 0 0.45454545454545 1 0 0 0 0.14285714285714 0 0.61538461538462 0.61538461538462 1 0.54545454545455 1 
1262305420 0 0.45454545454545 1 0 0 0 0.14285714285714 0 0.61538461538462 0.61538461538462 1 0.54545454545455 1 
1262305493 0 0.45454545454545 1 0 0 0 0.14285714285714 0 0.61538461538462 0.61538461538462 1 0.54545454545455 1 
1262305504 0 0.5 1 0 0 0 0.14285714285714 0 0.64285714285714 0.57142857142857 1 0.61538461538462 1 
1262305520 0 0.5 1 0 0 0.076923076923077 0.14285714285714 0 0.64285714285714 0.57142857142857 1 0.61538461538462 1 
1262305554 0 0.5 1 0 0 0.076923076923077 0.14285714285714 0 0.64285714285714 0.57142857142857 1 0.61538461538462 1 
1262305593 0 0.5 1 0 0 0.076923076923077 0.14285714285714 0 0.64285714285714 0.57142857142857 1 0.61538461538462 1 
1262305604 0 0.46153846153846 1 0 0.2 0.076923076923077 0.14285714285714 0 0.66666666666667 0.57142857142857 1 0.64285714285714 0.88888888888889 
1262305620 0 0.46153846153846 1 0 0.2 0.14285714285714 0.14285714285714 0 0.66666666666667 0.57142857142857 1 0.64285714285714 0.88888888888889 
1262305654 0 0.46153846153846 1 0 0.2 0.14285714285714 0.14285714285714 0 0.66666666666667 0.57142857142857 1 0.64285714285714 0.88888888888889 
1262305676 0 0.46153846153846 1 0 0.2 0.14285714285714 0.14285714285714 0 0.66666666666667 0.57142857142857 1 0.64285714285714 0.88888888888889 
1262305693 0 0.46153846153846 1 0 0.2 0.14285714285714 0.14285714285714 0 0.66666666666667 0.57142857142857 0.9 0.64285714285714 0.88888888888889 
1262305704 0 0.42857142857143 0.95238095238095 0 0.18181818181818 0.14285714285714 0.14285714285714 0 0.625 0.625 0.9 0.6 0.9 
1262305720 0 0.42857142857143 0.95238095238095 0.14285714285714 0.18181818181818 0.14285714285714 0.14285714285714 0 0.625 0.625 0.9 0.6 0.9 
1262305754 0 0.42857142857143 0.95238095238095 0.14285714285714 0.18181818181818 0.14285714285714 0.14285714285714 0 0.625 0.625 0.9 0.6 0.9 
1262305776 0 0.42857142857143 0.95238095238095 0.14285714285714 0.18181818181818 0.14285714285714 0.14285714285714 0 0.625 0.625 0.9 0.6 0.9 
1262305793 0 0.42857142857143 0.95238095238095 0.14285714285714 0.18181818181818 0.14285714285714 0.14285714285714 0 0.625 0.625 0.9 0.6 0.9 
1262305804 0 0.42857142857143 0.91666666666667 0.14285714285714 0.18181818181818 0.14285714285714 0.14285714285714 0 0.64705882352941 0.64705882352941 0.9 0.6 0.9 
1262305820 0 0.42857142857143 0.91666666666667 0.14285714285714 0.18181818181818 0.14285714285714 0.14285714285714 0 0.64705882352941 0.64705882352941 0.9 0.6 0.9 
1262305854 0 0.42857142857143 0.91666666666667 0.14285714285714 0.18181818181818 0.14285714285714 0.22222222222222 0 0.64705882352941 0.64705882352941 0.9 0.6 0.9 
1262305876 0 0.42857142857143 0.91666666666667 0.14285714285714 0.18181818181818 0.14285714285714 0.22222222222222 0 0.64705882352941 0.64705882352941 0.9 0.6 0.9 
1262305885 0 0.42857142857143 0.91666666666667 0.14285714285714 0.18181818181818 0.14285714285714 0.22222222222222 0 0.64705882352941 0.64705882352941 0.9 0.6 0.9 
1262305893 0 0.42857142857143 0.91666666666667 0.14285714285714 0.18181818181818 0.14285714285714 0.22222222222222 0 0.64705882352941 0.64705882352941 0.9 0.6 0.9 
1262305904 0 0.42857142857143 0.92307692307692 0.14285714285714 0.18181818181818 0.14285714285714 0.22222222222222 0 0.64705882352941 0.64705882352941 0.9 0.64705882352941 0.91666666666667 
1262305920 0 0.42857142857143 0.92307692307692 0.14285714285714 0.18181818181818 0.14285714285714 0.22222222222222 0 0.64705882352941 0.64705882352941 0.9 0.64705882352941 0.91666666666667 
1262305954 0 0.42857142857143 0.92307692307692 0.14285714285714 0.18181818181818 0.14285714285714 0.22222222222222 0 0.64705882352941 0.64705882352941 0.9 0.64705882352941 0.91666666666667 
1262305976 0 0.42857142857143 0.92307692307692 0.14285714285714 0.18181818181818 0.14285714285714 0.22222222222222 0 0.64705882352941 0.64705882352941 0.9 0.64705882352941 0.91666666666667 
1262305985 0 0.42857142857143 0.92307692307692 0.14285714285714 0.18181818181818 0.14285714285714 0.22222222222222 0.14285714285714 0.64705882352941 0.64705882352941 0.9 0.64705882352941 0.91666666666667 
1262305993 0 0.42857142857143 0.92307692307692 0.14285714285714 0.18181818181818 0.14285714285714 0.22222222222222 0.14285714285714 0.64705882352941 0.64705882352941 0.9 0.64705882352941 0.91666666666667 
1262306004 0 0.42857142857143 0.92592592592593 0.14285714285714 0.18181818181818 0.14285714285714 0.22222222222222 0.14285714285714 0.64705882352941 0.66666666666667 0.9 0.64705882352941 0.92307692307692 
1262306020 0 0.42857142857143 0.92592592592593 0.14285714285714 0.18181818181818 0.14285714285714 0.22222222222222 0.14285714285714 0.64705882352941 0.66666666666667 0.9 0.64705882352941 0.92307692307692 
1262306054 0 0.42857142857143 0.92592592592593 0.14285714285714 0.18181818181818 0.14285714285714 0.27272727272727 0.14285714285714 0.64705882352941 0.66666666666667 0.9 0.64705882352941 0.92307692307692 
1262306076 0.035714285714286 0.42857142857143 0.92592592592593 0.14285714285714 0.18181818181818 0.14285714285714 0.27272727272727 0.14285714285714 0.64705882352941 0.66666666666667 0.9 0.64705882352941 0.92307692307692 
1262306085 0.035714285714286 0.42857142857143 0.92592592592593 0.14285714285714 0.18181818181818 0.14285714285714 0.27272727272727 0.14285714285714 0.64705882352941 0.66666666666667 0.9 0.64705882352941 0.92307692307692 
1262306093 0.035714285714286 0.42857142857143 0.92592592592593 0.14285714285714 0.18181818181818 0.14285714285714 0.27272727272727 0.14285714285714 0.64705882352941 0.66666666666667 0.81818181818182 0.64705882352941 0.92307692307692 
1262306104 0.035714285714286 0.46666666666667 0.93103448275862 0.14285714285714 0.16666666666667 0.14285714285714 0.27272727272727 0.14285714285714 0.64705882352941 0.66666666666667 0.81818181818182 0.64705882352941 0.92307692307692 
1262306120 0.035714285714286 0.46666666666667 0.93103448275862 0.14285714285714 0.16666666666667 0.14285714285714 0.27272727272727 0.14285714285714 0.64705882352941 0.66666666666667 0.81818181818182 0.64705882352941 0.92307692307692 
1262306154 0.035714285714286 0.46666666666667 0.93103448275862 0.14285714285714 0.16666666666667 0.14285714285714 0.25 0.14285714285714 0.64705882352941 0.66666666666667 0.81818181818182 0.64705882352941 0.92307692307692 
1262306176 0.066666666666667 0.46666666666667 0.93103448275862 0.14285714285714 0.16666666666667 0.14285714285714 0.25 0.14285714285714 0.64705882352941 0.66666666666667 0.81818181818182 0.64705882352941 0.92307692307692 
1262306185 0.066666666666667 0.46666666666667 0.93103448275862 0.14285714285714 0.16666666666667 0.14285714285714 0.25 0.25 0.64705882352941 0.66666666666667 0.81818181818182 0.64705882352941 0.92307692307692 
1262306193 0.066666666666667 0.46666666666667 0.93103448275862 0.14285714285714 0.16666666666667 0.14285714285714 0.25 0.25 0.64705882352941 0.66666666666667 0.78571428571429 0.64705882352941 0.92307692307692 
1262306204 0.066666666666667 0.52631578947368 0.93548387096774 0.14285714285714 0.15384615384615 0.14285714285714 0.25 0.25 0.63157894736842 0.65 0.78571428571429 0.57894736842105 0.85714285714286 
1262306220 0.066666666666667 0.52631578947368 0.93548387096774 0.13333333333333 0.15384615384615 0.14285714285714 0.25 0.25 0.63157894736842 0.65 0.78571428571429 0.57894736842105 0.85714285714286 
1262306254 0.066666666666667 0.52631578947368 0.93548387096774 0.13333333333333 0.15384615384615 0.14285714285714 0.25 0.25 0.63157894736842 0.65 0.78571428571429 0.57894736842105 0.85714285714286 
1262306276 0.0625 0.52631578947368 0.93548387096774 0.13333333333333 0.15384615384615 0.14285714285714 0.25 0.25 0.63157894736842 0.65 0.78571428571429 0.57894736842105 0.85714285714286 
1262306285 0.0625 0.52631578947368 0.93548387096774 0.13333333333333 0.15384615384615 0.14285714285714 0.25 0.29411764705882 0.63157894736842 0.65 0.78571428571429 0.57894736842105 0.85714285714286 
1262306293 0.0625 0.52631578947368 0.93548387096774 0.13333333333333 0.15384615384615 0.14285714285714 0.25 0.29411764705882 0.63157894736842 0.65 0.78571428571429 0.57894736842105 0.85714285714286 
1262306304 0.0625 0.55 0.9375 0.13333333333333 0.15384615384615 0.14285714285714 0.25 0.29411764705882 0.61904761904762 0.65 0.78571428571429 0.59090909090909 0.8125 
1262306320 0.0625 0.55 0.9375 0.13333333333333 0.15384615384615 0.13333333333333 0.25 0.29411764705882 0.61904761904762 0.65 0.78571428571429 0.59090909090909 0.8125 
1262306354 0.0625 0.55 0.9375 0.13333333333333 0.15384615384615 0.13333333333333 0.23076923076923 0.29411764705882 0.61904761904762 0.65 0.78571428571429 0.59090909090909 0.8125 
1262306376 0.058823529411765 0.55 0.9375 0.13333333333333 0.15384615384615 0.13333333333333 0.23076923076923 0.29411764705882 0.61904761904762 0.65 0.78571428571429 0.59090909090909 0.8125 
1262306385 0.058823529411765 0.55 0.9375 0.13333333333333 0.15384615384615 0.13333333333333 0.23076923076923 0.36842105263158 0.61904761904762 0.65 0.78571428571429 0.59090909090909 0.8125 
1262306393 0.058823529411765 0.55 0.9375 0.13333333333333 0.15384615384615 0.13333333333333 0.23076923076923 0.36842105263158 0.61904761904762 0.65 0.8 0.59090909090909 0.8125 
1262306404 0.058823529411765 0.5 0.94117647058824 0.13333333333333 0.15384615384615 0.13333333333333 0.23076923076923 0.36842105263158 0.61904761904762 0.66666666666667 0.8 0.59090909090909 0.8125 
1262306420 0.058823529411765 0.5 0.94117647058824 0.1875 0.15384615384615 0.23529411764706 0.23076923076923 0.36842105263158 0.61904761904762 0.66666666666667 0.8 0.59090909090909 0.8125 
1262306454 0.058823529411765 0.5 0.94117647058824 0.1875 0.15384615384615 0.23529411764706 0.21428571428571 0.36842105263158 0.61904761904762 0.66666666666667 0.8 0.59090909090909 0.8125 
1262306476 0.083333333333333 0.5 0.94117647058824 0.1875 0.15384615384615 0.23529411764706 0.21428571428571 0.36842105263158 0.61904761904762 0.66666666666667 0.8 0.59090909090909 0.8125 
1262306485 0.083333333333333 0.5 0.94117647058824 0.1875 0.15384615384615 0.23529411764706 0.21428571428571 0.35 0.61904761904762 0.66666666666667 0.8 0.59090909090909 0.8125 
1262306493 0.083333333333333 0.5 0.94117647058824 0.1875 0.15384615384615 0.23529411764706 0.21428571428571 0.35 0.61904761904762 0.66666666666667 0.8 0.59090909090909 0.8125 
1262306504 0.083333333333333 0.47826086956522 0.91891891891892 0.1875 0.21428571428571 0.23529411764706 0.21428571428571 0.35 0.61904761904762 0.66666666666667 0.8 0.59090909090909 0.76470588235294 
1262306520 0.083333333333333 0.47826086956522 0.91891891891892 0.27777777777778 0.21428571428571 0.23529411764706 0.21428571428571 0.35 0.61904761904762 0.66666666666667 0.8 0.59090909090909 0.76470588235294 
1262306554 0.083333333333333 0.47826086956522 0.91891891891892 0.27777777777778 0.21428571428571 0.23529411764706 0.21428571428571 0.35 0.61904761904762 0.66666666666667 0.8 0.59090909090909 0.76470588235294 
1262306576 0.078947368421053 0.47826086956522 0.91891891891892 0.27777777777778 0.21428571428571 0.23529411764706 0.21428571428571 0.35 0.61904761904762 0.66666666666667 0.8 0.59090909090909 0.76470588235294 
1262306585 0.078947368421053 0.47826086956522 0.91891891891892 0.27777777777778 0.21428571428571 0.23529411764706 0.21428571428571 0.35 0.61904761904762 0.66666666666667 0.8 0.59090909090909 0.76470588235294 
1262306593 0.078947368421053 0.47826086956522 0.91891891891892 0.27777777777778 0.21428571428571 0.23529411764706 0.21428571428571 0.35 0.61904761904762 0.66666666666667 0.8 0.59090909090909 0.76470588235294 
1262306604 0.078947368421053 0.48 0.8974358974359 0.27777777777778 0.26666666666667 0.23529411764706 0.21428571428571 0.35 0.63636363636364 0.66666666666667 0.8 0.59090909090909 0.72222222222222 
1262306620 0.078947368421053 0.48 0.8974358974359 0.27777777777778 0.26666666666667 0.22222222222222 0.21428571428571 0.35 0.63636363636364 0.66666666666667 0.8 0.59090909090909 0.72222222222222 
1262306654 0.078947368421053 0.48 0.8974358974359 0.27777777777778 0.26666666666667 0.22222222222222 0.26666666666667 0.35 0.63636363636364 0.66666666666667 0.8 0.59090909090909 0.72222222222222 
1262306676 0.097560975609756 0.48 0.8974358974359 0.27777777777778 0.26666666666667 0.22222222222222 0.26666666666667 0.35 0.63636363636364 0.66666666666667 0.8 0.59090909090909 0.72222222222222 
1262306685 0.097560975609756 0.48 0.8974358974359 0.27777777777778 0.26666666666667 0.22222222222222 0.26666666666667 0.35 0.63636363636364 0.66666666666667 0.8 0.59090909090909 0.72222222222222 
1262306693 0.097560975609756 0.48 0.8974358974359 0.27777777777778 0.26666666666667 0.22222222222222 0.26666666666667 0.35 0.63636363636364 0.66666666666667 0.75 0.59090909090909 0.72222222222222 
1262306704 0.097560975609756 0.48 0.90243902439024 0.27777777777778 0.3125 0.22222222222222 0.26666666666667 0.35 0.63636363636364 0.68181818181818 0.75 0.59090909090909 0.65 
1262306720 0.097560975609756 0.48 0.90243902439024 0.27777777777778 0.3125 0.22222222222222 0.26666666666667 0.35 0.63636363636364 0.68181818181818 0.75 0.59090909090909 0.65 
1262306754 0.097560975609756 0.48 0.90243902439024 0.27777777777778 0.3125 0.22222222222222 0.35294117647059 0.35 0.63636363636364 0.68181818181818 0.75 0.59090909090909 0.65 
1262306776 0.095238095238095 0.48 0.90243902439024 0.27777777777778 0.3125 0.22222222222222 0.35294117647059 0.35 0.63636363636364 0.68181818181818 0.75 0.59090909090909 0.65 
1262306785 0.095238095238095 0.48 0.90243902439024 0.27777777777778 0.3125 0.22222222222222 0.35294117647059 0.33333333333333 0.63636363636364 0.68181818181818 0.75 0.59090909090909 0.65 
1262306793 0.095238095238095 0.48 0.90243902439024 0.27777777777778 0.3125 0.22222222222222 0.35294117647059 0.33333333333333 0.63636363636364 0.68181818181818 0.63157894736842 0.59090909090909 0.65 
1262306804 0.095238095238095 0.5 0.90697674418605 0.27777777777778 0.33333333333333 0.22222222222222 0.35294117647059 0.33333333333333 0.58333333333333 0.68181818181818 0.63157894736842 0.59090909090909 0.65 
1262306820 0.095238095238095 0.5 0.90697674418605 0.28571428571429 0.33333333333333 0.26315789473684 0.35294117647059 0.33333333333333 0.58333333333333 0.68181818181818 0.63157894736842 0.59090909090909 0.65 
1262306854 0.095238095238095 0.5 0.90697674418605 0.28571428571429 0.33333333333333 0.26315789473684 0.36842105263158 0.33333333333333 0.58333333333333 0.68181818181818 0.63157894736842 0.59090909090909 0.65 
1262306885 0.095238095238095 0.5 0.90697674418605 0.28571428571429 0.33333333333333 0.26315789473684 0.36842105263158 0.33333333333333 0.58333333333333 0.68181818181818 0.63157894736842 0.59090909090909 0.65 
1262306893 0.095238095238095 0.5 0.90697674418605 0.28571428571429 0.33333333333333 0.26315789473684 0.36842105263158 0.33333333333333 0.58333333333333 0.68181818181818 0.65 0.59090909090909 0.65 
1262306904 0.095238095238095 0.5 0.90909090909091 0.28571428571429 0.35 0.26315789473684 0.36842105263158 0.33333333333333 0.53846153846154 0.68181818181818 0.65 0.59090909090909 0.65 
1262306920 0.095238095238095 0.5 0.90909090909091 0.28571428571429 0.35 0.33333333333333 0.36842105263158 0.33333333333333 0.53846153846154 0.68181818181818 0.65 0.59090909090909 0.65 
1262306954 0.095238095238095 0.5 0.90909090909091 0.28571428571429 0.35 0.33333333333333 0.36842105263158 0.33333333333333 0.53846153846154 0.68181818181818 0.65 0.59090909090909 0.65 
1262306985 0.095238095238095 0.5 0.90909090909091 0.28571428571429 0.35 0.33333333333333 0.36842105263158 0.31818181818182 0.53846153846154 0.68181818181818 0.65 0.59090909090909 0.65 
1262306993 0.095238095238095 0.5 0.90909090909091 0.28571428571429 0.35 0.33333333333333 0.36842105263158 0.31818181818182 0.53846153846154 0.68181818181818 0.65 0.59090909090909 0.65 
1262307004 0.095238095238095 0.48148148148148 0.8936170212766 0.28571428571429 0.35 0.33333333333333 0.36842105263158 0.31818181818182 0.55555555555556 0.625 0.65 0.60869565217391 0.63636363636364 
1262307020 0.095238095238095 0.48148148148148 0.8936170212766 0.31818181818182 0.35 0.39130434782609 0.36842105263158 0.31818181818182 0.55555555555556 0.625 0.65 0.60869565217391 0.63636363636364 
1262307046 0.11111111111111 0.48148148148148 0.8936170212766 0.31818181818182 0.35 0.39130434782609 0.36842105263158 0.31818181818182 0.55555555555556 0.625 0.65 0.60869565217391 0.63636363636364 
1262307054 0.11111111111111 0.48148148148148 0.8936170212766 0.31818181818182 0.35 0.39130434782609 0.36842105263158 0.31818181818182 0.55555555555556 0.625 0.65 0.60869565217391 0.63636363636364 
1262307085 0.11111111111111 0.48148148148148 0.8936170212766 0.31818181818182 0.35 0.39130434782609 0.36842105263158 0.31818181818182 0.55555555555556 0.625 0.65 0.60869565217391 0.63636363636364 
1262307093 0.11111111111111 0.48148148148148 0.8936170212766 0.31818181818182 0.35 0.39130434782609 0.36842105263158 0.31818181818182 0.55555555555556 0.625 0.65 0.60869565217391 0.63636363636364 
1262307104 0.11111111111111 0.5 0.89795918367347 0.31818181818182 0.35 0.39130434782609 0.36842105263158 0.31818181818182 0.55555555555556 0.6 0.65 0.60869565217391 0.60869565217391 
1262307120 0.11111111111111 0.5 0.89795918367347 0.31818181818182 0.35 0.41666666666667 0.36842105263158 0.31818181818182 0.55555555555556 0.6 0.65 0.60869565217391 0.60869565217391 
1262307146 0.11764705882353 0.5 0.89795918367347 0.31818181818182 0.35 0.41666666666667 0.36842105263158 0.31818181818182 0.55555555555556 0.6 0.65 0.60869565217391 0.60869565217391 
1262307154 0.11764705882353 0.5 0.89795918367347 0.31818181818182 0.35 0.41666666666667 0.36842105263158 0.31818181818182 0.55555555555556 0.6 0.65 0.60869565217391 0.60869565217391 
1262307185 0.11764705882353 0.5 0.89795918367347 0.31818181818182 0.35 0.41666666666667 0.36842105263158 0.34782608695652 0.55555555555556 0.6 0.65 0.60869565217391 0.60869565217391 
1262307193 0.11764705882353 0.5 0.89795918367347 0.31818181818182 0.35 0.41666666666667 0.36842105263158 0.34782608695652 0.55555555555556 0.6 0.65 0.60869565217391 0.60869565217391 
1262307204 0.11764705882353 0.5 0.9 0.31818181818182 0.33333333333333 0.41666666666667 0.36842105263158 0.34782608695652 0.57142857142857 0.6 0.65 0.58333333333333 0.60869565217391 
1262307220 0.11764705882353 0.5 0.9 0.30434782608696 0.33333333333333 0.4 0.36842105263158 0.34782608695652 0.57142857142857 0.6 0.65 0.58333333333333 0.60869565217391 
1262307246 0.13207547169811 0.5 0.9 0.30434782608696 0.33333333333333 0.4 0.36842105263158 0.34782608695652 0.57142857142857 0.6 0.65 0.58333333333333 0.60869565217391 
1262307254 0.13207547169811 0.5 0.9 0.30434782608696 0.33333333333333 0.4 0.36842105263158 0.34782608695652 0.57142857142857 0.6 0.65 0.58333333333333 0.60869565217391 
1262307285 0.13207547169811 0.5 0.9 0.30434782608696 0.33333333333333 0.4 0.36842105263158 0.375 0.57142857142857 0.6 0.65 0.58333333333333 0.60869565217391 
1262307293 0.13207547169811 0.5 0.9 0.30434782608696 0.33333333333333 0.4 0.36842105263158 0.375 0.57142857142857 0.6 0.65 0.58333333333333 0.60869565217391 
1262307304 0.13207547169811 0.5 0.88679245283019 0.30434782608696 0.36363636363636 0.4 0.36842105263158 0.375 0.57142857142857 0.62962962962963 0.65 0.58333333333333 0.60869565217391 
1262307320 0.13207547169811 0.5 0.88679245283019 0.33333333333333 0.36363636363636 0.38461538461538 0.36842105263158 0.375 0.57142857142857 0.62962962962963 0.65 0.58333333333333 0.60869565217391 
1262307346 0.14285714285714 0.5 0.88679245283019 0.33333333333333 0.36363636363636 0.38461538461538 0.36842105263158 0.375 0.57142857142857 0.62962962962963 0.65 0.58333333333333 0.60869565217391 
1262307354 0.14285714285714 0.5 0.88679245283019 0.33333333333333 0.36363636363636 0.38461538461538 0.4 0.375 0.57142857142857 0.62962962962963 0.65 0.58333333333333 0.60869565217391 
1262307385 0.14285714285714 0.5 0.88679245283019 0.33333333333333 0.36363636363636 0.38461538461538 0.4 0.36 0.57142857142857 0.62962962962963 0.65 0.58333333333333 0.60869565217391 
1262307393 0.14285714285714 0.5 0.88679245283019 0.33333333333333 0.36363636363636 0.38461538461538 0.4 0.36 0.57142857142857 0.62962962962963 0.61904761904762 0.58333333333333 0.60869565217391 
1262307404 0.14285714285714 0.5 0.89090909090909 0.33333333333333 0.36363636363636 0.38461538461538 0.4 0.36 0.57142857142857 0.60714285714286 0.61904761904762 0.56 0.60869565217391 
1262307420 0.14285714285714 0.5 0.89090909090909 0.36 0.36363636363636 0.39285714285714 0.4 0.36 0.57142857142857 0.60714285714286 0.61904761904762 0.56 0.60869565217391 
1262307446 0.13793103448276 0.5 0.89090909090909 0.36 0.36363636363636 0.39285714285714 0.4 0.36 0.57142857142857 0.60714285714286 0.61904761904762 0.56 0.60869565217391 
1262307454 0.13793103448276 0.5 0.89090909090909 0.36 0.36363636363636 0.39285714285714 0.40909090909091 0.36 0.57142857142857 0.60714285714286 0.61904761904762 0.56 0.60869565217391 
1262307485 0.13793103448276 0.5 0.89090909090909 0.36 0.36363636363636 0.39285714285714 0.40909090909091 0.38461538461538 0.57142857142857 0.60714285714286 0.61904761904762 0.56 0.60869565217391 
1262307493 0.13793103448276 0.5 0.89090909090909 0.36 0.36363636363636 0.39285714285714 0.40909090909091 0.38461538461538 0.57142857142857 0.60714285714286 0.65217391304348 0.56 0.60869565217391 
1262307504 0.13793103448276 0.51724137931034 0.89285714285714 0.36 0.34782608695652 0.39285714285714 0.40909090909091 0.38461538461538 0.57142857142857 0.60714285714286 0.65217391304348 0.56 0.60869565217391 
1262307520 0.13793103448276 0.51724137931034 0.89285714285714 0.38461538461538 0.34782608695652 0.39285714285714 0.40909090909091 0.38461538461538 0.57142857142857 0.60714285714286 0.65217391304348 0.56 0.60869565217391 
1262307546 0.13559322033898 0.51724137931034 0.89285714285714 0.38461538461538 0.34782608695652 0.39285714285714 0.40909090909091 0.38461538461538 0.57142857142857 0.60714285714286 0.65217391304348 0.56 0.60869565217391 
1262307554 0.13559322033898 0.51724137931034 0.89285714285714 0.38461538461538 0.34782608695652 0.39285714285714 0.39130434782609 0.38461538461538 0.57142857142857 0.60714285714286 0.65217391304348 0.56 0.60869565217391 
1262307585 0.13559322033898 0.51724137931034 0.89285714285714 0.38461538461538 0.34782608695652 0.39285714285714 0.39130434782609 0.38461538461538 0.57142857142857 0.60714285714286 0.65217391304348 0.56 0.60869565217391 
1262307593 0.13559322033898 0.51724137931034 0.89285714285714 0.38461538461538 0.34782608695652 0.39285714285714 0.39130434782609 0.38461538461538 0.57142857142857 0.60714285714286 0.625 0.56 0.60869565217391 
1262307604 0.13559322033898 0.51724137931034 0.88135593220339 0.38461538461538 0.34782608695652 0.39285714285714 0.39130434782609 0.38461538461538 0.57142857142857 0.60714285714286 0.625 0.55172413793103 0.58333333333333 
1262307620 0.13559322033898 0.51724137931034 0.88135593220339 0.38461538461538 0.34782608695652 0.39285714285714 0.39130434782609 0.38461538461538 0.57142857142857 0.60714285714286 0.625 0.55172413793103 0.58333333333333 
1262307646 0.13114754098361 0.51724137931034 0.88135593220339 0.38461538461538 0.34782608695652 0.39285714285714 0.39130434782609 0.38461538461538 0.57142857142857 0.60714285714286 0.625 0.55172413793103 0.58333333333333 
1262307654 0.13114754098361 0.51724137931034 0.88135593220339 0.38461538461538 0.34782608695652 0.39285714285714 0.39130434782609 0.38461538461538 0.57142857142857 0.60714285714286 0.625 0.55172413793103 0.58333333333333 
1262307685 0.13114754098361 0.51724137931034 0.88135593220339 0.38461538461538 0.34782608695652 0.39285714285714 0.39130434782609 0.38461538461538 0.57142857142857 0.60714285714286 0.625 0.55172413793103 0.58333333333333 
1262307693 0.13114754098361 0.51724137931034 0.88135593220339 0.38461538461538 0.34782608695652 0.39285714285714 0.39130434782609 0.38461538461538 0.57142857142857 0.60714285714286 0.625 0.55172413793103 0.58333333333333 
1262307704 0.13114754098361 0.53333333333333 0.87096774193548 0.38461538461538 0.375 0.39285714285714 0.39130434782609 0.38461538461538 0.57142857142857 0.6 0.625 0.55172413793103 0.6 
1262307720 0.13114754098361 0.53333333333333 0.87096774193548 0.38461538461538 0.375 0.39285714285714 0.39130434782609 0.38461538461538 0.57142857142857 0.6 0.625 0.55172413793103 0.6 
1262307746 0.140625 0.53333333333333 0.87096774193548 0.38461538461538 0.375 0.39285714285714 0.39130434782609 0.38461538461538 0.57142857142857 0.6 0.625 0.55172413793103 0.6 
1262307754 0.140625 0.53333333333333 0.87096774193548 0.38461538461538 0.375 0.39285714285714 0.375 0.38461538461538 0.57142857142857 0.6 0.625 0.55172413793103 0.6 
1262307785 0.140625 0.53333333333333 0.87096774193548 0.38461538461538 0.375 0.39285714285714 0.375 0.40740740740741 0.57142857142857 0.6 0.625 0.55172413793103 0.6 
1262307793 0.140625 0.53333333333333 0.87096774193548 0.38461538461538 0.375 0.39285714285714 0.375 0.40740740740741 0.57142857142857 0.6 0.6 0.55172413793103 0.6 
1262307804 0.140625 0.51612903225806 0.87301587301587 0.38461538461538 0.375 0.39285714285714 0.375 0.40740740740741 0.57142857142857 0.6 0.6 0.53333333333333 0.6 
1262307820 0.140625 0.51612903225806 0.87301587301587 0.38461538461538 0.375 0.43333333333333 0.375 0.40740740740741 0.57142857142857 0.6 0.6 0.53333333333333 0.6 
1262307846 0.13846153846154 0.51612903225806 0.87301587301587 0.38461538461538 0.375 0.43333333333333 0.375 0.40740740740741 0.57142857142857 0.6 0.6 0.53333333333333 0.6 
1262307854 0.13846153846154 0.51612903225806 0.87301587301587 0.38461538461538 0.375 0.43333333333333 0.4 0.40740740740741 0.57142857142857 0.6 0.6 0.53333333333333 0.6 
1262307885 0.13846153846154 0.51612903225806 0.87301587301587 0.38461538461538 0.375 0.43333333333333 0.4 0.37931034482759 0.57142857142857 0.6 0.6 0.53333333333333 0.6 
1262307893 0.13846153846154 0.51612903225806 0.87301587301587 0.38461538461538 0.375 0.43333333333333 0.4 0.37931034482759 0.57142857142857 0.6 0.57692307692308 0.53333333333333 0.6 
1262307904 0.13846153846154 0.51612903225806 0.87692307692308 0.38461538461538 0.375 0.43333333333333 0.4 0.37931034482759 0.57142857142857 0.6 0.57692307692308 0.53333333333333 0.59259259259259 
1262307920 0.13846153846154 0.51612903225806 0.87692307692308 0.40740740740741 0.375 0.41935483870968 0.4 0.37931034482759 0.57142857142857 0.6 0.57692307692308 0.53333333333333 0.59259259259259 
1262307946 0.14705882352941 0.51612903225806 0.87692307692308 0.40740740740741 0.375 0.41935483870968 0.4 0.37931034482759 0.57142857142857 0.6 0.57692307692308 0.53333333333333 0.59259259259259 
1262307954 0.14705882352941 0.51612903225806 0.87692307692308 0.40740740740741 0.375 0.41935483870968 0.42307692307692 0.37931034482759 0.57142857142857 0.6 0.57692307692308 0.53333333333333 0.59259259259259 
1262307985 0.14705882352941 0.51612903225806 0.87692307692308 0.40740740740741 0.375 0.41935483870968 0.42307692307692 0.37931034482759 0.57142857142857 0.6 0.57692307692308 0.53333333333333 0.59259259259259 
1262307993 0.14705882352941 0.51612903225806 0.87692307692308 0.40740740740741 0.375 0.41935483870968 0.42307692307692 0.37931034482759 0.57142857142857 0.6 0.59259259259259 0.53333333333333 0.59259259259259 
1262308004 0.14705882352941 0.5 0.88059701492537 0.40740740740741 0.4 0.41935483870968 0.42307692307692 0.37931034482759 0.55172413793103 0.58064516129032 0.59259259259259 0.53333333333333 0.60714285714286 
1262308020 0.14705882352941 0.5 0.88059701492537 0.39285714285714 0.4 0.41935483870968 0.42307692307692 0.37931034482759 0.55172413793103 0.58064516129032 0.59259259259259 0.53333333333333 0.60714285714286 
1262308046 0.15492957746479 0.5 0.88059701492537 0.39285714285714 0.4 0.41935483870968 0.42307692307692 0.37931034482759 0.55172413793103 0.58064516129032 0.59259259259259 0.53333333333333 0.60714285714286 
1262308054 0.15492957746479 0.5 0.88059701492537 0.39285714285714 0.4 0.41935483870968 0.42307692307692 0.37931034482759 0.55172413793103 0.58064516129032 0.59259259259259 0.53333333333333 0.60714285714286 
1262308093 0.15492957746479 0.5 0.88059701492537 0.39285714285714 0.4 0.41935483870968 0.42307692307692 0.37931034482759 0.55172413793103 0.58064516129032 0.59259259259259 0.53333333333333 0.60714285714286 
1262308104 0.15492957746479 0.48484848484848 0.88235294117647 0.39285714285714 0.40740740740741 0.41935483870968 0.42307692307692 0.37931034482759 0.55172413793103 0.58064516129032 0.59259259259259 0.53333333333333 0.60714285714286 
1262308120 0.15492957746479 0.48484848484848 0.88235294117647 0.39285714285714 0.40740740740741 0.41935483870968 0.42307692307692 0.37931034482759 0.55172413793103 0.58064516129032 0.59259259259259 0.53333333333333 0.60714285714286 
1262308136 0.15492957746479 0.48484848484848 0.88235294117647 0.39285714285714 0.40740740740741 0.41935483870968 0.42307692307692 0.37931034482759 0.55172413793103 0.58064516129032 0.59259259259259 0.53333333333333 0.60714285714286 
1262308146 0.15492957746479 0.48484848484848 0.88235294117647 0.39285714285714 0.40740740740741 0.41935483870968 0.42307692307692 0.37931034482759 0.55172413793103 0.58064516129032 0.59259259259259 0.53333333333333 0.60714285714286 
1262308154 0.15492957746479 0.48484848484848 0.88235294117647 0.39285714285714 0.40740740740741 0.41935483870968 0.44444444444444 0.37931034482759 0.55172413793103 0.58064516129032 0.59259259259259 0.53333333333333 0.60714285714286 
1262308193 0.15492957746479 0.48484848484848 0.88235294117647 0.39285714285714 0.40740740740741 0.41935483870968 0.44444444444444 0.37931034482759 0.55172413793103 0.58064516129032 0.57142857142857 0.53333333333333 0.60714285714286 
1262308204 0.15492957746479 0.48484848484848 0.85714285714286 0.39285714285714 0.40740740740741 0.41935483870968 0.44444444444444 0.37931034482759 0.53333333333333 0.58064516129032 0.57142857142857 0.53333333333333 0.6 
1262308220 0.15492957746479 0.48484848484848 0.85714285714286 0.39285714285714 0.40740740740741 0.41935483870968 0.44444444444444 0.37931034482759 0.53333333333333 0.58064516129032 0.57142857142857 0.53333333333333 0.6 
1262308229 0.15492957746479 0.48484848484848 0.85714285714286 0.39285714285714 0.40740740740741 0.41935483870968 0.44444444444444 0.37931034482759 0.53333333333333 0.58064516129032 0.57142857142857 0.53333333333333 0.6 
1262308236 0.15492957746479 0.48484848484848 0.85714285714286 0.39285714285714 0.40740740740741 0.41935483870968 0.44444444444444 0.37931034482759 0.53333333333333 0.58064516129032 0.57142857142857 0.5625 0.6 
1262308246 0.15492957746479 0.48484848484848 0.85714285714286 0.39285714285714 0.40740740740741 0.41935483870968 0.44444444444444 0.37931034482759 0.53333333333333 0.58064516129032 0.57142857142857 0.5625 0.6 
1262308254 0.15492957746479 0.48484848484848 0.85714285714286 0.39285714285714 0.40740740740741 0.41935483870968 0.44444444444444 0.37931034482759 0.53333333333333 0.58064516129032 0.57142857142857 0.5625 0.6 
1262308293 0.15492957746479 0.48484848484848 0.85714285714286 0.39285714285714 0.40740740740741 0.41935483870968 0.44444444444444 0.37931034482759 0.53333333333333 0.58064516129032 0.55172413793103 0.5625 0.6 
1262308304 0.15492957746479 0.48484848484848 0.85714285714286 0.39285714285714 0.40740740740741 0.41935483870968 0.44444444444444 0.37931034482759 0.54838709677419 0.5625 0.55172413793103 0.5625 0.6 
1262308320 0.15492957746479 0.48484848484848 0.85714285714286 0.43333333333333 0.40740740740741 0.42424242424242 0.44444444444444 0.37931034482759 0.54838709677419 0.5625 0.55172413793103 0.5625 0.6 
1262308329 0.15492957746479 0.48484848484848 0.85714285714286 0.43333333333333 0.40740740740741 0.42424242424242 0.44444444444444 0.41935483870968 0.54838709677419 0.5625 0.55172413793103 0.5625 0.6 
1262308336 0.15492957746479 0.48484848484848 0.85714285714286 0.43333333333333 0.40740740740741 0.42424242424242 0.44444444444444 0.41935483870968 0.54838709677419 0.5625 0.55172413793103 0.57575757575758 0.6 
1262308346 0.15492957746479 0.48484848484848 0.85714285714286 0.43333333333333 0.40740740740741 0.42424242424242 0.44444444444444 0.41935483870968 0.54838709677419 0.5625 0.55172413793103 0.57575757575758 0.6 
1262308354 0.15492957746479 0.48484848484848 0.85714285714286 0.43333333333333 0.40740740740741 0.42424242424242 0.44444444444444 0.41935483870968 0.54838709677419 0.5625 0.55172413793103 0.57575757575758 0.6 
1262308393 0.15492957746479 0.48484848484848 0.85714285714286 0.43333333333333 0.40740740740741 0.42424242424242 0.44444444444444 0.41935483870968 0.54838709677419 0.5625 0.55172413793103 0.57575757575758 0.6 
1262308404 0.15492957746479 0.47058823529412 0.83333333333333 0.43333333333333 0.42857142857143 0.42424242424242 0.44444444444444 0.41935483870968 0.57575757575758 0.57575757575758 0.55172413793103 0.57575757575758 0.59375 
1262308420 0.15492957746479 0.47058823529412 0.83333333333333 0.43333333333333 0.42857142857143 0.42424242424242 0.44444444444444 0.41935483870968 0.57575757575758 0.57575757575758 0.55172413793103 0.57575757575758 0.59375 
1262308429 0.15492957746479 0.47058823529412 0.83333333333333 0.43333333333333 0.42857142857143 0.42424242424242 0.44444444444444 0.4375 0.57575757575758 0.57575757575758 0.55172413793103 0.57575757575758 0.59375 
1262308436 0.15492957746479 0.47058823529412 0.83333333333333 0.43333333333333 0.42857142857143 0.42424242424242 0.44444444444444 0.4375 0.57575757575758 0.57575757575758 0.55172413793103 0.55882352941176 0.59375 
1262308446 0.16666666666667 0.47058823529412 0.83333333333333 0.43333333333333 0.42857142857143 0.42424242424242 0.44444444444444 0.4375 0.57575757575758 0.57575757575758 0.55172413793103 0.55882352941176 0.59375 
1262308454 0.16666666666667 0.47058823529412 0.83333333333333 0.43333333333333 0.42857142857143 0.42424242424242 0.42857142857143 0.4375 0.57575757575758 0.57575757575758 0.55172413793103 0.55882352941176 0.59375 
1262308493 0.16666666666667 0.47058823529412 0.83333333333333 0.43333333333333 0.42857142857143 0.42424242424242 0.42857142857143 0.4375 0.57575757575758 0.57575757575758 0.55172413793103 0.55882352941176 0.59375 
