NOTIFS:
node3	:	60	sent
node1	:	60	sent
SUBS:
on	node1
	node1	:	0	received
on	node3
	node3	:	0	received
1262304604 0 - 1 - - - 0 - 1 - 1 1 - 
1262304704 0 - 1 - - - 0 0 1 - 1 1 - 
1262304804 0 - 1 0 0 - 0 0 1 1 1 1 1 
1262304894 0 - 1 0 0 - 0 0 1 1 1 1 1 
1262304904 0 - 1 0 0 0 0 0 1 1 1 1 1 
1262304994 0 - 1 0 0 0 0 0 1 1 1 1 1 
1262305004 0 - 1 0 0 0 0 0 1 1 1 1 1 
1262305094 0 - 1 0 0 0 0 0 1 1 1 1 1 
1262305104 0 0 1 0 0 0 0 0.33333333333333 1 0.63636363636364 1 1 1 
1262305194 0 0 1 0 0 0 0 0.33333333333333 1 0.63636363636364 1 1 1 
1262305204 0 0.33333333333333 1 0.27272727272727 0.27272727272727 0 0 0.33333333333333 1 0.61538461538462 1 1 0.90909090909091 
1262305294 0 0.33333333333333 1 0.27272727272727 0.27272727272727 0 0 0.33333333333333 1 0.61538461538462 1 1 0.90909090909091 
1262305304 0 0.2 1 0.27272727272727 0.27272727272727 0 0 0.30769230769231 1 0.61538461538462 0.90909090909091 1 0.90909090909091 
1262305394 0 0.2 1 0.27272727272727 0.27272727272727 0 0.083333333333333 0.30769230769231 1 0.61538461538462 0.90909090909091 1 0.90909090909091 
1262305404 0.0625 0.42857142857143 1 0.27272727272727 0.25 0.090909090909091 0.083333333333333 0.28571428571429 1 0.61538461538462 0.83333333333333 0.91666666666667 0.91666666666667 
1262305494 0.0625 0.42857142857143 1 0.27272727272727 0.25 0.090909090909091 0.15384615384615 0.28571428571429 1 0.61538461538462 0.83333333333333 0.91666666666667 0.91666666666667 
1262305504 0.10526315789474 0.42857142857143 1 0.30769230769231 0.35714285714286 0.15384615384615 0.15384615384615 0.375 1 0.61538461538462 0.83333333333333 0.91666666666667 0.91666666666667 
1262305594 0.10526315789474 0.42857142857143 1 0.30769230769231 0.35714285714286 0.15384615384615 0.21428571428571 0.375 1 0.61538461538462 0.83333333333333 0.91666666666667 0.91666666666667 
1262305604 0.13636363636364 0.42857142857143 0.95 0.33333333333333 0.35714285714286 0.21428571428571 0.21428571428571 0.35294117647059 1 0.61538461538462 0.83333333333333 0.92307692307692 0.91666666666667 
1262305694 0.13636363636364 0.42857142857143 0.95 0.33333333333333 0.35714285714286 0.21428571428571 0.21428571428571 0.35294117647059 1 0.61538461538462 0.83333333333333 0.92307692307692 0.91666666666667 
1262305704 0.1304347826087 0.36363636363636 0.95238095238095 0.33333333333333 0.35714285714286 0.21428571428571 0.21428571428571 0.35294117647059 0.92307692307692 0.57142857142857 0.76923076923077 0.92307692307692 0.91666666666667 
1262305794 0.1304347826087 0.36363636363636 0.95238095238095 0.33333333333333 0.35714285714286 0.21428571428571 0.21428571428571 0.35294117647059 0.92307692307692 0.57142857142857 0.76923076923077 0.92307692307692 0.91666666666667 
1262305804 0.12 0.41666666666667 0.95652173913043 0.3125 0.33333333333333 0.26666666666667 0.21428571428571 0.35294117647059 0.92307692307692 0.57142857142857 0.76923076923077 0.92307692307692 0.84615384615385 
1262305894 0.12 0.41666666666667 0.95652173913043 0.3125 0.33333333333333 0.26666666666667 0.26666666666667 0.35294117647059 0.92307692307692 0.57142857142857 0.76923076923077 0.92307692307692 0.84615384615385 
1262305904 0.11111111111111 0.46153846153846 0.96 0.38888888888889 0.33333333333333 0.26666666666667 0.26666666666667 0.35294117647059 0.85714285714286 0.57142857142857 0.78571428571429 0.85714285714286 0.73333333333333 
1262305994 0.11111111111111 0.46153846153846 0.96 0.38888888888889 0.33333333333333 0.26666666666667 0.3125 0.35294117647059 0.85714285714286 0.57142857142857 0.78571428571429 0.85714285714286 0.73333333333333 
1262306004 0.10714285714286 0.42857142857143 0.92592592592593 0.38888888888889 0.33333333333333 0.26666666666667 0.3125 0.35294117647059 0.8 0.5625 0.8 0.85714285714286 0.75 
1262306074 0.10714285714286 0.42857142857143 0.92592592592593 0.38888888888889 0.3125 0.26666666666667 0.3125 0.35294117647059 0.8 0.5625 0.8 0.85714285714286 0.75 
1262306094 0.10714285714286 0.42857142857143 0.92592592592593 0.38888888888889 0.3125 0.26666666666667 0.35294117647059 0.35294117647059 0.8 0.5625 0.8 0.85714285714286 0.75 
1262306104 0.10714285714286 0.42857142857143 0.93103448275862 0.38888888888889 0.3125 0.26666666666667 0.35294117647059 0.35294117647059 0.75 0.61111111111111 0.8 0.75 0.75 
1262306174 0.10714285714286 0.42857142857143 0.93103448275862 0.38888888888889 0.35294117647059 0.26666666666667 0.35294117647059 0.35294117647059 0.75 0.61111111111111 0.8 0.75 0.75 
1262306194 0.10714285714286 0.42857142857143 0.93103448275862 0.38888888888889 0.35294117647059 0.26666666666667 0.35294117647059 0.35294117647059 0.75 0.61111111111111 0.8 0.75 0.75 
1262306204 0.10714285714286 0.46666666666667 0.93548387096774 0.45 0.35294117647059 0.26666666666667 0.35294117647059 0.35294117647059 0.70588235294118 0.57894736842105 0.8 0.70588235294118 0.70588235294118 
1262306217 0.10344827586207 0.46666666666667 0.93548387096774 0.45 0.35294117647059 0.26666666666667 0.35294117647059 0.35294117647059 0.70588235294118 0.57894736842105 0.8 0.70588235294118 0.70588235294118 
1262306274 0.10344827586207 0.46666666666667 0.93548387096774 0.45 0.35294117647059 0.26666666666667 0.35294117647059 0.35294117647059 0.70588235294118 0.57894736842105 0.8 0.70588235294118 0.70588235294118 
1262306294 0.10344827586207 0.46666666666667 0.93548387096774 0.45 0.35294117647059 0.26666666666667 0.35294117647059 0.35294117647059 0.70588235294118 0.57894736842105 0.8 0.70588235294118 0.70588235294118 
1262306304 0.10344827586207 0.46666666666667 0.9375 0.45 0.35294117647059 0.26666666666667 0.35294117647059 0.35294117647059 0.70588235294118 0.57894736842105 0.8 0.70588235294118 0.70588235294118 
1262306317 0.11428571428571 0.46666666666667 0.9375 0.45 0.35294117647059 0.26666666666667 0.35294117647059 0.35294117647059 0.70588235294118 0.57894736842105 0.8 0.70588235294118 0.70588235294118 
1262306394 0.11428571428571 0.46666666666667 0.9375 0.45 0.35294117647059 0.26666666666667 0.38888888888889 0.35294117647059 0.70588235294118 0.57894736842105 0.8 0.70588235294118 0.70588235294118 
1262306404 0.11428571428571 0.46666666666667 0.91428571428571 0.45 0.35294117647059 0.26666666666667 0.38888888888889 0.35294117647059 0.68421052631579 0.57894736842105 0.76470588235294 0.70588235294118 0.70588235294118 
1262306406 0.11428571428571 0.46666666666667 0.91428571428571 0.45 0.35294117647059 0.26666666666667 0.38888888888889 0.35294117647059 0.68421052631579 0.57894736842105 0.76470588235294 0.70588235294118 0.70588235294118 
1262306417 0.11111111111111 0.46666666666667 0.91428571428571 0.45 0.35294117647059 0.26666666666667 0.38888888888889 0.35294117647059 0.68421052631579 0.57894736842105 0.76470588235294 0.70588235294118 0.70588235294118 
1262306494 0.11111111111111 0.46666666666667 0.91428571428571 0.45 0.35294117647059 0.26666666666667 0.38888888888889 0.35294117647059 0.68421052631579 0.57894736842105 0.76470588235294 0.70588235294118 0.70588235294118 
1262306497 0.11111111111111 0.46666666666667 0.91428571428571 0.45 0.35294117647059 0.26666666666667 0.38888888888889 0.35294117647059 0.68421052631579 0.57894736842105 0.76470588235294 0.70588235294118 0.70588235294118 
1262306504 0.11111111111111 0.41176470588235 0.87179487179487 0.45 0.35294117647059 0.26666666666667 0.38888888888889 0.35294117647059 0.68421052631579 0.6 0.76470588235294 0.72222222222222 0.70588235294118 
1262306506 0.11111111111111 0.41176470588235 0.87179487179487 0.45 0.35294117647059 0.35294117647059 0.38888888888889 0.35294117647059 0.68421052631579 0.6 0.76470588235294 0.72222222222222 0.70588235294118 
1262306517 0.10526315789474 0.41176470588235 0.87179487179487 0.45 0.35294117647059 0.35294117647059 0.38888888888889 0.35294117647059 0.68421052631579 0.6 0.76470588235294 0.72222222222222 0.70588235294118 
1262306594 0.10526315789474 0.41176470588235 0.87179487179487 0.45 0.35294117647059 0.35294117647059 0.38888888888889 0.35294117647059 0.68421052631579 0.6 0.76470588235294 0.72222222222222 0.70588235294118 
1262306597 0.10526315789474 0.41176470588235 0.87179487179487 0.45 0.38888888888889 0.35294117647059 0.38888888888889 0.35294117647059 0.68421052631579 0.6 0.76470588235294 0.72222222222222 0.70588235294118 
1262306604 0.10526315789474 0.41176470588235 0.85365853658537 0.45 0.38888888888889 0.35294117647059 0.38888888888889 0.35294117647059 0.68421052631579 0.6 0.76470588235294 0.65 0.63157894736842 
1262306606 0.10526315789474 0.41176470588235 0.85365853658537 0.45 0.38888888888889 0.35294117647059 0.38888888888889 0.35294117647059 0.68421052631579 0.6 0.76470588235294 0.65 0.63157894736842 
1262306617 0.1 0.41176470588235 0.85365853658537 0.45 0.38888888888889 0.35294117647059 0.38888888888889 0.35294117647059 0.68421052631579 0.6 0.76470588235294 0.65 0.63157894736842 
1262306694 0.1 0.41176470588235 0.85365853658537 0.45 0.38888888888889 0.35294117647059 0.38888888888889 0.35294117647059 0.68421052631579 0.6 0.76470588235294 0.65 0.63157894736842 
1262306697 0.1 0.41176470588235 0.85365853658537 0.45 0.38888888888889 0.35294117647059 0.38888888888889 0.35294117647059 0.68421052631579 0.6 0.76470588235294 0.65 0.63157894736842 
1262306704 0.1 0.38888888888889 0.84090909090909 0.45 0.38888888888889 0.35294117647059 0.38888888888889 0.42105263157895 0.68421052631579 0.6 0.76470588235294 0.65 0.65 
1262306706 0.1 0.38888888888889 0.84090909090909 0.45 0.38888888888889 0.35294117647059 0.38888888888889 0.42105263157895 0.68421052631579 0.6 0.76470588235294 0.65 0.65 
1262306717 0.097560975609756 0.38888888888889 0.84090909090909 0.45 0.38888888888889 0.35294117647059 0.38888888888889 0.42105263157895 0.68421052631579 0.6 0.76470588235294 0.65 0.65 
1262306794 0.097560975609756 0.38888888888889 0.84090909090909 0.45 0.38888888888889 0.35294117647059 0.42105263157895 0.42105263157895 0.68421052631579 0.6 0.76470588235294 0.65 0.65 
1262306797 0.097560975609756 0.38888888888889 0.84090909090909 0.45 0.38888888888889 0.35294117647059 0.42105263157895 0.42105263157895 0.68421052631579 0.6 0.76470588235294 0.65 0.65 
1262306804 0.097560975609756 0.42105263157895 0.84782608695652 0.42857142857143 0.38888888888889 0.35294117647059 0.42105263157895 0.45 0.68421052631579 0.57142857142857 0.76470588235294 0.65 0.65 
1262306806 0.097560975609756 0.42105263157895 0.84782608695652 0.42857142857143 0.38888888888889 0.35294117647059 0.42105263157895 0.45 0.68421052631579 0.57142857142857 0.76470588235294 0.65 0.65 
1262306817 0.11363636363636 0.42105263157895 0.84782608695652 0.42857142857143 0.38888888888889 0.35294117647059 0.42105263157895 0.45 0.68421052631579 0.57142857142857 0.76470588235294 0.65 0.65 
1262306894 0.11363636363636 0.42105263157895 0.84782608695652 0.42857142857143 0.38888888888889 0.35294117647059 0.42105263157895 0.45 0.68421052631579 0.57142857142857 0.76470588235294 0.65 0.65 
1262306897 0.11363636363636 0.42105263157895 0.84782608695652 0.42857142857143 0.38888888888889 0.35294117647059 0.42105263157895 0.45 0.68421052631579 0.57142857142857 0.76470588235294 0.65 0.65 
1262306904 0.11363636363636 0.42105263157895 0.85106382978723 0.42857142857143 0.38888888888889 0.35294117647059 0.42105263157895 0.45 0.66666666666667 0.59090909090909 0.76470588235294 0.65 0.66666666666667 
1262306905 0.11363636363636 0.42105263157895 0.85106382978723 0.42857142857143 0.38888888888889 0.35294117647059 0.42105263157895 0.45 0.66666666666667 0.59090909090909 0.72222222222222 0.65 0.66666666666667 
1262306906 0.11363636363636 0.42105263157895 0.85106382978723 0.42857142857143 0.38888888888889 0.38888888888889 0.42105263157895 0.45 0.66666666666667 0.59090909090909 0.72222222222222 0.65 0.66666666666667 
1262306917 0.10869565217391 0.42105263157895 0.85106382978723 0.42857142857143 0.38888888888889 0.38888888888889 0.42105263157895 0.45 0.66666666666667 0.59090909090909 0.72222222222222 0.65 0.66666666666667 
1262306994 0.10869565217391 0.42105263157895 0.85106382978723 0.42857142857143 0.38888888888889 0.38888888888889 0.4 0.45 0.66666666666667 0.59090909090909 0.72222222222222 0.65 0.66666666666667 
1262306997 0.10869565217391 0.42105263157895 0.85106382978723 0.42857142857143 0.38888888888889 0.38888888888889 0.4 0.45 0.66666666666667 0.59090909090909 0.72222222222222 0.65 0.66666666666667 
1262307004 0.10869565217391 0.47619047619048 0.85714285714286 0.45454545454545 0.38888888888889 0.38888888888889 0.4 0.45 0.68181818181818 0.59090909090909 0.72222222222222 0.65 0.625 
1262307005 0.10869565217391 0.47619047619048 0.85714285714286 0.45454545454545 0.38888888888889 0.38888888888889 0.4 0.45 0.68181818181818 0.59090909090909 0.61904761904762 0.65 0.625 
1262307006 0.10869565217391 0.47619047619048 0.85714285714286 0.45454545454545 0.38888888888889 0.38888888888889 0.4 0.45 0.68181818181818 0.59090909090909 0.61904761904762 0.65 0.625 
1262307017 0.1063829787234 0.47619047619048 0.85714285714286 0.45454545454545 0.38888888888889 0.38888888888889 0.4 0.45 0.68181818181818 0.59090909090909 0.61904761904762 0.65 0.625 
1262307094 0.1063829787234 0.47619047619048 0.85714285714286 0.45454545454545 0.38888888888889 0.38888888888889 0.38095238095238 0.45 0.68181818181818 0.59090909090909 0.61904761904762 0.65 0.625 
1262307097 0.1063829787234 0.47619047619048 0.85714285714286 0.45454545454545 0.38888888888889 0.38888888888889 0.38095238095238 0.45 0.68181818181818 0.59090909090909 0.61904761904762 0.65 0.625 
1262307104 0.1063829787234 0.47619047619048 0.84615384615385 0.45454545454545 0.38888888888889 0.38888888888889 0.38095238095238 0.45 0.69565217391304 0.59090909090909 0.61904761904762 0.65 0.625 
1262307105 0.1063829787234 0.47619047619048 0.84615384615385 0.45454545454545 0.38888888888889 0.38888888888889 0.38095238095238 0.45 0.69565217391304 0.59090909090909 0.61904761904762 0.65 0.625 
1262307106 0.1063829787234 0.47619047619048 0.84615384615385 0.45454545454545 0.38888888888889 0.42105263157895 0.38095238095238 0.45 0.69565217391304 0.59090909090909 0.61904761904762 0.65 0.625 
1262307117 0.12 0.47619047619048 0.84615384615385 0.45454545454545 0.38888888888889 0.42105263157895 0.38095238095238 0.45 0.69565217391304 0.59090909090909 0.61904761904762 0.65 0.625 
1262307194 0.12 0.47619047619048 0.84615384615385 0.45454545454545 0.38888888888889 0.42105263157895 0.38095238095238 0.45 0.69565217391304 0.59090909090909 0.61904761904762 0.65 0.625 
1262307197 0.12 0.47619047619048 0.84615384615385 0.45454545454545 0.38888888888889 0.42105263157895 0.38095238095238 0.45 0.69565217391304 0.59090909090909 0.61904761904762 0.65 0.625 
1262307204 0.12 0.47619047619048 0.84905660377358 0.45454545454545 0.38888888888889 0.42105263157895 0.38095238095238 0.45 0.69565217391304 0.60869565217391 0.61904761904762 0.68181818181818 0.625 
1262307205 0.12 0.47619047619048 0.84905660377358 0.45454545454545 0.38888888888889 0.42105263157895 0.38095238095238 0.45 0.69565217391304 0.60869565217391 0.63636363636364 0.68181818181818 0.625 
1262307206 0.12 0.47619047619048 0.84905660377358 0.45454545454545 0.38888888888889 0.45 0.38095238095238 0.45 0.69565217391304 0.60869565217391 0.63636363636364 0.68181818181818 0.625 
1262307217 0.11538461538462 0.47619047619048 0.84905660377358 0.45454545454545 0.38888888888889 0.45 0.38095238095238 0.45 0.69565217391304 0.60869565217391 0.63636363636364 0.68181818181818 0.625 
1262307294 0.11538461538462 0.47619047619048 0.84905660377358 0.45454545454545 0.38888888888889 0.45 0.38095238095238 0.45 0.69565217391304 0.60869565217391 0.63636363636364 0.68181818181818 0.625 
1262307297 0.11538461538462 0.47619047619048 0.84905660377358 0.45454545454545 0.42105263157895 0.45 0.38095238095238 0.45 0.69565217391304 0.60869565217391 0.63636363636364 0.68181818181818 0.625 
1262307304 0.11538461538462 0.47619047619048 0.85454545454545 0.45454545454545 0.42105263157895 0.45 0.38095238095238 0.45 0.70833333333333 0.625 0.63636363636364 0.66666666666667 0.64 
1262307305 0.11538461538462 0.47619047619048 0.85454545454545 0.45454545454545 0.42105263157895 0.45 0.38095238095238 0.45 0.70833333333333 0.625 0.63636363636364 0.66666666666667 0.64 
1262307306 0.11538461538462 0.47619047619048 0.85454545454545 0.45454545454545 0.42105263157895 0.45 0.38095238095238 0.45 0.70833333333333 0.625 0.63636363636364 0.66666666666667 0.64 
1262307317 0.11320754716981 0.47619047619048 0.85454545454545 0.45454545454545 0.42105263157895 0.45 0.38095238095238 0.45 0.70833333333333 0.625 0.63636363636364 0.66666666666667 0.64 
1262307394 0.11320754716981 0.47619047619048 0.85454545454545 0.45454545454545 0.42105263157895 0.45 0.40909090909091 0.45 0.70833333333333 0.625 0.63636363636364 0.66666666666667 0.64 
1262307397 0.11320754716981 0.47619047619048 0.85454545454545 0.45454545454545 0.45 0.45 0.40909090909091 0.45 0.70833333333333 0.625 0.63636363636364 0.66666666666667 0.64 
1262307404 0.11320754716981 0.47619047619048 0.8448275862069 0.43478260869565 0.45 0.45 0.40909090909091 0.42857142857143 0.70833333333333 0.625 0.63636363636364 0.66666666666667 0.65384615384615 
1262307405 0.11320754716981 0.47619047619048 0.8448275862069 0.43478260869565 0.45 0.45 0.40909090909091 0.42857142857143 0.70833333333333 0.625 0.625 0.66666666666667 0.65384615384615 
1262307406 0.11320754716981 0.47619047619048 0.8448275862069 0.43478260869565 0.45 0.45 0.40909090909091 0.42857142857143 0.70833333333333 0.625 0.625 0.66666666666667 0.65384615384615 
1262307417 0.10909090909091 0.47619047619048 0.8448275862069 0.43478260869565 0.45 0.45 0.40909090909091 0.42857142857143 0.70833333333333 0.625 0.625 0.66666666666667 0.65384615384615 
1262307494 0.10909090909091 0.47619047619048 0.8448275862069 0.43478260869565 0.45 0.45 0.40909090909091 0.42857142857143 0.70833333333333 0.625 0.625 0.66666666666667 0.65384615384615 
1262307497 0.10909090909091 0.47619047619048 0.8448275862069 0.43478260869565 0.45 0.45 0.40909090909091 0.42857142857143 0.70833333333333 0.625 0.625 0.66666666666667 0.65384615384615 
1262307504 0.10909090909091 0.47619047619048 0.84745762711864 0.43478260869565 0.45 0.45 0.40909090909091 0.40909090909091 0.72 0.625 0.625 0.69230769230769 0.67857142857143 
1262307505 0.10909090909091 0.47619047619048 0.84745762711864 0.43478260869565 0.45 0.45 0.40909090909091 0.40909090909091 0.72 0.625 0.625 0.69230769230769 0.67857142857143 
1262307506 0.10909090909091 0.47619047619048 0.84745762711864 0.43478260869565 0.45 0.45 0.40909090909091 0.40909090909091 0.72 0.625 0.625 0.69230769230769 0.67857142857143 
1262307517 0.10526315789474 0.47619047619048 0.84745762711864 0.43478260869565 0.45 0.45 0.40909090909091 0.40909090909091 0.72 0.625 0.625 0.69230769230769 0.67857142857143 
1262307594 0.10526315789474 0.47619047619048 0.84745762711864 0.43478260869565 0.45 0.45 0.43478260869565 0.40909090909091 0.72 0.625 0.625 0.69230769230769 0.67857142857143 
1262307597 0.10526315789474 0.47619047619048 0.84745762711864 0.43478260869565 0.47619047619048 0.45 0.43478260869565 0.40909090909091 0.72 0.625 0.625 0.69230769230769 0.67857142857143 
1262307604 0.10526315789474 0.45454545454545 0.85245901639344 0.41666666666667 0.47619047619048 0.45 0.43478260869565 0.40909090909091 0.7037037037037 0.625 0.625 0.69230769230769 0.67857142857143 
1262307605 0.10526315789474 0.45454545454545 0.85245901639344 0.41666666666667 0.47619047619048 0.45 0.43478260869565 0.40909090909091 0.7037037037037 0.625 0.66666666666667 0.69230769230769 0.67857142857143 
1262307606 0.10526315789474 0.45454545454545 0.85245901639344 0.41666666666667 0.47619047619048 0.47619047619048 0.43478260869565 0.40909090909091 0.7037037037037 0.625 0.66666666666667 0.69230769230769 0.67857142857143 
1262307617 0.11864406779661 0.45454545454545 0.85245901639344 0.41666666666667 0.47619047619048 0.47619047619048 0.43478260869565 0.40909090909091 0.7037037037037 0.625 0.66666666666667 0.69230769230769 0.67857142857143 
1262307694 0.11864406779661 0.45454545454545 0.85245901639344 0.41666666666667 0.47619047619048 0.47619047619048 0.45833333333333 0.40909090909091 0.7037037037037 0.625 0.66666666666667 0.69230769230769 0.67857142857143 
1262307697 0.11864406779661 0.45454545454545 0.85245901639344 0.41666666666667 0.47826086956522 0.47619047619048 0.45833333333333 0.40909090909091 0.7037037037037 0.625 0.66666666666667 0.69230769230769 0.67857142857143 
1262307704 0.11864406779661 0.47826086956522 0.85714285714286 0.44 0.47826086956522 0.47619047619048 0.45833333333333 0.43478260869565 0.67857142857143 0.625 0.66666666666667 0.66666666666667 0.67857142857143 
1262307705 0.11864406779661 0.47826086956522 0.85714285714286 0.44 0.47826086956522 0.47619047619048 0.45833333333333 0.43478260869565 0.67857142857143 0.625 0.64285714285714 0.66666666666667 0.67857142857143 
1262307706 0.11864406779661 0.47826086956522 0.85714285714286 0.44 0.47826086956522 0.47826086956522 0.45833333333333 0.43478260869565 0.67857142857143 0.625 0.64285714285714 0.66666666666667 0.67857142857143 
1262307717 0.12903225806452 0.47826086956522 0.85714285714286 0.44 0.47826086956522 0.47826086956522 0.45833333333333 0.43478260869565 0.67857142857143 0.625 0.64285714285714 0.66666666666667 0.67857142857143 
1262307794 0.12903225806452 0.47826086956522 0.85714285714286 0.44 0.47826086956522 0.47826086956522 0.45833333333333 0.43478260869565 0.67857142857143 0.625 0.64285714285714 0.66666666666667 0.67857142857143 
1262307797 0.12903225806452 0.47826086956522 0.85714285714286 0.44 0.47826086956522 0.47826086956522 0.45833333333333 0.43478260869565 0.67857142857143 0.625 0.64285714285714 0.66666666666667 0.67857142857143 
1262307804 0.12903225806452 0.48 0.859375 0.44 0.47826086956522 0.47826086956522 0.45833333333333 0.48 0.67857142857143 0.64 0.64285714285714 0.64285714285714 0.67857142857143 
1262307805 0.12903225806452 0.48 0.859375 0.44 0.47826086956522 0.47826086956522 0.45833333333333 0.48 0.67857142857143 0.64 0.6551724137931 0.64285714285714 0.67857142857143 
1262307806 0.12903225806452 0.48 0.859375 0.44 0.47826086956522 0.48 0.45833333333333 0.48 0.67857142857143 0.64 0.6551724137931 0.64285714285714 0.67857142857143 
1262307817 0.125 0.48 0.859375 0.44 0.47826086956522 0.48 0.45833333333333 0.48 0.67857142857143 0.64 0.6551724137931 0.64285714285714 0.67857142857143 
1262307894 0.125 0.48 0.859375 0.44 0.47826086956522 0.48 0.44 0.48 0.67857142857143 0.64 0.6551724137931 0.64285714285714 0.67857142857143 
1262307897 0.125 0.48 0.859375 0.44 0.47826086956522 0.48 0.44 0.48 0.67857142857143 0.64 0.6551724137931 0.64285714285714 0.67857142857143 
1262307904 0.125 0.5 0.86363636363636 0.5 0.47826086956522 0.48 0.44 0.48148148148148 0.67857142857143 0.59259259259259 0.6551724137931 0.62068965517241 0.67857142857143 
1262307905 0.125 0.5 0.86363636363636 0.5 0.47826086956522 0.48 0.44 0.48148148148148 0.67857142857143 0.59259259259259 0.6551724137931 0.62068965517241 0.67857142857143 
1262307906 0.125 0.5 0.86363636363636 0.5 0.47826086956522 0.5 0.44 0.48148148148148 0.67857142857143 0.59259259259259 0.6551724137931 0.62068965517241 0.67857142857143 
1262307909 0.125 0.5 0.86363636363636 0.5 0.47826086956522 0.5 0.44 0.48148148148148 0.67857142857143 0.59259259259259 0.6551724137931 0.62068965517241 0.67857142857143 
1262307917 0.12307692307692 0.5 0.86363636363636 0.5 0.47826086956522 0.5 0.44 0.48148148148148 0.67857142857143 0.59259259259259 0.6551724137931 0.62068965517241 0.67857142857143 
1262307994 0.12307692307692 0.5 0.86363636363636 0.5 0.47826086956522 0.5 0.44 0.48148148148148 0.67857142857143 0.59259259259259 0.6551724137931 0.62068965517241 0.67857142857143 
1262307997 0.12307692307692 0.5 0.86363636363636 0.5 0.48 0.5 0.44 0.48148148148148 0.67857142857143 0.59259259259259 0.6551724137931 0.62068965517241 0.67857142857143 
1262308004 0.12307692307692 0.48148148148148 0.86764705882353 0.51724137931034 0.48 0.5 0.44 0.48148148148148 0.67857142857143 0.59259259259259 0.6551724137931 0.62068965517241 0.66666666666667 
1262308005 0.12307692307692 0.48148148148148 0.86764705882353 0.51724137931034 0.48 0.5 0.44 0.48148148148148 0.67857142857143 0.59259259259259 0.66666666666667 0.62068965517241 0.66666666666667 
1262308006 0.12307692307692 0.48148148148148 0.86764705882353 0.51724137931034 0.48 0.51851851851852 0.44 0.48148148148148 0.67857142857143 0.59259259259259 0.66666666666667 0.62068965517241 0.66666666666667 
1262308009 0.12307692307692 0.48148148148148 0.86764705882353 0.51724137931034 0.48 0.51851851851852 0.44 0.48148148148148 0.6551724137931 0.59259259259259 0.66666666666667 0.62068965517241 0.66666666666667 
1262308017 0.11940298507463 0.48148148148148 0.86764705882353 0.51724137931034 0.48 0.51851851851852 0.44 0.48148148148148 0.6551724137931 0.59259259259259 0.66666666666667 0.62068965517241 0.66666666666667 
1262308094 0.11940298507463 0.48148148148148 0.86764705882353 0.51724137931034 0.48 0.51851851851852 0.42307692307692 0.48148148148148 0.6551724137931 0.59259259259259 0.66666666666667 0.62068965517241 0.66666666666667 
1262308097 0.11940298507463 0.48148148148148 0.86764705882353 0.51724137931034 0.46153846153846 0.51851851851852 0.42307692307692 0.48148148148148 0.6551724137931 0.59259259259259 0.66666666666667 0.62068965517241 0.66666666666667 
1262308104 0.11940298507463 0.5 0.8695652173913 0.51724137931034 0.46153846153846 0.51851851851852 0.42307692307692 0.48148148148148 0.6551724137931 0.57142857142857 0.66666666666667 0.63333333333333 0.64516129032258 
1262308105 0.11940298507463 0.5 0.8695652173913 0.51724137931034 0.46153846153846 0.51851851851852 0.42307692307692 0.48148148148148 0.6551724137931 0.57142857142857 0.66666666666667 0.63333333333333 0.64516129032258 
1262308106 0.11940298507463 0.5 0.8695652173913 0.51724137931034 0.46153846153846 0.51851851851852 0.42307692307692 0.48148148148148 0.6551724137931 0.57142857142857 0.66666666666667 0.63333333333333 0.64516129032258 
1262308109 0.11940298507463 0.5 0.8695652173913 0.51724137931034 0.46153846153846 0.51851851851852 0.42307692307692 0.48148148148148 0.66666666666667 0.57142857142857 0.66666666666667 0.63333333333333 0.64516129032258 
1262308117 0.1304347826087 0.5 0.8695652173913 0.51724137931034 0.46153846153846 0.51851851851852 0.42307692307692 0.48148148148148 0.66666666666667 0.57142857142857 0.66666666666667 0.63333333333333 0.64516129032258 
1262308194 0.1304347826087 0.5 0.8695652173913 0.51724137931034 0.46153846153846 0.51851851851852 0.44444444444444 0.48148148148148 0.66666666666667 0.57142857142857 0.66666666666667 0.63333333333333 0.64516129032258 
1262308197 0.1304347826087 0.5 0.8695652173913 0.51724137931034 0.48148148148148 0.51851851851852 0.44444444444444 0.48148148148148 0.66666666666667 0.57142857142857 0.66666666666667 0.63333333333333 0.64516129032258 
1262308204 0.1304347826087 0.5 0.85714285714286 0.51724137931034 0.48148148148148 0.51851851851852 0.44444444444444 0.44827586206897 0.66666666666667 0.57142857142857 0.66666666666667 0.64516129032258 0.64516129032258 
1262308205 0.1304347826087 0.5 0.85714285714286 0.51724137931034 0.48148148148148 0.51851851851852 0.44444444444444 0.44827586206897 0.66666666666667 0.57142857142857 0.66666666666667 0.64516129032258 0.64516129032258 
1262308206 0.1304347826087 0.5 0.85714285714286 0.51724137931034 0.48148148148148 0.51851851851852 0.44444444444444 0.44827586206897 0.66666666666667 0.57142857142857 0.66666666666667 0.64516129032258 0.64516129032258 
1262308209 0.1304347826087 0.5 0.85714285714286 0.51724137931034 0.48148148148148 0.51851851851852 0.44444444444444 0.44827586206897 0.66666666666667 0.57142857142857 0.66666666666667 0.64516129032258 0.64516129032258 
1262308217 0.14285714285714 0.5 0.85714285714286 0.51724137931034 0.48148148148148 0.51851851851852 0.44444444444444 0.44827586206897 0.66666666666667 0.57142857142857 0.66666666666667 0.64516129032258 0.64516129032258 
1262308294 0.14285714285714 0.5 0.85714285714286 0.51724137931034 0.48148148148148 0.51851851851852 0.48275862068966 0.44827586206897 0.66666666666667 0.57142857142857 0.66666666666667 0.64516129032258 0.64516129032258 
1262308297 0.14285714285714 0.5 0.85714285714286 0.51724137931034 0.48148148148148 0.51851851851852 0.48275862068966 0.44827586206897 0.66666666666667 0.57142857142857 0.66666666666667 0.64516129032258 0.64516129032258 
1262308304 0.14285714285714 0.51724137931034 0.84507042253521 0.51612903225806 0.48148148148148 0.51851851851852 0.48275862068966 0.46666666666667 0.66666666666667 0.57142857142857 0.66666666666667 0.65625 0.65625 
1262308305 0.14285714285714 0.51724137931034 0.84507042253521 0.51612903225806 0.48148148148148 0.51851851851852 0.48275862068966 0.46666666666667 0.66666666666667 0.57142857142857 0.625 0.65625 0.65625 
1262308306 0.14285714285714 0.51724137931034 0.84507042253521 0.51612903225806 0.48148148148148 0.48275862068966 0.48275862068966 0.46666666666667 0.66666666666667 0.57142857142857 0.625 0.65625 0.65625 
1262308309 0.14285714285714 0.51724137931034 0.84507042253521 0.51612903225806 0.48148148148148 0.48275862068966 0.48275862068966 0.46666666666667 0.67741935483871 0.57142857142857 0.625 0.65625 0.65625 
1262308317 0.15492957746479 0.51724137931034 0.84507042253521 0.51612903225806 0.48148148148148 0.48275862068966 0.48275862068966 0.46666666666667 0.67741935483871 0.57142857142857 0.625 0.65625 0.65625 
1262308394 0.15492957746479 0.51724137931034 0.84507042253521 0.51612903225806 0.48148148148148 0.48275862068966 0.5 0.46666666666667 0.67741935483871 0.57142857142857 0.625 0.65625 0.65625 
1262308397 0.15492957746479 0.51724137931034 0.84507042253521 0.51612903225806 0.48148148148148 0.48275862068966 0.5 0.46666666666667 0.67741935483871 0.57142857142857 0.625 0.65625 0.65625 
1262308404 0.15492957746479 0.5 0.84507042253521 0.51612903225806 0.48148148148148 0.48275862068966 0.5 0.46666666666667 0.67741935483871 0.55172413793103 0.625 0.65625 0.65625 
1262308405 0.15492957746479 0.5 0.84507042253521 0.51612903225806 0.48148148148148 0.48275862068966 0.5 0.46666666666667 0.67741935483871 0.55172413793103 0.625 0.65625 0.65625 
1262308406 0.15492957746479 0.5 0.84507042253521 0.51612903225806 0.48148148148148 0.46666666666667 0.5 0.46666666666667 0.67741935483871 0.55172413793103 0.625 0.65625 0.65625 
1262308409 0.15492957746479 0.5 0.84507042253521 0.51612903225806 0.48148148148148 0.46666666666667 0.5 0.46666666666667 0.67741935483871 0.55172413793103 0.625 0.65625 0.65625 
1262308417 0.15492957746479 0.5 0.84507042253521 0.51612903225806 0.48148148148148 0.46666666666667 0.5 0.46666666666667 0.67741935483871 0.55172413793103 0.625 0.65625 0.65625 
1262308494 0.15492957746479 0.5 0.84507042253521 0.51612903225806 0.48148148148148 0.46666666666667 0.5 0.46666666666667 0.67741935483871 0.55172413793103 0.625 0.65625 0.65625 
1262308497 0.15492957746479 0.5 0.84507042253521 0.51612903225806 0.48148148148148 0.46666666666667 0.5 0.46666666666667 0.67741935483871 0.55172413793103 0.625 0.65625 0.65625 
