NOTIFS:
node3	:	60	sent
node1	:	60	sent
SUBS:
on	node1
	node1	:	0	received
on	node3
	node3	:	0	received
1262304604 0 - 1 0 0 - 0 0 1 1 1 1 - 
1262304704 0 - 1 0 0 0 0 0 1 1 1 1 1 
1262304804 0 - 1 0 0 0 0 0 1 1 1 1 1 
1262304828 0 - 1 0 0 0 0 0 1 1 1 1 1 
1262304904 0 0.25 1 0 0 0 0 0 1 1 1 1 1 
1262304928 0 0.25 1 0 0 0 0 0 1 1 1 1 1 
1262305004 0 0.5 1 0 0 0 0 0 1 1 0.8 1 1 
1262305012 0 0.5 1 0 0 0 0 0 1 1 0.8 1 1 
1262305017 0 0.5 1 0 0 0 0 0 1 1 0.8 1 1 
1262305028 0 0.5 1 0 0 0 0 0.57142857142857 1 1 0.8 1 1 
1262305070 0 0.5 1 0 0 0 0 0.57142857142857 1 1 0.8 1 1 
1262305104 0 0.5 1 0 0 0 0 0.57142857142857 1 1 0.66666666666667 0.57142857142857 1 
1262305112 0 0.5 1 0 0 0 0 0.57142857142857 1 1 0.66666666666667 0.57142857142857 1 
1262305117 0 0.5 1 0.4 0.125 0 0 0.57142857142857 1 1 0.66666666666667 0.57142857142857 1 
1262305128 0 0.5 1 0.4 0.125 0 0 0.57142857142857 1 1 0.66666666666667 0.57142857142857 1 
1262305170 0 0.5 1 0.4 0.125 0 0 0.57142857142857 1 1 0.66666666666667 0.57142857142857 1 
1262305204 0 0.36363636363636 1 0.4 0.125 0.3 0 0.57142857142857 1 1 0.57142857142857 0.57142857142857 1 
1262305212 0 0.36363636363636 1 0.4 0.125 0.3 0 0.57142857142857 0.57142857142857 1 0.57142857142857 0.57142857142857 1 
1262305217 0 0.36363636363636 1 0.22222222222222 0.090909090909091 0.3 0 0.57142857142857 0.57142857142857 1 0.57142857142857 0.57142857142857 1 
1262305228 0 0.36363636363636 1 0.22222222222222 0.090909090909091 0.3 0 0.36363636363636 0.57142857142857 1 0.57142857142857 0.57142857142857 1 
1262305270 0 0.36363636363636 1 0.22222222222222 0.090909090909091 0.3 0 0.36363636363636 0.57142857142857 1 0.57142857142857 0.57142857142857 1 
1262305304 0 0.36363636363636 1 0.22222222222222 0.090909090909091 0.3 0 0.36363636363636 0.57142857142857 1 0.57142857142857 0.57142857142857 1 
1262305306 0 0.36363636363636 1 0.22222222222222 0.090909090909091 0.3 0 0.36363636363636 0.57142857142857 1 0.57142857142857 0.57142857142857 1 
1262305312 0 0.36363636363636 1 0.22222222222222 0.090909090909091 0.3 0 0.36363636363636 0.57142857142857 1 0.57142857142857 0.57142857142857 1 
1262305317 0 0.36363636363636 1 0.22222222222222 0.21428571428571 0.3 0 0.36363636363636 0.57142857142857 1 0.57142857142857 0.57142857142857 1 
1262305328 0.066666666666667 0.36363636363636 1 0.22222222222222 0.21428571428571 0.3 0 0.30769230769231 0.57142857142857 1 0.57142857142857 0.57142857142857 1 
1262305370 0.066666666666667 0.36363636363636 1 0.22222222222222 0.21428571428571 0.3 0 0.30769230769231 0.57142857142857 1 0.57142857142857 0.57142857142857 1 
1262305404 0.066666666666667 0.36363636363636 1 0.22222222222222 0.21428571428571 0.36363636363636 0 0.30769230769231 0.57142857142857 0.90909090909091 0.57142857142857 0.57142857142857 1 
1262305406 0.066666666666667 0.36363636363636 1 0.22222222222222 0.21428571428571 0.36363636363636 0 0.30769230769231 0.57142857142857 0.90909090909091 0.57142857142857 0.75 1 
1262305412 0.066666666666667 0.36363636363636 1 0.22222222222222 0.21428571428571 0.36363636363636 0 0.30769230769231 0.66666666666667 0.90909090909091 0.57142857142857 0.75 1 
1262305417 0.066666666666667 0.36363636363636 1 0.25 0.21428571428571 0.36363636363636 0 0.30769230769231 0.66666666666667 0.90909090909091 0.57142857142857 0.75 1 
1262305428 0.15789473684211 0.36363636363636 1 0.25 0.21428571428571 0.36363636363636 0 0.30769230769231 0.66666666666667 0.90909090909091 0.57142857142857 0.75 1 
1262305470 0.15789473684211 0.36363636363636 1 0.25 0.21428571428571 0.36363636363636 0 0.30769230769231 0.66666666666667 0.90909090909091 0.57142857142857 0.75 1 
1262305504 0.15789473684211 0.46153846153846 1 0.25 0.21428571428571 0.41666666666667 0.083333333333333 0.30769230769231 0.66666666666667 0.90909090909091 0.66666666666667 0.75 1 
1262305506 0.15789473684211 0.46153846153846 1 0.25 0.21428571428571 0.41666666666667 0.083333333333333 0.30769230769231 0.66666666666667 0.90909090909091 0.66666666666667 0.75 1 
1262305512 0.15789473684211 0.46153846153846 1 0.25 0.21428571428571 0.41666666666667 0.083333333333333 0.30769230769231 0.66666666666667 0.90909090909091 0.66666666666667 0.75 1 
1262305517 0.15789473684211 0.46153846153846 1 0.23076923076923 0.21428571428571 0.41666666666667 0.083333333333333 0.30769230769231 0.66666666666667 0.90909090909091 0.66666666666667 0.75 1 
1262305528 0.14285714285714 0.46153846153846 1 0.23076923076923 0.21428571428571 0.41666666666667 0.083333333333333 0.30769230769231 0.66666666666667 0.90909090909091 0.66666666666667 0.75 1 
1262305570 0.14285714285714 0.46153846153846 1 0.23076923076923 0.21428571428571 0.41666666666667 0.083333333333333 0.30769230769231 0.66666666666667 0.90909090909091 0.66666666666667 0.75 1 
1262305604 0.14285714285714 0.46153846153846 1 0.23076923076923 0.21428571428571 0.41666666666667 0.15384615384615 0.30769230769231 0.66666666666667 0.90909090909091 0.66666666666667 0.75 1 
1262305606 0.14285714285714 0.46153846153846 1 0.23076923076923 0.21428571428571 0.41666666666667 0.15384615384615 0.30769230769231 0.66666666666667 0.90909090909091 0.66666666666667 0.76923076923077 1 
1262305612 0.14285714285714 0.46153846153846 1 0.23076923076923 0.21428571428571 0.41666666666667 0.15384615384615 0.30769230769231 0.69230769230769 0.90909090909091 0.66666666666667 0.76923076923077 1 
1262305617 0.14285714285714 0.46153846153846 1 0.23076923076923 0.21428571428571 0.41666666666667 0.15384615384615 0.30769230769231 0.69230769230769 0.90909090909091 0.66666666666667 0.76923076923077 1 
1262305628 0.13636363636364 0.46153846153846 1 0.23076923076923 0.21428571428571 0.41666666666667 0.15384615384615 0.28571428571429 0.69230769230769 0.90909090909091 0.66666666666667 0.76923076923077 1 
1262305670 0.13636363636364 0.46153846153846 0.95238095238095 0.23076923076923 0.21428571428571 0.41666666666667 0.15384615384615 0.28571428571429 0.69230769230769 0.90909090909091 0.66666666666667 0.76923076923077 1 
1262305704 0.13636363636364 0.42857142857143 0.95238095238095 0.23076923076923 0.21428571428571 0.38461538461538 0.15384615384615 0.28571428571429 0.69230769230769 0.91666666666667 0.72727272727273 0.76923076923077 0.91666666666667 
1262305706 0.13636363636364 0.42857142857143 0.95238095238095 0.23076923076923 0.21428571428571 0.38461538461538 0.15384615384615 0.28571428571429 0.69230769230769 0.91666666666667 0.72727272727273 0.71428571428571 0.91666666666667 
1262305712 0.13636363636364 0.42857142857143 0.95238095238095 0.23076923076923 0.21428571428571 0.38461538461538 0.15384615384615 0.28571428571429 0.73333333333333 0.91666666666667 0.72727272727273 0.71428571428571 0.91666666666667 
1262305717 0.13636363636364 0.42857142857143 0.95238095238095 0.23076923076923 0.26666666666667 0.38461538461538 0.15384615384615 0.28571428571429 0.73333333333333 0.91666666666667 0.72727272727273 0.71428571428571 0.91666666666667 
1262305728 0.125 0.42857142857143 0.95238095238095 0.23076923076923 0.26666666666667 0.38461538461538 0.15384615384615 0.26666666666667 0.73333333333333 0.91666666666667 0.72727272727273 0.71428571428571 0.91666666666667 
1262305770 0.125 0.42857142857143 0.95652173913043 0.23076923076923 0.26666666666667 0.38461538461538 0.15384615384615 0.26666666666667 0.73333333333333 0.91666666666667 0.72727272727273 0.71428571428571 0.91666666666667 
1262305804 0.125 0.42857142857143 0.95652173913043 0.23076923076923 0.26666666666667 0.42857142857143 0.15384615384615 0.26666666666667 0.73333333333333 0.92307692307692 0.72727272727273 0.71428571428571 0.91666666666667 
1262305806 0.125 0.42857142857143 0.95652173913043 0.23076923076923 0.26666666666667 0.42857142857143 0.15384615384615 0.26666666666667 0.73333333333333 0.92307692307692 0.72727272727273 0.66666666666667 0.91666666666667 
1262305812 0.125 0.42857142857143 0.95652173913043 0.23076923076923 0.26666666666667 0.42857142857143 0.15384615384615 0.26666666666667 0.73333333333333 0.92307692307692 0.72727272727273 0.66666666666667 0.91666666666667 
1262305817 0.125 0.42857142857143 0.95652173913043 0.2 0.3125 0.42857142857143 0.15384615384615 0.26666666666667 0.73333333333333 0.92307692307692 0.72727272727273 0.66666666666667 0.91666666666667 
1262305825 0.125 0.42857142857143 0.95652173913043 0.2 0.3125 0.42857142857143 0.15384615384615 0.26666666666667 0.73333333333333 0.92307692307692 0.72727272727273 0.66666666666667 0.91666666666667 
1262305828 0.11538461538462 0.42857142857143 0.95652173913043 0.2 0.3125 0.42857142857143 0.15384615384615 0.26666666666667 0.73333333333333 0.92307692307692 0.72727272727273 0.66666666666667 0.91666666666667 
1262305870 0.11538461538462 0.42857142857143 0.92 0.2 0.3125 0.42857142857143 0.15384615384615 0.26666666666667 0.73333333333333 0.92307692307692 0.72727272727273 0.66666666666667 0.91666666666667 
1262305904 0.11538461538462 0.42857142857143 0.92 0.2 0.3125 0.42857142857143 0.21428571428571 0.26666666666667 0.73333333333333 0.92307692307692 0.75 0.66666666666667 0.84615384615385 
1262305906 0.11538461538462 0.42857142857143 0.92 0.2 0.3125 0.42857142857143 0.21428571428571 0.26666666666667 0.73333333333333 0.92307692307692 0.75 0.64705882352941 0.84615384615385 
1262305912 0.11538461538462 0.42857142857143 0.92 0.2 0.3125 0.42857142857143 0.21428571428571 0.26666666666667 0.64705882352941 0.92307692307692 0.75 0.64705882352941 0.84615384615385 
1262305917 0.11538461538462 0.42857142857143 0.92 0.25 0.35294117647059 0.42857142857143 0.21428571428571 0.26666666666667 0.64705882352941 0.92307692307692 0.75 0.64705882352941 0.84615384615385 
1262305925 0.11538461538462 0.47058823529412 0.92 0.25 0.35294117647059 0.42857142857143 0.21428571428571 0.26666666666667 0.64705882352941 0.92307692307692 0.75 0.64705882352941 0.84615384615385 
1262305928 0.11111111111111 0.47058823529412 0.92 0.25 0.35294117647059 0.42857142857143 0.21428571428571 0.26666666666667 0.64705882352941 0.92307692307692 0.75 0.64705882352941 0.84615384615385 
1262305970 0.11111111111111 0.47058823529412 0.92592592592593 0.25 0.35294117647059 0.42857142857143 0.21428571428571 0.26666666666667 0.64705882352941 0.92307692307692 0.75 0.64705882352941 0.84615384615385 
1262306004 0.11111111111111 0.47058823529412 0.92592592592593 0.25 0.35294117647059 0.47058823529412 0.2 0.26666666666667 0.64705882352941 0.92857142857143 0.75 0.64705882352941 0.8 
1262306006 0.11111111111111 0.47058823529412 0.92592592592593 0.25 0.35294117647059 0.47058823529412 0.2 0.26666666666667 0.64705882352941 0.92857142857143 0.75 0.66666666666667 0.8 
1262306012 0.11111111111111 0.47058823529412 0.92592592592593 0.25 0.35294117647059 0.47058823529412 0.2 0.26666666666667 0.61111111111111 0.92857142857143 0.75 0.66666666666667 0.8 
1262306017 0.11111111111111 0.47058823529412 0.92592592592593 0.29411764705882 0.33333333333333 0.47058823529412 0.2 0.26666666666667 0.61111111111111 0.92857142857143 0.75 0.66666666666667 0.8 
1262306025 0.11111111111111 0.47058823529412 0.92592592592593 0.29411764705882 0.33333333333333 0.47058823529412 0.2 0.26666666666667 0.61111111111111 0.92857142857143 0.75 0.66666666666667 0.8 
1262306028 0.10344827586207 0.47058823529412 0.92592592592593 0.29411764705882 0.33333333333333 0.47058823529412 0.2 0.26666666666667 0.61111111111111 0.92857142857143 0.75 0.66666666666667 0.8 
1262306070 0.10344827586207 0.47058823529412 0.93103448275862 0.29411764705882 0.33333333333333 0.47058823529412 0.2 0.26666666666667 0.61111111111111 0.92857142857143 0.75 0.66666666666667 0.8 
1262306104 0.10344827586207 0.47058823529412 0.93103448275862 0.29411764705882 0.33333333333333 0.45 0.29411764705882 0.26666666666667 0.61111111111111 0.92857142857143 0.71428571428571 0.66666666666667 0.75 
1262306106 0.10344827586207 0.47058823529412 0.93103448275862 0.29411764705882 0.33333333333333 0.45 0.29411764705882 0.26666666666667 0.61111111111111 0.92857142857143 0.71428571428571 0.6 0.75 
1262306112 0.10344827586207 0.47058823529412 0.93103448275862 0.29411764705882 0.33333333333333 0.45 0.29411764705882 0.26666666666667 0.63157894736842 0.92857142857143 0.71428571428571 0.6 0.75 
1262306117 0.10344827586207 0.47058823529412 0.93103448275862 0.4 0.33333333333333 0.45 0.29411764705882 0.26666666666667 0.63157894736842 0.92857142857143 0.71428571428571 0.6 0.75 
1262306125 0.10344827586207 0.42105263157895 0.93103448275862 0.4 0.33333333333333 0.45 0.29411764705882 0.26666666666667 0.63157894736842 0.92857142857143 0.71428571428571 0.6 0.75 
1262306128 0.125 0.42105263157895 0.93103448275862 0.4 0.33333333333333 0.45 0.29411764705882 0.35294117647059 0.63157894736842 0.92857142857143 0.71428571428571 0.6 0.75 
1262306170 0.125 0.42105263157895 0.90322580645161 0.4 0.33333333333333 0.45 0.29411764705882 0.35294117647059 0.63157894736842 0.92857142857143 0.71428571428571 0.6 0.75 
1262306204 0.125 0.42105263157895 0.90322580645161 0.4 0.33333333333333 0.45 0.27777777777778 0.35294117647059 0.63157894736842 0.92857142857143 0.71428571428571 0.6 0.75 
1262306206 0.125 0.42105263157895 0.90322580645161 0.4 0.33333333333333 0.45 0.27777777777778 0.35294117647059 0.63157894736842 0.92857142857143 0.71428571428571 0.6 0.75 
1262306212 0.125 0.42105263157895 0.90322580645161 0.4 0.33333333333333 0.45 0.27777777777778 0.35294117647059 0.65 0.92857142857143 0.71428571428571 0.6 0.75 
1262306217 0.125 0.42105263157895 0.90322580645161 0.4 0.31578947368421 0.45 0.27777777777778 0.35294117647059 0.65 0.92857142857143 0.71428571428571 0.6 0.75 
1262306228 0.12121212121212 0.42105263157895 0.90322580645161 0.4 0.31578947368421 0.45 0.27777777777778 0.35294117647059 0.65 0.92857142857143 0.71428571428571 0.6 0.75 
1262306270 0.12121212121212 0.42105263157895 0.90909090909091 0.4 0.31578947368421 0.45 0.27777777777778 0.35294117647059 0.65 0.92857142857143 0.71428571428571 0.6 0.75 
1262306304 0.12121212121212 0.42105263157895 0.90909090909091 0.4 0.31578947368421 0.45 0.27777777777778 0.35294117647059 0.65 0.8125 0.66666666666667 0.6 0.76470588235294 
1262306306 0.12121212121212 0.42105263157895 0.90909090909091 0.4 0.31578947368421 0.45 0.27777777777778 0.35294117647059 0.65 0.8125 0.66666666666667 0.61904761904762 0.76470588235294 
1262306312 0.12121212121212 0.42105263157895 0.90909090909091 0.4 0.31578947368421 0.45 0.27777777777778 0.35294117647059 0.61904761904762 0.8125 0.66666666666667 0.61904761904762 0.76470588235294 
1262306317 0.12121212121212 0.42105263157895 0.90909090909091 0.42857142857143 0.31578947368421 0.45 0.27777777777778 0.35294117647059 0.61904761904762 0.8125 0.66666666666667 0.61904761904762 0.76470588235294 
1262306328 0.11428571428571 0.42105263157895 0.90909090909091 0.42857142857143 0.31578947368421 0.45 0.27777777777778 0.36842105263158 0.61904761904762 0.8125 0.66666666666667 0.61904761904762 0.76470588235294 
1262306332 0.11428571428571 0.42105263157895 0.90909090909091 0.42857142857143 0.31578947368421 0.45 0.27777777777778 0.36842105263158 0.61904761904762 0.8125 0.66666666666667 0.61904761904762 0.76470588235294 
1262306370 0.11428571428571 0.42105263157895 0.91428571428571 0.42857142857143 0.31578947368421 0.45 0.27777777777778 0.36842105263158 0.61904761904762 0.8125 0.66666666666667 0.61904761904762 0.76470588235294 
1262306404 0.11428571428571 0.42105263157895 0.91428571428571 0.42857142857143 0.31578947368421 0.42857142857143 0.35 0.36842105263158 0.61904761904762 0.8125 0.66666666666667 0.61904761904762 0.76470588235294 
1262306406 0.11428571428571 0.42105263157895 0.91428571428571 0.42857142857143 0.31578947368421 0.42857142857143 0.35 0.36842105263158 0.61904761904762 0.8125 0.66666666666667 0.61904761904762 0.76470588235294 
1262306412 0.11428571428571 0.42105263157895 0.91428571428571 0.42857142857143 0.31578947368421 0.42857142857143 0.35 0.36842105263158 0.61904761904762 0.8125 0.66666666666667 0.61904761904762 0.76470588235294 
1262306417 0.11428571428571 0.42105263157895 0.91428571428571 0.42857142857143 0.43478260869565 0.42857142857143 0.35 0.36842105263158 0.61904761904762 0.8125 0.66666666666667 0.61904761904762 0.76470588235294 
1262306428 0.10810810810811 0.42105263157895 0.91428571428571 0.42857142857143 0.43478260869565 0.42857142857143 0.35 0.42857142857143 0.61904761904762 0.8125 0.66666666666667 0.61904761904762 0.76470588235294 
1262306432 0.10810810810811 0.47619047619048 0.91428571428571 0.42857142857143 0.43478260869565 0.42857142857143 0.35 0.42857142857143 0.61904761904762 0.8125 0.66666666666667 0.61904761904762 0.76470588235294 
1262306470 0.10810810810811 0.47619047619048 0.86842105263158 0.42857142857143 0.43478260869565 0.42857142857143 0.35 0.42857142857143 0.61904761904762 0.8125 0.66666666666667 0.61904761904762 0.76470588235294 
1262306504 0.10810810810811 0.47619047619048 0.86842105263158 0.42857142857143 0.43478260869565 0.45454545454545 0.35 0.42857142857143 0.61904761904762 0.82352941176471 0.6875 0.61904761904762 0.78947368421053 
1262306506 0.10810810810811 0.47619047619048 0.86842105263158 0.42857142857143 0.43478260869565 0.45454545454545 0.35 0.42857142857143 0.61904761904762 0.82352941176471 0.6875 0.63636363636364 0.78947368421053 
1262306512 0.10810810810811 0.47619047619048 0.86842105263158 0.42857142857143 0.43478260869565 0.45454545454545 0.35 0.42857142857143 0.61904761904762 0.82352941176471 0.6875 0.63636363636364 0.78947368421053 
1262306517 0.10810810810811 0.47619047619048 0.86842105263158 0.42857142857143 0.43478260869565 0.45454545454545 0.35 0.42857142857143 0.61904761904762 0.82352941176471 0.6875 0.63636363636364 0.78947368421053 
1262306528 0.12820512820513 0.47619047619048 0.86842105263158 0.42857142857143 0.43478260869565 0.45454545454545 0.35 0.45454545454545 0.61904761904762 0.82352941176471 0.6875 0.63636363636364 0.78947368421053 
1262306532 0.12820512820513 0.47619047619048 0.86842105263158 0.42857142857143 0.43478260869565 0.45454545454545 0.35 0.45454545454545 0.61904761904762 0.82352941176471 0.6875 0.63636363636364 0.78947368421053 
1262306570 0.12820512820513 0.47619047619048 0.875 0.42857142857143 0.43478260869565 0.45454545454545 0.35 0.45454545454545 0.61904761904762 0.82352941176471 0.6875 0.63636363636364 0.78947368421053 
1262306604 0.12820512820513 0.47619047619048 0.875 0.42857142857143 0.43478260869565 0.47826086956522 0.39130434782609 0.45454545454545 0.61904761904762 0.77777777777778 0.6875 0.63636363636364 0.8 
1262306606 0.12820512820513 0.47619047619048 0.875 0.42857142857143 0.43478260869565 0.47826086956522 0.39130434782609 0.45454545454545 0.61904761904762 0.77777777777778 0.6875 0.63636363636364 0.8 
1262306612 0.12820512820513 0.47619047619048 0.875 0.42857142857143 0.43478260869565 0.47826086956522 0.39130434782609 0.45454545454545 0.61904761904762 0.77777777777778 0.6875 0.63636363636364 0.8 
1262306617 0.12820512820513 0.47619047619048 0.875 0.43478260869565 0.43478260869565 0.47826086956522 0.39130434782609 0.45454545454545 0.61904761904762 0.77777777777778 0.6875 0.63636363636364 0.8 
1262306628 0.14285714285714 0.47619047619048 0.875 0.43478260869565 0.43478260869565 0.47826086956522 0.39130434782609 0.45833333333333 0.61904761904762 0.77777777777778 0.6875 0.63636363636364 0.8 
1262306632 0.14285714285714 0.47619047619048 0.875 0.43478260869565 0.43478260869565 0.47826086956522 0.39130434782609 0.45833333333333 0.61904761904762 0.77777777777778 0.6875 0.63636363636364 0.8 
1262306670 0.14285714285714 0.47619047619048 0.88095238095238 0.43478260869565 0.43478260869565 0.47826086956522 0.39130434782609 0.45833333333333 0.61904761904762 0.77777777777778 0.6875 0.63636363636364 0.8 
1262306704 0.14285714285714 0.47619047619048 0.88095238095238 0.43478260869565 0.43478260869565 0.47826086956522 0.39130434782609 0.45833333333333 0.61904761904762 0.77777777777778 0.68421052631579 0.63636363636364 0.76190476190476 
1262306706 0.14285714285714 0.47619047619048 0.88095238095238 0.43478260869565 0.43478260869565 0.47826086956522 0.39130434782609 0.45833333333333 0.61904761904762 0.77777777777778 0.68421052631579 0.63636363636364 0.76190476190476 
1262306712 0.14285714285714 0.47619047619048 0.88095238095238 0.43478260869565 0.43478260869565 0.47826086956522 0.39130434782609 0.45833333333333 0.61904761904762 0.77777777777778 0.68421052631579 0.63636363636364 0.76190476190476 
1262306717 0.14285714285714 0.47619047619048 0.88095238095238 0.41666666666667 0.43478260869565 0.47826086956522 0.39130434782609 0.45833333333333 0.61904761904762 0.77777777777778 0.68421052631579 0.63636363636364 0.76190476190476 
1262306728 0.15555555555556 0.47619047619048 0.88095238095238 0.41666666666667 0.43478260869565 0.47826086956522 0.39130434782609 0.45833333333333 0.61904761904762 0.77777777777778 0.68421052631579 0.63636363636364 0.76190476190476 
1262306732 0.15555555555556 0.47619047619048 0.88095238095238 0.41666666666667 0.43478260869565 0.47826086956522 0.39130434782609 0.45833333333333 0.61904761904762 0.77777777777778 0.68421052631579 0.63636363636364 0.76190476190476 
1262306770 0.15555555555556 0.47619047619048 0.86363636363636 0.41666666666667 0.43478260869565 0.47826086956522 0.39130434782609 0.45833333333333 0.61904761904762 0.77777777777778 0.68421052631579 0.63636363636364 0.76190476190476 
1262306804 0.15555555555556 0.47619047619048 0.86363636363636 0.41666666666667 0.43478260869565 0.45833333333333 0.41666666666667 0.45833333333333 0.61904761904762 0.78947368421053 0.7 0.63636363636364 0.76190476190476 
1262306806 0.15555555555556 0.47619047619048 0.86363636363636 0.41666666666667 0.43478260869565 0.45833333333333 0.41666666666667 0.45833333333333 0.61904761904762 0.78947368421053 0.7 0.66666666666667 0.76190476190476 
1262306812 0.15555555555556 0.47619047619048 0.86363636363636 0.41666666666667 0.43478260869565 0.45833333333333 0.41666666666667 0.45833333333333 0.63636363636364 0.78947368421053 0.7 0.66666666666667 0.76190476190476 
1262306817 0.15555555555556 0.47619047619048 0.86363636363636 0.41666666666667 0.41666666666667 0.45833333333333 0.41666666666667 0.45833333333333 0.63636363636364 0.78947368421053 0.7 0.66666666666667 0.76190476190476 
1262306828 0.15217391304348 0.47619047619048 0.86363636363636 0.41666666666667 0.41666666666667 0.45833333333333 0.41666666666667 0.45833333333333 0.63636363636364 0.78947368421053 0.7 0.66666666666667 0.76190476190476 
1262306832 0.15217391304348 0.43478260869565 0.86363636363636 0.41666666666667 0.41666666666667 0.45833333333333 0.41666666666667 0.45833333333333 0.63636363636364 0.78947368421053 0.7 0.66666666666667 0.76190476190476 
1262306870 0.15217391304348 0.43478260869565 0.8695652173913 0.41666666666667 0.41666666666667 0.45833333333333 0.41666666666667 0.45833333333333 0.63636363636364 0.78947368421053 0.7 0.66666666666667 0.76190476190476 
1262306904 0.15217391304348 0.43478260869565 0.8695652173913 0.41666666666667 0.41666666666667 0.45833333333333 0.41666666666667 0.45833333333333 0.63636363636364 0.8 0.7 0.66666666666667 0.76190476190476 
1262306906 0.15217391304348 0.43478260869565 0.8695652173913 0.41666666666667 0.41666666666667 0.45833333333333 0.41666666666667 0.45833333333333 0.63636363636364 0.8 0.7 0.68 0.76190476190476 
1262306912 0.15217391304348 0.43478260869565 0.8695652173913 0.41666666666667 0.41666666666667 0.45833333333333 0.41666666666667 0.45833333333333 0.66666666666667 0.8 0.7 0.68 0.76190476190476 
1262306917 0.15217391304348 0.43478260869565 0.8695652173913 0.41666666666667 0.44 0.45833333333333 0.41666666666667 0.45833333333333 0.66666666666667 0.8 0.7 0.68 0.76190476190476 
1262306928 0.14583333333333 0.43478260869565 0.8695652173913 0.41666666666667 0.44 0.45833333333333 0.41666666666667 0.45833333333333 0.66666666666667 0.8 0.7 0.68 0.76190476190476 
1262306932 0.14583333333333 0.43478260869565 0.8695652173913 0.41666666666667 0.44 0.45833333333333 0.41666666666667 0.45833333333333 0.66666666666667 0.8 0.7 0.68 0.76190476190476 
1262306970 0.14583333333333 0.43478260869565 0.875 0.41666666666667 0.44 0.45833333333333 0.41666666666667 0.45833333333333 0.66666666666667 0.8 0.7 0.68 0.76190476190476 
1262307004 0.14583333333333 0.43478260869565 0.875 0.41666666666667 0.44 0.45833333333333 0.44 0.45833333333333 0.66666666666667 0.80952380952381 0.72727272727273 0.68 0.77272727272727 
1262307006 0.14583333333333 0.43478260869565 0.875 0.41666666666667 0.44 0.45833333333333 0.44 0.45833333333333 0.66666666666667 0.80952380952381 0.72727272727273 0.69230769230769 0.77272727272727 
1262307012 0.14583333333333 0.43478260869565 0.875 0.41666666666667 0.44 0.45833333333333 0.44 0.45833333333333 0.66666666666667 0.80952380952381 0.72727272727273 0.69230769230769 0.77272727272727 
1262307017 0.14583333333333 0.43478260869565 0.875 0.41666666666667 0.44 0.45833333333333 0.44 0.45833333333333 0.66666666666667 0.80952380952381 0.72727272727273 0.69230769230769 0.77272727272727 
1262307028 0.14 0.43478260869565 0.875 0.41666666666667 0.44 0.45833333333333 0.44 0.48 0.66666666666667 0.80952380952381 0.72727272727273 0.69230769230769 0.77272727272727 
1262307032 0.14 0.43478260869565 0.875 0.41666666666667 0.44 0.45833333333333 0.44 0.48 0.66666666666667 0.80952380952381 0.72727272727273 0.69230769230769 0.77272727272727 
1262307070 0.14 0.43478260869565 0.87755102040816 0.41666666666667 0.44 0.45833333333333 0.44 0.48 0.66666666666667 0.80952380952381 0.72727272727273 0.69230769230769 0.77272727272727 
1262307104 0.14 0.43478260869565 0.87755102040816 0.41666666666667 0.44 0.45833333333333 0.44 0.48 0.66666666666667 0.81818181818182 0.73913043478261 0.69230769230769 0.78260869565217 
1262307106 0.14 0.43478260869565 0.87755102040816 0.41666666666667 0.44 0.45833333333333 0.44 0.48 0.66666666666667 0.81818181818182 0.73913043478261 0.69230769230769 0.78260869565217 
1262307112 0.14 0.43478260869565 0.87755102040816 0.41666666666667 0.44 0.45833333333333 0.44 0.48 0.66666666666667 0.81818181818182 0.73913043478261 0.69230769230769 0.78260869565217 
1262307117 0.14 0.43478260869565 0.87755102040816 0.44 0.42307692307692 0.45833333333333 0.44 0.48 0.66666666666667 0.81818181818182 0.73913043478261 0.69230769230769 0.78260869565217 
1262307128 0.13725490196078 0.43478260869565 0.87755102040816 0.44 0.42307692307692 0.45833333333333 0.44 0.48 0.66666666666667 0.81818181818182 0.73913043478261 0.69230769230769 0.78260869565217 
1262307132 0.13725490196078 0.45833333333333 0.87755102040816 0.44 0.42307692307692 0.45833333333333 0.44 0.48 0.66666666666667 0.81818181818182 0.73913043478261 0.69230769230769 0.78260869565217 
1262307170 0.13725490196078 0.45833333333333 0.88235294117647 0.44 0.42307692307692 0.45833333333333 0.44 0.48 0.66666666666667 0.81818181818182 0.73913043478261 0.69230769230769 0.78260869565217 
1262307204 0.13725490196078 0.45833333333333 0.88235294117647 0.44 0.42307692307692 0.45833333333333 0.44 0.48 0.66666666666667 0.81818181818182 0.75 0.69230769230769 0.78260869565217 
1262307206 0.13725490196078 0.45833333333333 0.88235294117647 0.44 0.42307692307692 0.45833333333333 0.44 0.48 0.66666666666667 0.81818181818182 0.75 0.7037037037037 0.78260869565217 
1262307212 0.13725490196078 0.45833333333333 0.88235294117647 0.44 0.42307692307692 0.45833333333333 0.44 0.48 0.68 0.81818181818182 0.75 0.7037037037037 0.78260869565217 
1262307217 0.13725490196078 0.45833333333333 0.88235294117647 0.42307692307692 0.42307692307692 0.45833333333333 0.44 0.48 0.68 0.81818181818182 0.75 0.7037037037037 0.78260869565217 
1262307219 0.13725490196078 0.45833333333333 0.88235294117647 0.42307692307692 0.42307692307692 0.45833333333333 0.44 0.48 0.68 0.81818181818182 0.75 0.7037037037037 0.78260869565217 
1262307228 0.16363636363636 0.45833333333333 0.88235294117647 0.42307692307692 0.42307692307692 0.45833333333333 0.44 0.48 0.68 0.81818181818182 0.75 0.7037037037037 0.78260869565217 
1262307232 0.16363636363636 0.51851851851852 0.88235294117647 0.42307692307692 0.42307692307692 0.45833333333333 0.44 0.48 0.68 0.81818181818182 0.75 0.7037037037037 0.78260869565217 
1262307270 0.16363636363636 0.51851851851852 0.88679245283019 0.42307692307692 0.42307692307692 0.45833333333333 0.44 0.48 0.68 0.81818181818182 0.75 0.7037037037037 0.78260869565217 
1262307304 0.16363636363636 0.51851851851852 0.88679245283019 0.42307692307692 0.42307692307692 0.44 0.44 0.48 0.68 0.81818181818182 0.72 0.7037037037037 0.78260869565217 
1262307306 0.16363636363636 0.51851851851852 0.88679245283019 0.42307692307692 0.42307692307692 0.44 0.44 0.48 0.68 0.81818181818182 0.72 0.6551724137931 0.78260869565217 
1262307312 0.16363636363636 0.51851851851852 0.88679245283019 0.42307692307692 0.42307692307692 0.44 0.44 0.48 0.69230769230769 0.81818181818182 0.72 0.6551724137931 0.78260869565217 
1262307317 0.16363636363636 0.51851851851852 0.88679245283019 0.42307692307692 0.40740740740741 0.44 0.44 0.48 0.69230769230769 0.81818181818182 0.72 0.6551724137931 0.78260869565217 
1262307319 0.16363636363636 0.51851851851852 0.88679245283019 0.42307692307692 0.40740740740741 0.44 0.44 0.48 0.69230769230769 0.81818181818182 0.72 0.6551724137931 0.74074074074074 
1262307328 0.15789473684211 0.51851851851852 0.88679245283019 0.42307692307692 0.40740740740741 0.44 0.44 0.5 0.69230769230769 0.81818181818182 0.72 0.6551724137931 0.74074074074074 
1262307332 0.15789473684211 0.53571428571429 0.88679245283019 0.42307692307692 0.40740740740741 0.44 0.44 0.5 0.69230769230769 0.81818181818182 0.72 0.6551724137931 0.74074074074074 
1262307370 0.15789473684211 0.53571428571429 0.88888888888889 0.42307692307692 0.40740740740741 0.44 0.44 0.5 0.69230769230769 0.81818181818182 0.72 0.6551724137931 0.74074074074074 
1262307404 0.15789473684211 0.53571428571429 0.88888888888889 0.42307692307692 0.40740740740741 0.42307692307692 0.42307692307692 0.5 0.69230769230769 0.72 0.72 0.6551724137931 0.74074074074074 
1262307406 0.15789473684211 0.53571428571429 0.88888888888889 0.42307692307692 0.40740740740741 0.42307692307692 0.42307692307692 0.5 0.69230769230769 0.72 0.72 0.6551724137931 0.74074074074074 
1262307412 0.15789473684211 0.53571428571429 0.88888888888889 0.42307692307692 0.40740740740741 0.42307692307692 0.42307692307692 0.5 0.64285714285714 0.72 0.72 0.6551724137931 0.74074074074074 
1262307417 0.15789473684211 0.53571428571429 0.88888888888889 0.42307692307692 0.42857142857143 0.42307692307692 0.42307692307692 0.5 0.64285714285714 0.72 0.72 0.6551724137931 0.74074074074074 
1262307419 0.15789473684211 0.53571428571429 0.88888888888889 0.42307692307692 0.42857142857143 0.42307692307692 0.42307692307692 0.5 0.64285714285714 0.72 0.72 0.6551724137931 0.75 
1262307428 0.16949152542373 0.53571428571429 0.88888888888889 0.42307692307692 0.42857142857143 0.42307692307692 0.42307692307692 0.51851851851852 0.64285714285714 0.72 0.72 0.6551724137931 0.75 
1262307432 0.16949152542373 0.56666666666667 0.88888888888889 0.42307692307692 0.42857142857143 0.42307692307692 0.42307692307692 0.51851851851852 0.64285714285714 0.72 0.72 0.6551724137931 0.75 
1262307470 0.16949152542373 0.56666666666667 0.87719298245614 0.42307692307692 0.42857142857143 0.42307692307692 0.42307692307692 0.51851851851852 0.64285714285714 0.72 0.72 0.6551724137931 0.75 
1262307504 0.16949152542373 0.56666666666667 0.87719298245614 0.42307692307692 0.42857142857143 0.42307692307692 0.40740740740741 0.51851851851852 0.64285714285714 0.69230769230769 0.69230769230769 0.6551724137931 0.75 
1262307506 0.16949152542373 0.56666666666667 0.87719298245614 0.42307692307692 0.42857142857143 0.42307692307692 0.40740740740741 0.51851851851852 0.64285714285714 0.69230769230769 0.69230769230769 0.66666666666667 0.75 
1262307512 0.16949152542373 0.56666666666667 0.87719298245614 0.42307692307692 0.42857142857143 0.42307692307692 0.40740740740741 0.51851851851852 0.62068965517241 0.69230769230769 0.69230769230769 0.66666666666667 0.75 
1262307517 0.16949152542373 0.56666666666667 0.87719298245614 0.44444444444444 0.42857142857143 0.42307692307692 0.40740740740741 0.51851851851852 0.62068965517241 0.69230769230769 0.69230769230769 0.66666666666667 0.75 
1262307519 0.16949152542373 0.56666666666667 0.87719298245614 0.44444444444444 0.42857142857143 0.42307692307692 0.40740740740741 0.51851851851852 0.62068965517241 0.69230769230769 0.69230769230769 0.66666666666667 0.72413793103448 
1262307528 0.16393442622951 0.56666666666667 0.87719298245614 0.44444444444444 0.42857142857143 0.42307692307692 0.40740740740741 0.5 0.62068965517241 0.69230769230769 0.69230769230769 0.66666666666667 0.72413793103448 
1262307532 0.16393442622951 0.56666666666667 0.87719298245614 0.44444444444444 0.42857142857143 0.42307692307692 0.40740740740741 0.5 0.62068965517241 0.69230769230769 0.69230769230769 0.66666666666667 0.72413793103448 
1262307570 0.16393442622951 0.56666666666667 0.86666666666667 0.44444444444444 0.42857142857143 0.42307692307692 0.40740740740741 0.5 0.62068965517241 0.69230769230769 0.69230769230769 0.66666666666667 0.72413793103448 
1262307604 0.16393442622951 0.56666666666667 0.86666666666667 0.44444444444444 0.42857142857143 0.42307692307692 0.42857142857143 0.5 0.62068965517241 0.66666666666667 0.67857142857143 0.66666666666667 0.72413793103448 
1262307606 0.16393442622951 0.56666666666667 0.86666666666667 0.44444444444444 0.42857142857143 0.42307692307692 0.42857142857143 0.5 0.62068965517241 0.66666666666667 0.67857142857143 0.67741935483871 0.72413793103448 
1262307612 0.16393442622951 0.56666666666667 0.86666666666667 0.44444444444444 0.42857142857143 0.42307692307692 0.42857142857143 0.5 0.6 0.66666666666667 0.67857142857143 0.67741935483871 0.72413793103448 
1262307617 0.16393442622951 0.56666666666667 0.86666666666667 0.48275862068966 0.44827586206897 0.42307692307692 0.42857142857143 0.5 0.6 0.66666666666667 0.67857142857143 0.67741935483871 0.72413793103448 
1262307619 0.16393442622951 0.56666666666667 0.86666666666667 0.48275862068966 0.44827586206897 0.42307692307692 0.42857142857143 0.5 0.6 0.66666666666667 0.67857142857143 0.67741935483871 0.72413793103448 
1262307628 0.171875 0.56666666666667 0.86666666666667 0.48275862068966 0.44827586206897 0.42307692307692 0.42857142857143 0.46666666666667 0.6 0.66666666666667 0.67857142857143 0.67741935483871 0.72413793103448 
1262307632 0.171875 0.53125 0.86666666666667 0.48275862068966 0.44827586206897 0.42307692307692 0.42857142857143 0.46666666666667 0.6 0.66666666666667 0.67857142857143 0.67741935483871 0.72413793103448 
1262307670 0.171875 0.53125 0.85483870967742 0.48275862068966 0.44827586206897 0.42307692307692 0.42857142857143 0.46666666666667 0.6 0.66666666666667 0.67857142857143 0.67741935483871 0.72413793103448 
1262307704 0.171875 0.53125 0.85483870967742 0.48275862068966 0.44827586206897 0.42307692307692 0.42857142857143 0.46666666666667 0.6 0.6551724137931 0.68965517241379 0.67741935483871 0.72413793103448 
1262307706 0.171875 0.53125 0.85483870967742 0.48275862068966 0.44827586206897 0.42307692307692 0.42857142857143 0.46666666666667 0.6 0.6551724137931 0.68965517241379 0.67741935483871 0.72413793103448 
1262307712 0.171875 0.53125 0.85483870967742 0.48275862068966 0.44827586206897 0.42307692307692 0.42857142857143 0.46666666666667 0.6 0.6551724137931 0.68965517241379 0.67741935483871 0.72413793103448 
1262307717 0.171875 0.53125 0.85483870967742 0.48275862068966 0.48387096774194 0.42307692307692 0.42857142857143 0.46666666666667 0.6 0.6551724137931 0.68965517241379 0.67741935483871 0.72413793103448 
1262307719 0.171875 0.53125 0.85483870967742 0.48275862068966 0.48387096774194 0.42307692307692 0.42857142857143 0.46666666666667 0.6 0.6551724137931 0.68965517241379 0.67741935483871 0.67741935483871 
1262307728 0.16923076923077 0.53125 0.85483870967742 0.48275862068966 0.48387096774194 0.42307692307692 0.42857142857143 0.46666666666667 0.6 0.6551724137931 0.68965517241379 0.67741935483871 0.67741935483871 
1262307732 0.16923076923077 0.55882352941176 0.85483870967742 0.48275862068966 0.48387096774194 0.42307692307692 0.42857142857143 0.46666666666667 0.6 0.6551724137931 0.68965517241379 0.67741935483871 0.67741935483871 
1262307770 0.16923076923077 0.55882352941176 0.859375 0.48275862068966 0.48387096774194 0.42307692307692 0.42857142857143 0.46666666666667 0.6 0.6551724137931 0.68965517241379 0.67741935483871 0.67741935483871 
1262307804 0.16923076923077 0.55882352941176 0.859375 0.48275862068966 0.48387096774194 0.44444444444444 0.41379310344828 0.46666666666667 0.6 0.66666666666667 0.66666666666667 0.67741935483871 0.67741935483871 
1262307806 0.16923076923077 0.55882352941176 0.859375 0.48275862068966 0.48387096774194 0.44444444444444 0.41379310344828 0.46666666666667 0.6 0.66666666666667 0.66666666666667 0.63636363636364 0.67741935483871 
1262307812 0.16923076923077 0.55882352941176 0.859375 0.48275862068966 0.48387096774194 0.44444444444444 0.41379310344828 0.46666666666667 0.625 0.66666666666667 0.66666666666667 0.63636363636364 0.67741935483871 
1262307817 0.16923076923077 0.55882352941176 0.859375 0.48275862068966 0.48484848484848 0.44444444444444 0.41379310344828 0.46666666666667 0.625 0.66666666666667 0.66666666666667 0.63636363636364 0.67741935483871 
1262307819 0.16923076923077 0.55882352941176 0.859375 0.48275862068966 0.48484848484848 0.44444444444444 0.41379310344828 0.46666666666667 0.625 0.66666666666667 0.66666666666667 0.63636363636364 0.65625 
1262307828 0.16417910447761 0.55882352941176 0.859375 0.48275862068966 0.48484848484848 0.44444444444444 0.41379310344828 0.46875 0.625 0.66666666666667 0.66666666666667 0.63636363636364 0.65625 
1262307832 0.16417910447761 0.55882352941176 0.859375 0.48275862068966 0.48484848484848 0.44444444444444 0.41379310344828 0.46875 0.625 0.66666666666667 0.66666666666667 0.63636363636364 0.65625 
1262307870 0.16417910447761 0.55882352941176 0.85074626865672 0.48275862068966 0.48484848484848 0.44444444444444 0.41379310344828 0.46875 0.625 0.66666666666667 0.66666666666667 0.63636363636364 0.65625 
1262307904 0.16417910447761 0.55882352941176 0.85074626865672 0.48275862068966 0.48484848484848 0.46666666666667 0.41935483870968 0.46875 0.625 0.65625 0.63636363636364 0.63636363636364 0.65625 
1262307906 0.16417910447761 0.55882352941176 0.85074626865672 0.48275862068966 0.48484848484848 0.46666666666667 0.41935483870968 0.46875 0.625 0.65625 0.63636363636364 0.62857142857143 0.65625 
1262307912 0.16417910447761 0.55882352941176 0.85074626865672 0.48275862068966 0.48484848484848 0.46666666666667 0.41935483870968 0.46875 0.63636363636364 0.65625 0.63636363636364 0.62857142857143 0.65625 
1262307917 0.16417910447761 0.55882352941176 0.85074626865672 0.46666666666667 0.48484848484848 0.46666666666667 0.41935483870968 0.46875 0.63636363636364 0.65625 0.63636363636364 0.62857142857143 0.65625 
1262307919 0.16417910447761 0.55882352941176 0.85074626865672 0.46666666666667 0.48484848484848 0.46666666666667 0.41935483870968 0.46875 0.63636363636364 0.65625 0.63636363636364 0.62857142857143 0.65714285714286 
1262307928 0.15942028985507 0.55882352941176 0.85074626865672 0.46666666666667 0.48484848484848 0.46666666666667 0.41935483870968 0.48484848484848 0.63636363636364 0.65625 0.63636363636364 0.62857142857143 0.65714285714286 
1262307932 0.15942028985507 0.54285714285714 0.85074626865672 0.46666666666667 0.48484848484848 0.46666666666667 0.41935483870968 0.48484848484848 0.63636363636364 0.65625 0.63636363636364 0.62857142857143 0.65714285714286 
1262307970 0.15942028985507 0.54285714285714 0.85294117647059 0.46666666666667 0.48484848484848 0.46666666666667 0.41935483870968 0.48484848484848 0.63636363636364 0.65625 0.63636363636364 0.62857142857143 0.65714285714286 
1262308004 0.15942028985507 0.54285714285714 0.85294117647059 0.46666666666667 0.48484848484848 0.51515151515152 0.41935483870968 0.48484848484848 0.63636363636364 0.63636363636364 0.61764705882353 0.62857142857143 0.65714285714286 
1262308006 0.15942028985507 0.54285714285714 0.85294117647059 0.46666666666667 0.48484848484848 0.51515151515152 0.41935483870968 0.48484848484848 0.63636363636364 0.63636363636364 0.61764705882353 0.59459459459459 0.65714285714286 
1262308012 0.15942028985507 0.54285714285714 0.85294117647059 0.46666666666667 0.48484848484848 0.51515151515152 0.41935483870968 0.48484848484848 0.61764705882353 0.63636363636364 0.61764705882353 0.59459459459459 0.65714285714286 
1262308017 0.15942028985507 0.54285714285714 0.85294117647059 0.45161290322581 0.5 0.51515151515152 0.41935483870968 0.48484848484848 0.61764705882353 0.63636363636364 0.61764705882353 0.59459459459459 0.65714285714286 
1262308019 0.15942028985507 0.54285714285714 0.85294117647059 0.45161290322581 0.5 0.51515151515152 0.41935483870968 0.48484848484848 0.61764705882353 0.63636363636364 0.61764705882353 0.59459459459459 0.62162162162162 
1262308028 0.16901408450704 0.54285714285714 0.85294117647059 0.45161290322581 0.5 0.51515151515152 0.41935483870968 0.48484848484848 0.61764705882353 0.63636363636364 0.61764705882353 0.59459459459459 0.62162162162162 
1262308032 0.16901408450704 0.55555555555556 0.85294117647059 0.45161290322581 0.5 0.51515151515152 0.41935483870968 0.48484848484848 0.61764705882353 0.63636363636364 0.61764705882353 0.59459459459459 0.62162162162162 
1262308070 0.16901408450704 0.55555555555556 0.83333333333333 0.45161290322581 0.5 0.51515151515152 0.41935483870968 0.48484848484848 0.61764705882353 0.63636363636364 0.61764705882353 0.59459459459459 0.62162162162162 
1262308104 0.16901408450704 0.55555555555556 0.83333333333333 0.45161290322581 0.5 0.52941176470588 0.41935483870968 0.48484848484848 0.61764705882353 0.64705882352941 0.6 0.59459459459459 0.62162162162162 
1262308106 0.16901408450704 0.55555555555556 0.83333333333333 0.45161290322581 0.5 0.52941176470588 0.41935483870968 0.48484848484848 0.61764705882353 0.64705882352941 0.6 0.57894736842105 0.62162162162162 
1262308112 0.16901408450704 0.55555555555556 0.83333333333333 0.45161290322581 0.5 0.52941176470588 0.41935483870968 0.48484848484848 0.62857142857143 0.64705882352941 0.6 0.57894736842105 0.62162162162162 
1262308117 0.16901408450704 0.55555555555556 0.83333333333333 0.45161290322581 0.5 0.52941176470588 0.41935483870968 0.48484848484848 0.62857142857143 0.64705882352941 0.6 0.57894736842105 0.62162162162162 
1262308119 0.16901408450704 0.55555555555556 0.83333333333333 0.45161290322581 0.5 0.52941176470588 0.41935483870968 0.48484848484848 0.62857142857143 0.64705882352941 0.6 0.57894736842105 0.62162162162162 
1262308128 0.16666666666667 0.55555555555556 0.83333333333333 0.45161290322581 0.5 0.52941176470588 0.41935483870968 0.48484848484848 0.62857142857143 0.64705882352941 0.6 0.57894736842105 0.62162162162162 
1262308132 0.16666666666667 0.57894736842105 0.83333333333333 0.45161290322581 0.5 0.52941176470588 0.41935483870968 0.48484848484848 0.62857142857143 0.64705882352941 0.6 0.57894736842105 0.62162162162162 
1262308170 0.16666666666667 0.57894736842105 0.83333333333333 0.45161290322581 0.5 0.52941176470588 0.41935483870968 0.48484848484848 0.62857142857143 0.64705882352941 0.6 0.57894736842105 0.62162162162162 
1262308204 0.16666666666667 0.57894736842105 0.83333333333333 0.45161290322581 0.5 0.52941176470588 0.41935483870968 0.48484848484848 0.62857142857143 0.64705882352941 0.6 0.57894736842105 0.62162162162162 
1262308206 0.16666666666667 0.57894736842105 0.83333333333333 0.45161290322581 0.5 0.52941176470588 0.41935483870968 0.48484848484848 0.62857142857143 0.64705882352941 0.6 0.57894736842105 0.62162162162162 
1262308212 0.16666666666667 0.57894736842105 0.83333333333333 0.45161290322581 0.5 0.52941176470588 0.41935483870968 0.48484848484848 0.62857142857143 0.64705882352941 0.6 0.57894736842105 0.62162162162162 
1262308217 0.16666666666667 0.57894736842105 0.83333333333333 0.46875 0.48571428571429 0.52941176470588 0.41935483870968 0.48484848484848 0.62857142857143 0.64705882352941 0.6 0.57894736842105 0.62162162162162 
1262308219 0.16666666666667 0.57894736842105 0.83333333333333 0.46875 0.48571428571429 0.52941176470588 0.41935483870968 0.48484848484848 0.62857142857143 0.64705882352941 0.6 0.57894736842105 0.62162162162162 
1262308228 0.17808219178082 0.57894736842105 0.83333333333333 0.46875 0.48571428571429 0.52941176470588 0.41935483870968 0.48571428571429 0.62857142857143 0.64705882352941 0.6 0.57894736842105 0.62162162162162 
1262308232 0.17808219178082 0.57894736842105 0.83333333333333 0.46875 0.48571428571429 0.52941176470588 0.41935483870968 0.48571428571429 0.62857142857143 0.64705882352941 0.6 0.57894736842105 0.62162162162162 
1262308270 0.17808219178082 0.57894736842105 0.83333333333333 0.46875 0.48571428571429 0.52941176470588 0.41935483870968 0.48571428571429 0.62857142857143 0.64705882352941 0.6 0.57894736842105 0.62162162162162 
1262308304 0.17808219178082 0.57894736842105 0.83333333333333 0.46875 0.48571428571429 0.52941176470588 0.4375 0.48571428571429 0.62857142857143 0.64705882352941 0.6 0.57894736842105 0.62162162162162 
1262308306 0.17808219178082 0.57894736842105 0.83333333333333 0.46875 0.48571428571429 0.52941176470588 0.4375 0.48571428571429 0.62857142857143 0.64705882352941 0.6 0.58974358974359 0.62162162162162 
1262308312 0.17808219178082 0.57894736842105 0.83333333333333 0.46875 0.48571428571429 0.52941176470588 0.4375 0.48571428571429 0.61111111111111 0.64705882352941 0.6 0.58974358974359 0.62162162162162 
1262308317 0.17808219178082 0.57894736842105 0.83333333333333 0.46875 0.48571428571429 0.52941176470588 0.4375 0.48571428571429 0.61111111111111 0.64705882352941 0.6 0.58974358974359 0.62162162162162 
1262308319 0.17808219178082 0.57894736842105 0.83333333333333 0.46875 0.48571428571429 0.52941176470588 0.4375 0.48571428571429 0.61111111111111 0.64705882352941 0.6 0.58974358974359 0.62162162162162 
1262308328 0.17808219178082 0.57894736842105 0.83333333333333 0.46875 0.48571428571429 0.52941176470588 0.4375 0.48571428571429 0.61111111111111 0.64705882352941 0.6 0.58974358974359 0.62162162162162 
1262308332 0.17808219178082 0.57894736842105 0.83333333333333 0.46875 0.48571428571429 0.52941176470588 0.4375 0.48571428571429 0.61111111111111 0.64705882352941 0.6 0.58974358974359 0.62162162162162 
1262308370 0.17808219178082 0.57894736842105 0.83333333333333 0.46875 0.48571428571429 0.52941176470588 0.4375 0.48571428571429 0.61111111111111 0.64705882352941 0.6 0.58974358974359 0.62162162162162 
1262308404 0.17808219178082 0.57894736842105 0.83333333333333 0.46875 0.48571428571429 0.52941176470588 0.42424242424242 0.48571428571429 0.61111111111111 0.62857142857143 0.61111111111111 0.58974358974359 0.62162162162162 
1262308406 0.17808219178082 0.57894736842105 0.83333333333333 0.46875 0.48571428571429 0.52941176470588 0.42424242424242 0.48571428571429 0.61111111111111 0.62857142857143 0.61111111111111 0.58974358974359 0.62162162162162 
1262308412 0.17808219178082 0.57894736842105 0.83333333333333 0.46875 0.48571428571429 0.52941176470588 0.42424242424242 0.48571428571429 0.62162162162162 0.62857142857143 0.61111111111111 0.58974358974359 0.62162162162162 
1262308417 0.17808219178082 0.57894736842105 0.83333333333333 0.45454545454545 0.48571428571429 0.52941176470588 0.42424242424242 0.48571428571429 0.62162162162162 0.62857142857143 0.61111111111111 0.58974358974359 0.62162162162162 
1262308419 0.17808219178082 0.57894736842105 0.83333333333333 0.45454545454545 0.48571428571429 0.52941176470588 0.42424242424242 0.48571428571429 0.62162162162162 0.62857142857143 0.61111111111111 0.58974358974359 0.62162162162162 
1262308428 0.18918918918919 0.57894736842105 0.83333333333333 0.45454545454545 0.48571428571429 0.52941176470588 0.42424242424242 0.48571428571429 0.62162162162162 0.62857142857143 0.61111111111111 0.58974358974359 0.62162162162162 
1262308432 0.18918918918919 0.57894736842105 0.83333333333333 0.45454545454545 0.48571428571429 0.52941176470588 0.42424242424242 0.48571428571429 0.62162162162162 0.62857142857143 0.61111111111111 0.58974358974359 0.62162162162162 
1262308470 0.18918918918919 0.57894736842105 0.83333333333333 0.45454545454545 0.48571428571429 0.52941176470588 0.42424242424242 0.48571428571429 0.62162162162162 0.62857142857143 0.61111111111111 0.58974358974359 0.62162162162162 
