NOTIFS:
node3	:	60	sent
node1	:	60	sent
SUBS:
on	node1
	node1	:	0	received
on	node3
	node3	:	0	received
1262304604 0 - 1 0 - - - - - - 1 - - 
1262304704 0 - 1 0 - - - - 1 - 1 - - 
1262304804 0 - 1 0 - - - - 1 1 1 1 1 
1262304904 0 - 1 0 0 - - 0 1 1 1 1 1 
1262305004 0 1 1 0 0 - 0 0 1 1 1 1 1 
1262305104 0 1 1 0 0 0 0 0 1 1 1 1 1 
1262305166 0 1 1 0 0 0 0 0 1 1 1 1 1 
1262305204 0 0.33333333333333 1 0 0.18181818181818 0 0 0 1 1 1 0.81818181818182 0.9 
1262305266 0 0.33333333333333 1 0.22222222222222 0.18181818181818 0 0 0 1 1 1 0.81818181818182 0.9 
1262305304 0 0.33333333333333 1 0.22222222222222 0.18181818181818 0 0 0 1 0.81818181818182 1 0.69230769230769 0.75 
1262305337 0 0.33333333333333 1 0.22222222222222 0.18181818181818 0 0 0 1 0.81818181818182 1 0.69230769230769 0.75 
1262305366 0 0.33333333333333 1 0.41666666666667 0.18181818181818 0 0 0 1 0.81818181818182 1 0.69230769230769 0.75 
1262305404 0 0.38461538461538 1 0.41666666666667 0.15384615384615 0.083333333333333 0.083333333333333 0 1 0.75 0.91666666666667 0.69230769230769 0.76923076923077 
1262305437 0 0.38461538461538 1 0.41666666666667 0.15384615384615 0.083333333333333 0.083333333333333 0 1 0.75 0.91666666666667 0.69230769230769 0.76923076923077 
1262305466 0 0.38461538461538 1 0.41666666666667 0.15384615384615 0.083333333333333 0.083333333333333 0 1 0.75 0.91666666666667 0.69230769230769 0.76923076923077 
1262305504 0.055555555555556 0.38461538461538 0.94444444444444 0.41666666666667 0.14285714285714 0.083333333333333 0.083333333333333 0 1 0.75 0.91666666666667 0.69230769230769 0.78571428571429 
1262305537 0.055555555555556 0.38461538461538 0.94444444444444 0.41666666666667 0.14285714285714 0.083333333333333 0.083333333333333 0 0.90909090909091 0.75 0.91666666666667 0.69230769230769 0.78571428571429 
1262305566 0.055555555555556 0.38461538461538 0.94444444444444 0.38461538461538 0.14285714285714 0.083333333333333 0.083333333333333 0 0.90909090909091 0.75 0.91666666666667 0.69230769230769 0.78571428571429 
1262305604 0.05 0.38461538461538 0.95 0.38461538461538 0.14285714285714 0.083333333333333 0.15384615384615 0.15384615384615 0.90909090909091 0.76923076923077 0.78571428571429 0.71428571428571 0.78571428571429 
1262305637 0.05 0.38461538461538 0.95 0.38461538461538 0.14285714285714 0.083333333333333 0.15384615384615 0.15384615384615 0.90909090909091 0.76923076923077 0.78571428571429 0.71428571428571 0.78571428571429 
1262305666 0.05 0.38461538461538 0.95 0.38461538461538 0.14285714285714 0.083333333333333 0.15384615384615 0.15384615384615 0.90909090909091 0.76923076923077 0.78571428571429 0.71428571428571 0.78571428571429 
1262305704 0.090909090909091 0.4 0.8695652173913 0.38461538461538 0.14285714285714 0.083333333333333 0.3125 0.15384615384615 0.90909090909091 0.78571428571429 0.6875 0.71428571428571 0.8 
1262305737 0.090909090909091 0.4 0.8695652173913 0.38461538461538 0.14285714285714 0.083333333333333 0.3125 0.15384615384615 0.76923076923077 0.78571428571429 0.6875 0.71428571428571 0.8 
1262305766 0.090909090909091 0.4 0.8695652173913 0.35714285714286 0.14285714285714 0.083333333333333 0.3125 0.15384615384615 0.76923076923077 0.78571428571429 0.6875 0.71428571428571 0.8 
1262305804 0.083333333333333 0.4375 0.88 0.35714285714286 0.14285714285714 0.076923076923077 0.35294117647059 0.21428571428571 0.76923076923077 0.78571428571429 0.6875 0.71428571428571 0.8 
1262305812 0.083333333333333 0.4375 0.88 0.35714285714286 0.14285714285714 0.076923076923077 0.35294117647059 0.21428571428571 0.76923076923077 0.78571428571429 0.6875 0.66666666666667 0.8 
1262305837 0.083333333333333 0.4375 0.88 0.35714285714286 0.14285714285714 0.076923076923077 0.35294117647059 0.21428571428571 0.66666666666667 0.78571428571429 0.6875 0.66666666666667 0.8 
1262305866 0.083333333333333 0.4375 0.88 0.4 0.14285714285714 0.076923076923077 0.35294117647059 0.21428571428571 0.66666666666667 0.78571428571429 0.6875 0.66666666666667 0.8 
1262305904 0.076923076923077 0.4375 0.88888888888889 0.4 0.14285714285714 0.2 0.38888888888889 0.25 0.66666666666667 0.78571428571429 0.6875 0.66666666666667 0.8 
1262305912 0.076923076923077 0.4375 0.88888888888889 0.4 0.14285714285714 0.2 0.38888888888889 0.25 0.66666666666667 0.78571428571429 0.6875 0.64705882352941 0.8 
1262305937 0.076923076923077 0.4375 0.88888888888889 0.4 0.14285714285714 0.2 0.38888888888889 0.25 0.66666666666667 0.78571428571429 0.6875 0.64705882352941 0.8 
1262305966 0.076923076923077 0.4375 0.88888888888889 0.4 0.14285714285714 0.2 0.38888888888889 0.25 0.66666666666667 0.78571428571429 0.6875 0.64705882352941 0.8 
1262306004 0.10714285714286 0.41176470588235 0.89285714285714 0.4 0.25 0.2 0.38888888888889 0.23529411764706 0.66666666666667 0.73333333333333 0.6875 0.64705882352941 0.75 
1262306012 0.10714285714286 0.41176470588235 0.89285714285714 0.4 0.25 0.2 0.38888888888889 0.23529411764706 0.66666666666667 0.73333333333333 0.6875 0.64705882352941 0.75 
1262306037 0.10714285714286 0.41176470588235 0.89285714285714 0.4 0.25 0.2 0.38888888888889 0.23529411764706 0.72222222222222 0.73333333333333 0.6875 0.64705882352941 0.75 
1262306066 0.10714285714286 0.41176470588235 0.89285714285714 0.375 0.25 0.2 0.38888888888889 0.23529411764706 0.72222222222222 0.73333333333333 0.6875 0.64705882352941 0.75 
1262306104 0.1 0.42105263157895 0.84375 0.375 0.25 0.2 0.38888888888889 0.23529411764706 0.72222222222222 0.72222222222222 0.6875 0.64705882352941 0.66666666666667 
1262306112 0.1 0.42105263157895 0.84375 0.375 0.25 0.2 0.38888888888889 0.23529411764706 0.72222222222222 0.72222222222222 0.6875 0.66666666666667 0.66666666666667 
1262306166 0.1 0.42105263157895 0.84375 0.375 0.25 0.2 0.38888888888889 0.23529411764706 0.72222222222222 0.72222222222222 0.6875 0.66666666666667 0.66666666666667 
1262306204 0.09375 0.42105263157895 0.85294117647059 0.375 0.29411764705882 0.25 0.38888888888889 0.23529411764706 0.72222222222222 0.68421052631579 0.6875 0.66666666666667 0.68421052631579 
1262306212 0.09375 0.42105263157895 0.85294117647059 0.375 0.29411764705882 0.25 0.38888888888889 0.23529411764706 0.72222222222222 0.68421052631579 0.6875 0.68421052631579 0.68421052631579 
1262306261 0.09375 0.42105263157895 0.85294117647059 0.375 0.29411764705882 0.25 0.38888888888889 0.23529411764706 0.72222222222222 0.68421052631579 0.72222222222222 0.68421052631579 0.68421052631579 
1262306266 0.09375 0.42105263157895 0.85294117647059 0.33333333333333 0.29411764705882 0.25 0.38888888888889 0.23529411764706 0.72222222222222 0.68421052631579 0.72222222222222 0.68421052631579 0.68421052631579 
1262306304 0.090909090909091 0.45 0.83333333333333 0.33333333333333 0.31578947368421 0.29411764705882 0.42105263157895 0.27777777777778 0.72222222222222 0.7 0.72222222222222 0.68421052631579 0.7 
1262306312 0.090909090909091 0.45 0.83333333333333 0.33333333333333 0.31578947368421 0.29411764705882 0.42105263157895 0.27777777777778 0.72222222222222 0.7 0.72222222222222 0.65 0.7 
1262306361 0.090909090909091 0.45 0.83333333333333 0.33333333333333 0.31578947368421 0.29411764705882 0.42105263157895 0.27777777777778 0.7 0.7 0.7 0.65 0.7 
1262306366 0.090909090909091 0.45 0.83333333333333 0.31578947368421 0.31578947368421 0.29411764705882 0.42105263157895 0.27777777777778 0.7 0.7 0.7 0.65 0.7 
1262306404 0.085714285714286 0.42857142857143 0.84210526315789 0.31578947368421 0.31578947368421 0.33333333333333 0.4 0.40909090909091 0.7 0.71428571428571 0.7 0.65 0.66666666666667 
1262306412 0.085714285714286 0.42857142857143 0.84210526315789 0.31578947368421 0.31578947368421 0.33333333333333 0.4 0.40909090909091 0.7 0.71428571428571 0.7 0.68181818181818 0.66666666666667 
1262306461 0.085714285714286 0.42857142857143 0.84210526315789 0.31578947368421 0.31578947368421 0.33333333333333 0.4 0.40909090909091 0.7 0.71428571428571 0.63636363636364 0.68181818181818 0.66666666666667 
1262306466 0.085714285714286 0.42857142857143 0.84210526315789 0.31578947368421 0.31578947368421 0.33333333333333 0.4 0.40909090909091 0.7 0.71428571428571 0.63636363636364 0.68181818181818 0.66666666666667 
1262306504 0.10526315789474 0.45454545454545 0.85 0.31578947368421 0.3 0.36842105263158 0.4 0.40909090909091 0.7 0.71428571428571 0.63636363636364 0.68181818181818 0.66666666666667 
1262306512 0.10526315789474 0.45454545454545 0.85 0.31578947368421 0.3 0.36842105263158 0.4 0.40909090909091 0.7 0.71428571428571 0.63636363636364 0.68181818181818 0.66666666666667 
1262306561 0.10526315789474 0.45454545454545 0.85 0.31578947368421 0.3 0.36842105263158 0.4 0.40909090909091 0.68181818181818 0.71428571428571 0.63636363636364 0.68181818181818 0.66666666666667 
1262306566 0.10526315789474 0.45454545454545 0.85 0.31578947368421 0.3 0.36842105263158 0.4 0.40909090909091 0.68181818181818 0.71428571428571 0.63636363636364 0.68181818181818 0.66666666666667 
1262306604 0.1025641025641 0.47826086956522 0.85365853658537 0.31578947368421 0.33333333333333 0.35 0.45454545454545 0.40909090909091 0.68181818181818 0.71428571428571 0.63636363636364 0.68181818181818 0.68181818181818 
1262306612 0.1025641025641 0.47826086956522 0.85365853658537 0.31578947368421 0.33333333333333 0.35 0.45454545454545 0.40909090909091 0.68181818181818 0.71428571428571 0.63636363636364 0.68181818181818 0.68181818181818 
1262306661 0.1025641025641 0.47826086956522 0.85365853658537 0.31578947368421 0.33333333333333 0.35 0.45454545454545 0.40909090909091 0.66666666666667 0.71428571428571 0.65217391304348 0.68181818181818 0.68181818181818 
1262306666 0.1025641025641 0.47826086956522 0.85365853658537 0.35 0.33333333333333 0.35 0.45454545454545 0.40909090909091 0.66666666666667 0.71428571428571 0.65217391304348 0.68181818181818 0.68181818181818 
1262306704 0.097560975609756 0.5 0.84090909090909 0.35 0.33333333333333 0.35 0.43478260869565 0.40909090909091 0.66666666666667 0.65217391304348 0.65217391304348 0.68181818181818 0.69565217391304 
1262306712 0.097560975609756 0.5 0.84090909090909 0.35 0.33333333333333 0.35 0.43478260869565 0.40909090909091 0.66666666666667 0.65217391304348 0.65217391304348 0.65217391304348 0.69565217391304 
1262306761 0.097560975609756 0.5 0.84090909090909 0.35 0.33333333333333 0.35 0.43478260869565 0.40909090909091 0.66666666666667 0.65217391304348 0.64 0.65217391304348 0.69565217391304 
1262306766 0.097560975609756 0.5 0.84090909090909 0.35 0.33333333333333 0.35 0.43478260869565 0.40909090909091 0.66666666666667 0.65217391304348 0.64 0.65217391304348 0.69565217391304 
1262306804 0.13333333333333 0.52 0.84782608695652 0.35 0.36363636363636 0.36363636363636 0.44 0.39130434782609 0.66666666666667 0.66666666666667 0.64 0.65217391304348 0.69565217391304 
1262306812 0.13333333333333 0.52 0.84782608695652 0.35 0.36363636363636 0.36363636363636 0.44 0.39130434782609 0.66666666666667 0.66666666666667 0.64 0.65217391304348 0.69565217391304 
1262306861 0.13333333333333 0.52 0.84782608695652 0.35 0.36363636363636 0.36363636363636 0.44 0.39130434782609 0.66666666666667 0.66666666666667 0.61538461538462 0.65217391304348 0.69565217391304 
1262306866 0.13333333333333 0.52 0.84782608695652 0.40909090909091 0.36363636363636 0.36363636363636 0.44 0.39130434782609 0.66666666666667 0.66666666666667 0.61538461538462 0.65217391304348 0.69565217391304 
1262306904 0.14893617021277 0.52 0.85106382978723 0.40909090909091 0.39130434782609 0.36 0.42307692307692 0.4 0.66666666666667 0.68 0.61538461538462 0.65217391304348 0.64 
1262306912 0.14893617021277 0.52 0.85106382978723 0.40909090909091 0.39130434782609 0.36 0.42307692307692 0.4 0.66666666666667 0.68 0.61538461538462 0.65217391304348 0.64 
1262306961 0.14893617021277 0.52 0.85106382978723 0.40909090909091 0.39130434782609 0.36 0.42307692307692 0.4 0.65384615384615 0.68 0.61538461538462 0.65217391304348 0.64 
1262306966 0.14893617021277 0.52 0.85106382978723 0.40909090909091 0.39130434782609 0.36 0.42307692307692 0.4 0.65384615384615 0.68 0.61538461538462 0.65217391304348 0.64 
1262307004 0.16 0.53846153846154 0.85714285714286 0.40909090909091 0.39130434782609 0.36 0.39285714285714 0.38461538461538 0.65384615384615 0.65384615384615 0.61538461538462 0.65217391304348 0.65384615384615 
1262307012 0.16 0.53846153846154 0.85714285714286 0.40909090909091 0.39130434782609 0.36 0.39285714285714 0.38461538461538 0.65384615384615 0.65384615384615 0.61538461538462 0.65217391304348 0.65384615384615 
1262307061 0.16 0.53846153846154 0.85714285714286 0.40909090909091 0.39130434782609 0.36 0.39285714285714 0.38461538461538 0.65384615384615 0.65384615384615 0.64285714285714 0.65217391304348 0.65384615384615 
1262307104 0.15384615384615 0.51724137931034 0.83018867924528 0.40909090909091 0.39130434782609 0.40740740740741 0.39285714285714 0.42857142857143 0.65384615384615 0.67857142857143 0.64285714285714 0.65217391304348 0.65384615384615 
1262307112 0.15384615384615 0.51724137931034 0.83018867924528 0.40909090909091 0.39130434782609 0.40740740740741 0.39285714285714 0.42857142857143 0.65384615384615 0.67857142857143 0.64285714285714 0.57692307692308 0.65384615384615 
1262307161 0.15384615384615 0.51724137931034 0.83018867924528 0.40909090909091 0.39130434782609 0.40740740740741 0.39285714285714 0.42857142857143 0.65384615384615 0.67857142857143 0.64285714285714 0.57692307692308 0.65384615384615 
1262307185 0.15384615384615 0.51724137931034 0.83018867924528 0.40909090909091 0.39130434782609 0.40740740740741 0.39285714285714 0.42857142857143 0.65384615384615 0.67857142857143 0.64285714285714 0.57692307692308 0.65384615384615 
1262307204 0.15094339622642 0.51724137931034 0.83333333333333 0.40909090909091 0.39130434782609 0.40740740740741 0.39285714285714 0.42857142857143 0.65384615384615 0.67857142857143 0.64285714285714 0.57692307692308 0.62962962962963 
1262307212 0.15094339622642 0.51724137931034 0.83333333333333 0.40909090909091 0.39130434782609 0.40740740740741 0.39285714285714 0.42857142857143 0.65384615384615 0.67857142857143 0.64285714285714 0.57692307692308 0.62962962962963 
1262307261 0.15094339622642 0.51724137931034 0.83333333333333 0.40909090909091 0.39130434782609 0.40740740740741 0.39285714285714 0.42857142857143 0.60714285714286 0.67857142857143 0.64285714285714 0.57692307692308 0.62962962962963 
1262307285 0.15094339622642 0.51724137931034 0.83333333333333 0.39130434782609 0.39130434782609 0.40740740740741 0.39285714285714 0.42857142857143 0.60714285714286 0.67857142857143 0.64285714285714 0.57692307692308 0.62962962962963 
1262307304 0.16071428571429 0.5 0.83928571428571 0.39130434782609 0.375 0.39285714285714 0.41379310344828 0.44827586206897 0.60714285714286 0.67857142857143 0.64285714285714 0.57692307692308 0.60714285714286 
1262307312 0.16071428571429 0.5 0.83928571428571 0.39130434782609 0.375 0.39285714285714 0.41379310344828 0.44827586206897 0.60714285714286 0.67857142857143 0.64285714285714 0.55555555555556 0.60714285714286 
1262307361 0.16071428571429 0.5 0.83928571428571 0.39130434782609 0.375 0.39285714285714 0.41379310344828 0.44827586206897 0.60714285714286 0.67857142857143 0.6551724137931 0.55555555555556 0.60714285714286 
1262307385 0.16071428571429 0.5 0.83928571428571 0.38461538461538 0.375 0.39285714285714 0.41379310344828 0.44827586206897 0.60714285714286 0.67857142857143 0.6551724137931 0.55555555555556 0.60714285714286 
1262307404 0.1551724137931 0.5 0.8448275862069 0.38461538461538 0.375 0.41379310344828 0.43333333333333 0.43333333333333 0.60714285714286 0.67857142857143 0.6551724137931 0.55555555555556 0.60714285714286 
1262307412 0.1551724137931 0.5 0.8448275862069 0.38461538461538 0.375 0.41379310344828 0.43333333333333 0.43333333333333 0.60714285714286 0.67857142857143 0.6551724137931 0.55555555555556 0.60714285714286 
1262307461 0.1551724137931 0.5 0.8448275862069 0.38461538461538 0.375 0.41379310344828 0.43333333333333 0.43333333333333 0.58620689655172 0.67857142857143 0.6551724137931 0.55555555555556 0.60714285714286 
1262307485 0.1551724137931 0.5 0.8448275862069 0.40740740740741 0.375 0.41379310344828 0.43333333333333 0.43333333333333 0.58620689655172 0.67857142857143 0.6551724137931 0.55555555555556 0.60714285714286 
1262307504 0.15254237288136 0.48387096774194 0.83333333333333 0.40740740740741 0.36 0.41379310344828 0.43333333333333 0.43333333333333 0.58620689655172 0.67857142857143 0.6551724137931 0.55555555555556 0.58620689655172 
1262307512 0.15254237288136 0.48387096774194 0.83333333333333 0.40740740740741 0.36 0.41379310344828 0.43333333333333 0.43333333333333 0.58620689655172 0.67857142857143 0.6551724137931 0.55555555555556 0.58620689655172 
1262307561 0.15254237288136 0.48387096774194 0.83333333333333 0.40740740740741 0.36 0.41379310344828 0.43333333333333 0.43333333333333 0.58620689655172 0.67857142857143 0.6551724137931 0.55555555555556 0.58620689655172 
1262307585 0.15254237288136 0.48387096774194 0.83333333333333 0.40740740740741 0.36 0.41379310344828 0.43333333333333 0.43333333333333 0.58620689655172 0.67857142857143 0.6551724137931 0.55555555555556 0.58620689655172 
1262307604 0.14754098360656 0.48387096774194 0.83870967741935 0.40740740740741 0.36 0.41379310344828 0.43333333333333 0.43333333333333 0.58620689655172 0.67857142857143 0.6551724137931 0.55555555555556 0.58620689655172 
1262307612 0.14754098360656 0.48387096774194 0.83870967741935 0.40740740740741 0.36 0.41379310344828 0.43333333333333 0.43333333333333 0.58620689655172 0.67857142857143 0.6551724137931 0.55555555555556 0.58620689655172 
1262307661 0.14754098360656 0.48387096774194 0.83870967741935 0.40740740740741 0.36 0.41379310344828 0.43333333333333 0.43333333333333 0.58620689655172 0.67857142857143 0.63333333333333 0.55555555555556 0.58620689655172 
1262307685 0.14754098360656 0.48387096774194 0.83870967741935 0.40740740740741 0.36 0.41379310344828 0.43333333333333 0.43333333333333 0.58620689655172 0.67857142857143 0.63333333333333 0.55555555555556 0.58620689655172 
1262307704 0.14285714285714 0.48387096774194 0.83076923076923 0.40740740740741 0.36 0.41379310344828 0.43333333333333 0.43333333333333 0.58620689655172 0.67857142857143 0.63333333333333 0.55555555555556 0.58620689655172 
1262307712 0.14285714285714 0.48387096774194 0.83076923076923 0.40740740740741 0.36 0.41379310344828 0.43333333333333 0.43333333333333 0.58620689655172 0.67857142857143 0.63333333333333 0.58620689655172 0.58620689655172 
1262307731 0.14285714285714 0.48387096774194 0.83076923076923 0.40740740740741 0.36 0.41379310344828 0.43333333333333 0.43333333333333 0.58620689655172 0.67857142857143 0.63333333333333 0.58620689655172 0.58620689655172 
1262307761 0.14285714285714 0.48387096774194 0.83076923076923 0.40740740740741 0.36 0.41379310344828 0.43333333333333 0.43333333333333 0.6 0.67857142857143 0.625 0.58620689655172 0.58620689655172 
1262307785 0.14285714285714 0.48387096774194 0.83076923076923 0.40740740740741 0.36 0.41379310344828 0.43333333333333 0.43333333333333 0.6 0.67857142857143 0.625 0.58620689655172 0.58620689655172 
1262307804 0.140625 0.48387096774194 0.82089552238806 0.40740740740741 0.34615384615385 0.41379310344828 0.43333333333333 0.43333333333333 0.6 0.67857142857143 0.625 0.58620689655172 0.58620689655172 
1262307812 0.140625 0.46875 0.82089552238806 0.40740740740741 0.34615384615385 0.41379310344828 0.43333333333333 0.43333333333333 0.6 0.67857142857143 0.625 0.6 0.6 
1262307831 0.140625 0.46875 0.82089552238806 0.40740740740741 0.34615384615385 0.41379310344828 0.43333333333333 0.43333333333333 0.6 0.64516129032258 0.625 0.6 0.6 
1262307861 0.140625 0.46875 0.82089552238806 0.40740740740741 0.34615384615385 0.41379310344828 0.43333333333333 0.43333333333333 0.6 0.64516129032258 0.63636363636364 0.6 0.6 
1262307885 0.140625 0.46875 0.82089552238806 0.39285714285714 0.34615384615385 0.41379310344828 0.43333333333333 0.43333333333333 0.6 0.64516129032258 0.63636363636364 0.6 0.6 
1262307904 0.14925373134328 0.46875 0.81428571428571 0.39285714285714 0.34615384615385 0.41379310344828 0.43333333333333 0.41935483870968 0.6 0.64516129032258 0.63636363636364 0.6 0.6 
1262307912 0.14925373134328 0.46875 0.81428571428571 0.39285714285714 0.34615384615385 0.41379310344828 0.43333333333333 0.41935483870968 0.6 0.64516129032258 0.63636363636364 0.61290322580645 0.61290322580645 
1262307931 0.14925373134328 0.46875 0.81428571428571 0.39285714285714 0.34615384615385 0.41379310344828 0.43333333333333 0.41935483870968 0.6 0.65625 0.63636363636364 0.61290322580645 0.61290322580645 
1262307961 0.14925373134328 0.46875 0.81428571428571 0.39285714285714 0.34615384615385 0.41379310344828 0.43333333333333 0.41935483870968 0.61290322580645 0.65625 0.63636363636364 0.61290322580645 0.61290322580645 
1262307985 0.14925373134328 0.46875 0.81428571428571 0.39285714285714 0.34615384615385 0.41379310344828 0.43333333333333 0.41935483870968 0.61290322580645 0.65625 0.63636363636364 0.61290322580645 0.61290322580645 
1262308004 0.14492753623188 0.46875 0.81944444444444 0.39285714285714 0.39285714285714 0.41379310344828 0.41935483870968 0.41935483870968 0.61290322580645 0.65625 0.63636363636364 0.61290322580645 0.61290322580645 
1262308012 0.14492753623188 0.46875 0.81944444444444 0.39285714285714 0.39285714285714 0.41379310344828 0.41935483870968 0.41935483870968 0.61290322580645 0.65625 0.63636363636364 0.61290322580645 0.61290322580645 
1262308031 0.14492753623188 0.46875 0.81944444444444 0.39285714285714 0.39285714285714 0.41379310344828 0.41935483870968 0.41935483870968 0.61290322580645 0.61764705882353 0.63636363636364 0.61290322580645 0.61290322580645 
1262308061 0.14492753623188 0.46875 0.81944444444444 0.39285714285714 0.39285714285714 0.41379310344828 0.41935483870968 0.41935483870968 0.61290322580645 0.61764705882353 0.64705882352941 0.61290322580645 0.61290322580645 
1262308085 0.14492753623188 0.46875 0.81944444444444 0.41379310344828 0.39285714285714 0.41379310344828 0.41935483870968 0.41935483870968 0.61290322580645 0.61764705882353 0.64705882352941 0.61290322580645 0.61290322580645 
1262308104 0.15492957746479 0.46875 0.82191780821918 0.41379310344828 0.39285714285714 0.4 0.40625 0.41935483870968 0.61290322580645 0.61764705882353 0.64705882352941 0.61290322580645 0.61290322580645 
1262308112 0.15492957746479 0.48484848484848 0.82191780821918 0.41379310344828 0.39285714285714 0.4 0.40625 0.41935483870968 0.61290322580645 0.61764705882353 0.64705882352941 0.61290322580645 0.61290322580645 
1262308131 0.15492957746479 0.48484848484848 0.82191780821918 0.41379310344828 0.39285714285714 0.4 0.40625 0.41935483870968 0.61290322580645 0.6 0.64705882352941 0.61290322580645 0.61290322580645 
1262308161 0.15492957746479 0.48484848484848 0.82191780821918 0.41379310344828 0.39285714285714 0.4 0.40625 0.41935483870968 0.625 0.6 0.64705882352941 0.61290322580645 0.61290322580645 
1262308185 0.15492957746479 0.48484848484848 0.82191780821918 0.43333333333333 0.39285714285714 0.4 0.40625 0.41935483870968 0.625 0.6 0.64705882352941 0.61290322580645 0.61290322580645 
1262308204 0.16666666666667 0.48484848484848 0.82191780821918 0.43333333333333 0.37931034482759 0.38709677419355 0.40625 0.40625 0.625 0.6 0.64705882352941 0.61290322580645 0.61290322580645 
1262308212 0.16666666666667 0.5 0.82191780821918 0.43333333333333 0.37931034482759 0.38709677419355 0.40625 0.40625 0.625 0.6 0.64705882352941 0.57575757575758 0.625 
1262308231 0.16666666666667 0.5 0.82191780821918 0.43333333333333 0.37931034482759 0.38709677419355 0.40625 0.40625 0.625 0.6 0.64705882352941 0.57575757575758 0.625 
1262308261 0.16666666666667 0.5 0.82191780821918 0.43333333333333 0.37931034482759 0.38709677419355 0.40625 0.40625 0.625 0.6 0.64705882352941 0.57575757575758 0.625 
1262308285 0.16666666666667 0.5 0.82191780821918 0.41935483870968 0.37931034482759 0.38709677419355 0.40625 0.40625 0.625 0.6 0.64705882352941 0.57575757575758 0.625 
1262308304 0.16666666666667 0.5 0.82191780821918 0.41935483870968 0.37931034482759 0.40625 0.40625 0.40625 0.625 0.6 0.64705882352941 0.57575757575758 0.625 
1262308312 0.16666666666667 0.5 0.82191780821918 0.41935483870968 0.37931034482759 0.40625 0.40625 0.40625 0.625 0.6 0.64705882352941 0.57575757575758 0.625 
1262308331 0.16666666666667 0.5 0.82191780821918 0.41935483870968 0.37931034482759 0.40625 0.40625 0.40625 0.625 0.61111111111111 0.64705882352941 0.57575757575758 0.625 
1262308361 0.16666666666667 0.5 0.82191780821918 0.41935483870968 0.37931034482759 0.40625 0.40625 0.40625 0.625 0.61111111111111 0.63888888888889 0.57575757575758 0.625 
1262308385 0.16666666666667 0.5 0.82191780821918 0.41935483870968 0.37931034482759 0.40625 0.40625 0.40625 0.625 0.61111111111111 0.63888888888889 0.57575757575758 0.625 
1262308404 0.17808219178082 0.5 0.81081081081081 0.41935483870968 0.41935483870968 0.42424242424242 0.39393939393939 0.39393939393939 0.625 0.61111111111111 0.63888888888889 0.57575757575758 0.625 
1262308412 0.17808219178082 0.48571428571429 0.81081081081081 0.41935483870968 0.41935483870968 0.42424242424242 0.39393939393939 0.39393939393939 0.625 0.61111111111111 0.63888888888889 0.58823529411765 0.60606060606061 
1262308431 0.17808219178082 0.48571428571429 0.81081081081081 0.41935483870968 0.41935483870968 0.42424242424242 0.39393939393939 0.39393939393939 0.625 0.62162162162162 0.63888888888889 0.58823529411765 0.60606060606061 
1262308461 0.17808219178082 0.48571428571429 0.81081081081081 0.41935483870968 0.41935483870968 0.42424242424242 0.39393939393939 0.39393939393939 0.625 0.62162162162162 0.63888888888889 0.58823529411765 0.60606060606061 
1262308485 0.17808219178082 0.48571428571429 0.81081081081081 0.40625 0.41935483870968 0.42424242424242 0.39393939393939 0.39393939393939 0.625 0.62162162162162 0.63888888888889 0.58823529411765 0.60606060606061 
