NOTIFS:
node3	:	60	sent
node1	:	60	sent
SUBS:
on	node1
	node1	:	0	received
on	node3
	node3	:	0	received
1262304604 0 - 1 - - - - - - - - - - 
1262304704 0 - 1 - - 0 - - - - - 1 - 
1262304804 0 - 1 0 - 0 0 0 - - - 1 - 
1262304904 0 - 1 0 - 0 0 0 - - - 1 - 
1262305004 0 - 1 0 - 0 0 0 - - - 1 - 
1262305006 0 - 1 0 - 0 0 0 - - - 1 - 
1262305104 0 - 1 0 - 0 0 0 - - - 1 - 
1262305106 0 - 1 0 - 0 0 0 - - - 1 - 
1262305204 0 0 1 0 - 0 0 0 - - - 1 1 
1262305206 0 0 1 0 - 0 0 0 - - - 1 1 
1262305304 0 0.45454545454545 1 0.090909090909091 - 0.090909090909091 0.090909090909091 0 1 0.85714285714286 0.6 1 1 
1262305306 0 0.45454545454545 1 0.090909090909091 - 0.090909090909091 0.090909090909091 0.090909090909091 1 0.85714285714286 0.6 1 1 
1262305404 0 0.4 1 0.23076923076923 0.25 0.090909090909091 0.090909090909091 0.090909090909091 1 0.85714285714286 0.5 0.5 1 
1262305406 0 0.4 1 0.23076923076923 0.25 0.090909090909091 0.090909090909091 0.28571428571429 1 0.85714285714286 0.5 0.5 1 
1262305504 0 0.4 0.94444444444444 0.23076923076923 0.25 0.090909090909091 0.090909090909091 0.28571428571429 0.85714285714286 0.90909090909091 0.46153846153846 0.46153846153846 1 
1262305506 0 0.4 0.94444444444444 0.23076923076923 0.25 0.090909090909091 0.090909090909091 0.28571428571429 0.85714285714286 0.90909090909091 0.46153846153846 0.46153846153846 1 
1262305604 0.05 0.47058823529412 0.95 0.28571428571429 0.25 0.083333333333333 0.090909090909091 0.28571428571429 0.75 0.76923076923077 0.5 0.5 0.84615384615385 
1262305606 0.05 0.47058823529412 0.95 0.28571428571429 0.25 0.083333333333333 0.090909090909091 0.28571428571429 0.75 0.76923076923077 0.5 0.5 0.84615384615385 
1262305704 0.047619047619048 0.47058823529412 0.90909090909091 0.28571428571429 0.21428571428571 0.15384615384615 0.16666666666667 0.28571428571429 0.75 0.71428571428571 0.5625 0.5 0.84615384615385 
1262305706 0.047619047619048 0.47058823529412 0.90909090909091 0.28571428571429 0.21428571428571 0.15384615384615 0.16666666666667 0.28571428571429 0.75 0.71428571428571 0.5625 0.5 0.84615384615385 
1262305804 0.083333333333333 0.47058823529412 0.91666666666667 0.33333333333333 0.2 0.15384615384615 0.33333333333333 0.28571428571429 0.71428571428571 0.73333333333333 0.58823529411765 0.5 0.78571428571429 
1262305806 0.083333333333333 0.47058823529412 0.91666666666667 0.33333333333333 0.2 0.15384615384615 0.33333333333333 0.28571428571429 0.71428571428571 0.73333333333333 0.58823529411765 0.5 0.78571428571429 
1262305904 0.076923076923077 0.5 0.88888888888889 0.41176470588235 0.2 0.26666666666667 0.33333333333333 0.28571428571429 0.71428571428571 0.73333333333333 0.61111111111111 0.5 0.75 
1262305906 0.076923076923077 0.5 0.88888888888889 0.41176470588235 0.2 0.26666666666667 0.33333333333333 0.26666666666667 0.71428571428571 0.73333333333333 0.61111111111111 0.5 0.75 
1262306004 0.074074074074074 0.5 0.86206896551724 0.47368421052632 0.2 0.26666666666667 0.35294117647059 0.26666666666667 0.73333333333333 0.6875 0.61111111111111 0.5 0.70588235294118 
1262306006 0.074074074074074 0.5 0.86206896551724 0.47368421052632 0.2 0.26666666666667 0.35294117647059 0.3125 0.73333333333333 0.6875 0.61111111111111 0.5 0.70588235294118 
1262306104 0.12903225806452 0.52631578947368 0.86206896551724 0.47368421052632 0.23529411764706 0.25 0.33333333333333 0.3125 0.6875 0.64705882352941 0.61111111111111 0.53333333333333 0.68421052631579 
1262306106 0.12903225806452 0.52631578947368 0.86206896551724 0.47368421052632 0.23529411764706 0.25 0.33333333333333 0.29411764705882 0.6875 0.64705882352941 0.61111111111111 0.53333333333333 0.68421052631579 
1262306204 0.12121212121212 0.57142857142857 0.86206896551724 0.47368421052632 0.31578947368421 0.27777777777778 0.31578947368421 0.29411764705882 0.6875 0.68421052631579 0.63157894736842 0.53333333333333 0.68421052631579 
1262306206 0.12121212121212 0.57142857142857 0.86206896551724 0.47368421052632 0.31578947368421 0.27777777777778 0.31578947368421 0.27777777777778 0.6875 0.68421052631579 0.63157894736842 0.53333333333333 0.68421052631579 
1262306268 0.12121212121212 0.57142857142857 0.87096774193548 0.47368421052632 0.31578947368421 0.27777777777778 0.31578947368421 0.27777777777778 0.6875 0.68421052631579 0.63157894736842 0.53333333333333 0.68421052631579 
1262306304 0.11764705882353 0.57142857142857 0.87096774193548 0.47368421052632 0.31578947368421 0.27777777777778 0.31578947368421 0.27777777777778 0.6875 0.68421052631579 0.63157894736842 0.53333333333333 0.68421052631579 
1262306306 0.11764705882353 0.57142857142857 0.87096774193548 0.47368421052632 0.31578947368421 0.27777777777778 0.31578947368421 0.27777777777778 0.6875 0.68421052631579 0.63157894736842 0.53333333333333 0.68421052631579 
1262306368 0.11764705882353 0.57142857142857 0.88888888888889 0.47368421052632 0.31578947368421 0.27777777777778 0.31578947368421 0.27777777777778 0.6875 0.68421052631579 0.63157894736842 0.53333333333333 0.68421052631579 
1262306404 0.13513513513514 0.57142857142857 0.88888888888889 0.45 0.31578947368421 0.31578947368421 0.3 0.27777777777778 0.6875 0.68421052631579 0.63157894736842 0.53333333333333 0.68421052631579 
1262306406 0.13513513513514 0.57142857142857 0.88888888888889 0.45 0.31578947368421 0.31578947368421 0.3 0.3 0.6875 0.68421052631579 0.63157894736842 0.53333333333333 0.68421052631579 
1262306468 0.13513513513514 0.57142857142857 0.86842105263158 0.45 0.31578947368421 0.31578947368421 0.3 0.3 0.6875 0.68421052631579 0.63157894736842 0.53333333333333 0.68421052631579 
1262306504 0.19047619047619 0.57142857142857 0.86842105263158 0.39130434782609 0.34782608695652 0.31578947368421 0.33333333333333 0.3 0.70588235294118 0.68421052631579 0.65 0.53333333333333 0.68421052631579 
1262306506 0.19047619047619 0.57142857142857 0.86842105263158 0.39130434782609 0.34782608695652 0.31578947368421 0.33333333333333 0.31818181818182 0.70588235294118 0.68421052631579 0.65 0.53333333333333 0.68421052631579 
1262306568 0.19047619047619 0.57142857142857 0.875 0.39130434782609 0.34782608695652 0.31578947368421 0.33333333333333 0.31818181818182 0.70588235294118 0.68421052631579 0.65 0.53333333333333 0.68421052631579 
1262306604 0.18604651162791 0.54545454545455 0.875 0.39130434782609 0.34782608695652 0.38095238095238 0.36363636363636 0.31818181818182 0.66666666666667 0.7 0.65 0.5 0.66666666666667 
1262306606 0.18604651162791 0.54545454545455 0.875 0.39130434782609 0.34782608695652 0.38095238095238 0.36363636363636 0.31818181818182 0.66666666666667 0.7 0.65 0.5 0.66666666666667 
1262306668 0.18604651162791 0.54545454545455 0.86046511627907 0.39130434782609 0.34782608695652 0.38095238095238 0.36363636363636 0.31818181818182 0.66666666666667 0.7 0.65 0.5 0.66666666666667 
1262306704 0.17777777777778 0.54545454545455 0.86046511627907 0.39130434782609 0.34782608695652 0.38095238095238 0.36363636363636 0.31818181818182 0.65 0.7 0.61904761904762 0.52631578947368 0.66666666666667 
1262306706 0.17777777777778 0.54545454545455 0.86046511627907 0.39130434782609 0.34782608695652 0.38095238095238 0.36363636363636 0.31818181818182 0.65 0.7 0.61904761904762 0.52631578947368 0.66666666666667 
1262306768 0.17777777777778 0.54545454545455 0.86363636363636 0.39130434782609 0.34782608695652 0.38095238095238 0.36363636363636 0.31818181818182 0.65 0.7 0.61904761904762 0.52631578947368 0.66666666666667 
1262306804 0.1875 0.54545454545455 0.86363636363636 0.39130434782609 0.375 0.36363636363636 0.36363636363636 0.31818181818182 0.65 0.63636363636364 0.63636363636364 0.52631578947368 0.66666666666667 
1262306806 0.1875 0.54545454545455 0.86363636363636 0.39130434782609 0.375 0.36363636363636 0.36363636363636 0.30434782608696 0.65 0.63636363636364 0.63636363636364 0.52631578947368 0.66666666666667 
1262306868 0.1875 0.54545454545455 0.8695652173913 0.39130434782609 0.375 0.36363636363636 0.36363636363636 0.30434782608696 0.65 0.63636363636364 0.63636363636364 0.52631578947368 0.66666666666667 
1262306904 0.18367346938776 0.54545454545455 0.8695652173913 0.39130434782609 0.375 0.36363636363636 0.34782608695652 0.30434782608696 0.61904761904762 0.63636363636364 0.63636363636364 0.52631578947368 0.68181818181818 
1262306906 0.18367346938776 0.54545454545455 0.8695652173913 0.39130434782609 0.375 0.36363636363636 0.34782608695652 0.30434782608696 0.61904761904762 0.63636363636364 0.63636363636364 0.52631578947368 0.68181818181818 
1262306936 0.18367346938776 0.54545454545455 0.8695652173913 0.39130434782609 0.375 0.36363636363636 0.34782608695652 0.30434782608696 0.61904761904762 0.63636363636364 0.63636363636364 0.55 0.68181818181818 
1262306968 0.18367346938776 0.54545454545455 0.85714285714286 0.39130434782609 0.375 0.36363636363636 0.34782608695652 0.30434782608696 0.61904761904762 0.63636363636364 0.63636363636364 0.55 0.68181818181818 
1262307004 0.17647058823529 0.52173913043478 0.85714285714286 0.41666666666667 0.42307692307692 0.36363636363636 0.375 0.30434782608696 0.63636363636364 0.63636363636364 0.60869565217391 0.55 0.69565217391304 
1262307006 0.17647058823529 0.52173913043478 0.85714285714286 0.41666666666667 0.42307692307692 0.36363636363636 0.375 0.29166666666667 0.63636363636364 0.63636363636364 0.60869565217391 0.55 0.69565217391304 
1262307036 0.17647058823529 0.52173913043478 0.85714285714286 0.41666666666667 0.42307692307692 0.36363636363636 0.375 0.29166666666667 0.63636363636364 0.63636363636364 0.60869565217391 0.59090909090909 0.69565217391304 
1262307049 0.17647058823529 0.52173913043478 0.85714285714286 0.41666666666667 0.42307692307692 0.36363636363636 0.375 0.29166666666667 0.63636363636364 0.63636363636364 0.60869565217391 0.59090909090909 0.69565217391304 
1262307068 0.17647058823529 0.52173913043478 0.86 0.41666666666667 0.42307692307692 0.36363636363636 0.375 0.29166666666667 0.63636363636364 0.63636363636364 0.60869565217391 0.59090909090909 0.69565217391304 
1262307104 0.16981132075472 0.5 0.86 0.44 0.42307692307692 0.36363636363636 0.36 0.29166666666667 0.63636363636364 0.63636363636364 0.60869565217391 0.59090909090909 0.69565217391304 
1262307106 0.16981132075472 0.5 0.86 0.44 0.42307692307692 0.36363636363636 0.36 0.32 0.63636363636364 0.63636363636364 0.60869565217391 0.59090909090909 0.69565217391304 
1262307136 0.16981132075472 0.5 0.86 0.44 0.42307692307692 0.36363636363636 0.36 0.32 0.63636363636364 0.63636363636364 0.60869565217391 0.59090909090909 0.69565217391304 
1262307149 0.16981132075472 0.5 0.86 0.44 0.42307692307692 0.375 0.36 0.32 0.63636363636364 0.63636363636364 0.60869565217391 0.59090909090909 0.69565217391304 
1262307168 0.16981132075472 0.5 0.86538461538462 0.44 0.42307692307692 0.375 0.36 0.32 0.63636363636364 0.63636363636364 0.60869565217391 0.59090909090909 0.69565217391304 
1262307198 0.16981132075472 0.5 0.86538461538462 0.44 0.42307692307692 0.375 0.36 0.32 0.63636363636364 0.63636363636364 0.60869565217391 0.59090909090909 0.69565217391304 
1262307204 0.16666666666667 0.5 0.86538461538462 0.44 0.42307692307692 0.375 0.36 0.32 0.63636363636364 0.63636363636364 0.60869565217391 0.59090909090909 0.69565217391304 
1262307206 0.16666666666667 0.5 0.86538461538462 0.44 0.42307692307692 0.375 0.36 0.32 0.63636363636364 0.63636363636364 0.60869565217391 0.59090909090909 0.69565217391304 
1262307236 0.16666666666667 0.5 0.86538461538462 0.44 0.42307692307692 0.375 0.36 0.32 0.63636363636364 0.63636363636364 0.60869565217391 0.59090909090909 0.69565217391304 
1262307249 0.16666666666667 0.5 0.86538461538462 0.44 0.42307692307692 0.375 0.36 0.32 0.63636363636364 0.63636363636364 0.60869565217391 0.59090909090909 0.69565217391304 
1262307268 0.16666666666667 0.5 0.85454545454545 0.44 0.42307692307692 0.375 0.36 0.32 0.63636363636364 0.63636363636364 0.60869565217391 0.59090909090909 0.69565217391304 
1262307298 0.16666666666667 0.5 0.85454545454545 0.44 0.40740740740741 0.375 0.36 0.32 0.63636363636364 0.63636363636364 0.60869565217391 0.59090909090909 0.69565217391304 
1262307304 0.16071428571429 0.5 0.85454545454545 0.42307692307692 0.40740740740741 0.375 0.38461538461538 0.32 0.63636363636364 0.65217391304348 0.60869565217391 0.59090909090909 0.68 
1262307306 0.16071428571429 0.5 0.85454545454545 0.42307692307692 0.40740740740741 0.375 0.38461538461538 0.34615384615385 0.63636363636364 0.65217391304348 0.60869565217391 0.59090909090909 0.68 
1262307336 0.16071428571429 0.5 0.85454545454545 0.42307692307692 0.40740740740741 0.375 0.38461538461538 0.34615384615385 0.63636363636364 0.65217391304348 0.60869565217391 0.60869565217391 0.68 
1262307349 0.16071428571429 0.5 0.85454545454545 0.42307692307692 0.40740740740741 0.375 0.38461538461538 0.34615384615385 0.63636363636364 0.65217391304348 0.60869565217391 0.60869565217391 0.68 
1262307368 0.16071428571429 0.5 0.85714285714286 0.42307692307692 0.40740740740741 0.375 0.38461538461538 0.34615384615385 0.63636363636364 0.65217391304348 0.60869565217391 0.60869565217391 0.68 
1262307377 0.16071428571429 0.52 0.85714285714286 0.42307692307692 0.40740740740741 0.375 0.38461538461538 0.34615384615385 0.63636363636364 0.65217391304348 0.60869565217391 0.60869565217391 0.68 
1262307398 0.16071428571429 0.52 0.85714285714286 0.42307692307692 0.40740740740741 0.375 0.38461538461538 0.34615384615385 0.63636363636364 0.65217391304348 0.60869565217391 0.60869565217391 0.68 
1262307404 0.16949152542373 0.52 0.85714285714286 0.40740740740741 0.40740740740741 0.375 0.40740740740741 0.34615384615385 0.63636363636364 0.65217391304348 0.625 0.60869565217391 0.68 
1262307406 0.16949152542373 0.52 0.85714285714286 0.40740740740741 0.40740740740741 0.375 0.40740740740741 0.34615384615385 0.63636363636364 0.65217391304348 0.625 0.60869565217391 0.68 
1262307436 0.16949152542373 0.52 0.85714285714286 0.40740740740741 0.40740740740741 0.375 0.40740740740741 0.34615384615385 0.63636363636364 0.65217391304348 0.625 0.625 0.68 
1262307449 0.16949152542373 0.52 0.85714285714286 0.40740740740741 0.40740740740741 0.4 0.40740740740741 0.34615384615385 0.63636363636364 0.65217391304348 0.625 0.625 0.68 
1262307468 0.16949152542373 0.52 0.86206896551724 0.40740740740741 0.40740740740741 0.4 0.40740740740741 0.34615384615385 0.63636363636364 0.65217391304348 0.625 0.625 0.68 
1262307477 0.16949152542373 0.48275862068966 0.86206896551724 0.40740740740741 0.40740740740741 0.4 0.40740740740741 0.34615384615385 0.63636363636364 0.65217391304348 0.625 0.625 0.68 
1262307504 0.18032786885246 0.48275862068966 0.86206896551724 0.39285714285714 0.40740740740741 0.4 0.40740740740741 0.34615384615385 0.66666666666667 0.6 0.64 0.625 0.68 
1262307506 0.18032786885246 0.48275862068966 0.86206896551724 0.39285714285714 0.40740740740741 0.4 0.40740740740741 0.32142857142857 0.66666666666667 0.6 0.64 0.625 0.68 
1262307536 0.18032786885246 0.48275862068966 0.86206896551724 0.39285714285714 0.40740740740741 0.4 0.40740740740741 0.32142857142857 0.66666666666667 0.6 0.64 0.625 0.68 
1262307549 0.18032786885246 0.48275862068966 0.86206896551724 0.39285714285714 0.40740740740741 0.42307692307692 0.40740740740741 0.32142857142857 0.66666666666667 0.6 0.64 0.625 0.68 
1262307568 0.18032786885246 0.48275862068966 0.86666666666667 0.39285714285714 0.40740740740741 0.42307692307692 0.40740740740741 0.32142857142857 0.66666666666667 0.6 0.64 0.625 0.68 
1262307577 0.18032786885246 0.48275862068966 0.86666666666667 0.39285714285714 0.40740740740741 0.42307692307692 0.40740740740741 0.32142857142857 0.66666666666667 0.6 0.64 0.625 0.68 
1262307604 0.17460317460317 0.48275862068966 0.86666666666667 0.39285714285714 0.40740740740741 0.42307692307692 0.40740740740741 0.32142857142857 0.61538461538462 0.61538461538462 0.64 0.625 0.68 
1262307606 0.17460317460317 0.48275862068966 0.86666666666667 0.39285714285714 0.40740740740741 0.42307692307692 0.40740740740741 0.32142857142857 0.61538461538462 0.61538461538462 0.64 0.625 0.68 
1262307636 0.17460317460317 0.48275862068966 0.86666666666667 0.39285714285714 0.40740740740741 0.42307692307692 0.40740740740741 0.32142857142857 0.61538461538462 0.61538461538462 0.64 0.625 0.68 
1262307649 0.17460317460317 0.48275862068966 0.86666666666667 0.39285714285714 0.40740740740741 0.42307692307692 0.40740740740741 0.32142857142857 0.61538461538462 0.61538461538462 0.64 0.625 0.68 
1262307661 0.17460317460317 0.48275862068966 0.86666666666667 0.39285714285714 0.39285714285714 0.42307692307692 0.40740740740741 0.32142857142857 0.61538461538462 0.61538461538462 0.64 0.625 0.68 
1262307668 0.17460317460317 0.48275862068966 0.86885245901639 0.39285714285714 0.39285714285714 0.42307692307692 0.40740740740741 0.32142857142857 0.61538461538462 0.61538461538462 0.64 0.625 0.68 
1262307677 0.17460317460317 0.5 0.86885245901639 0.39285714285714 0.39285714285714 0.42307692307692 0.40740740740741 0.32142857142857 0.61538461538462 0.61538461538462 0.64 0.625 0.68 
1262307704 0.18181818181818 0.5 0.86885245901639 0.41379310344828 0.39285714285714 0.42307692307692 0.37931034482759 0.32142857142857 0.61538461538462 0.61538461538462 0.64 0.625 0.65384615384615 
1262307706 0.18181818181818 0.5 0.86885245901639 0.41379310344828 0.39285714285714 0.42307692307692 0.37931034482759 0.32142857142857 0.61538461538462 0.61538461538462 0.64 0.625 0.65384615384615 
1262307736 0.18181818181818 0.5 0.86885245901639 0.41379310344828 0.39285714285714 0.42307692307692 0.37931034482759 0.32142857142857 0.61538461538462 0.61538461538462 0.64 0.625 0.65384615384615 
1262307749 0.18181818181818 0.5 0.86885245901639 0.41379310344828 0.39285714285714 0.44444444444444 0.37931034482759 0.32142857142857 0.61538461538462 0.61538461538462 0.64 0.625 0.65384615384615 
1262307761 0.18181818181818 0.5 0.86885245901639 0.41379310344828 0.4 0.44444444444444 0.37931034482759 0.32142857142857 0.61538461538462 0.61538461538462 0.64 0.625 0.65384615384615 
1262307768 0.18181818181818 0.5 0.87301587301587 0.41379310344828 0.4 0.44444444444444 0.37931034482759 0.32142857142857 0.61538461538462 0.61538461538462 0.64 0.625 0.65384615384615 
1262307777 0.18181818181818 0.5 0.87301587301587 0.41379310344828 0.4 0.44444444444444 0.37931034482759 0.32142857142857 0.61538461538462 0.61538461538462 0.64 0.625 0.65384615384615 
1262307804 0.17910447761194 0.5 0.87301587301587 0.4375 0.4 0.44444444444444 0.37931034482759 0.32142857142857 0.61538461538462 0.57142857142857 0.64 0.625 0.62962962962963 
1262307806 0.17910447761194 0.5 0.87301587301587 0.4375 0.4 0.44444444444444 0.37931034482759 0.32142857142857 0.61538461538462 0.57142857142857 0.64 0.625 0.62962962962963 
1262307836 0.17910447761194 0.5 0.87301587301587 0.4375 0.4 0.44444444444444 0.37931034482759 0.32142857142857 0.61538461538462 0.57142857142857 0.64 0.57692307692308 0.62962962962963 
1262307849 0.17910447761194 0.5 0.87301587301587 0.4375 0.4 0.42857142857143 0.37931034482759 0.32142857142857 0.61538461538462 0.57142857142857 0.64 0.57692307692308 0.62962962962963 
1262307861 0.17910447761194 0.5 0.87301587301587 0.4375 0.4375 0.42857142857143 0.37931034482759 0.32142857142857 0.61538461538462 0.57142857142857 0.64 0.57692307692308 0.62962962962963 
1262307868 0.17910447761194 0.5 0.87692307692308 0.4375 0.4375 0.42857142857143 0.37931034482759 0.32142857142857 0.61538461538462 0.57142857142857 0.64 0.57692307692308 0.62962962962963 
1262307877 0.17910447761194 0.48484848484848 0.87692307692308 0.4375 0.4375 0.42857142857143 0.37931034482759 0.32142857142857 0.61538461538462 0.57142857142857 0.64 0.57692307692308 0.62962962962963 
1262307904 0.17391304347826 0.48484848484848 0.87692307692308 0.4375 0.4375 0.42857142857143 0.37931034482759 0.32142857142857 0.59259259259259 0.53333333333333 0.64 0.57692307692308 0.60714285714286 
1262307906 0.17391304347826 0.48484848484848 0.87692307692308 0.4375 0.4375 0.42857142857143 0.37931034482759 0.32142857142857 0.59259259259259 0.53333333333333 0.64 0.57692307692308 0.60714285714286 
1262307936 0.17391304347826 0.48484848484848 0.87692307692308 0.4375 0.4375 0.42857142857143 0.37931034482759 0.32142857142857 0.59259259259259 0.53333333333333 0.64 0.53571428571429 0.60714285714286 
1262307949 0.17391304347826 0.48484848484848 0.87692307692308 0.4375 0.4375 0.42857142857143 0.37931034482759 0.32142857142857 0.59259259259259 0.53333333333333 0.64 0.53571428571429 0.60714285714286 
1262307961 0.17391304347826 0.48484848484848 0.87692307692308 0.4375 0.4375 0.42857142857143 0.37931034482759 0.32142857142857 0.59259259259259 0.53333333333333 0.64 0.53571428571429 0.60714285714286 
1262307968 0.17391304347826 0.48484848484848 0.87878787878788 0.4375 0.4375 0.42857142857143 0.37931034482759 0.32142857142857 0.59259259259259 0.53333333333333 0.64 0.53571428571429 0.60714285714286 
1262307977 0.17391304347826 0.48484848484848 0.87878787878788 0.4375 0.4375 0.42857142857143 0.37931034482759 0.32142857142857 0.59259259259259 0.53333333333333 0.64 0.53571428571429 0.60714285714286 
1262308004 0.16901408450704 0.48484848484848 0.87878787878788 0.4375 0.4375 0.42857142857143 0.41935483870968 0.32142857142857 0.59259259259259 0.53333333333333 0.64 0.53571428571429 0.60714285714286 
1262308006 0.16901408450704 0.48484848484848 0.87878787878788 0.4375 0.4375 0.42857142857143 0.41935483870968 0.32142857142857 0.59259259259259 0.53333333333333 0.64 0.53571428571429 0.60714285714286 
1262308036 0.16901408450704 0.48484848484848 0.87878787878788 0.4375 0.4375 0.42857142857143 0.41935483870968 0.32142857142857 0.59259259259259 0.53333333333333 0.64 0.51724137931034 0.60714285714286 
1262308049 0.16901408450704 0.48484848484848 0.87878787878788 0.4375 0.4375 0.44827586206897 0.41935483870968 0.32142857142857 0.59259259259259 0.53333333333333 0.64 0.51724137931034 0.60714285714286 
1262308061 0.16901408450704 0.48484848484848 0.87878787878788 0.4375 0.42424242424242 0.44827586206897 0.41935483870968 0.32142857142857 0.59259259259259 0.53333333333333 0.64 0.51724137931034 0.60714285714286 
1262308068 0.16901408450704 0.48484848484848 0.8695652173913 0.4375 0.42424242424242 0.44827586206897 0.41935483870968 0.32142857142857 0.59259259259259 0.53333333333333 0.64 0.51724137931034 0.60714285714286 
1262308077 0.16901408450704 0.48484848484848 0.8695652173913 0.4375 0.42424242424242 0.44827586206897 0.41935483870968 0.32142857142857 0.59259259259259 0.53333333333333 0.64 0.51724137931034 0.60714285714286 
1262308104 0.16666666666667 0.48484848484848 0.8695652173913 0.42424242424242 0.42424242424242 0.44827586206897 0.41935483870968 0.32142857142857 0.58064516129032 0.53333333333333 0.59259259259259 0.51724137931034 0.61290322580645 
1262308106 0.16666666666667 0.48484848484848 0.8695652173913 0.42424242424242 0.42424242424242 0.44827586206897 0.41935483870968 0.38709677419355 0.58064516129032 0.53333333333333 0.59259259259259 0.51724137931034 0.61290322580645 
1262308136 0.16666666666667 0.48484848484848 0.8695652173913 0.42424242424242 0.42424242424242 0.44827586206897 0.41935483870968 0.38709677419355 0.58064516129032 0.53333333333333 0.59259259259259 0.53333333333333 0.61290322580645 
1262308149 0.16666666666667 0.48484848484848 0.8695652173913 0.42424242424242 0.42424242424242 0.44827586206897 0.41935483870968 0.38709677419355 0.58064516129032 0.53333333333333 0.59259259259259 0.53333333333333 0.61290322580645 
1262308161 0.16666666666667 0.48484848484848 0.8695652173913 0.42424242424242 0.44117647058824 0.44827586206897 0.41935483870968 0.38709677419355 0.58064516129032 0.53333333333333 0.59259259259259 0.53333333333333 0.61290322580645 
1262308168 0.16666666666667 0.48484848484848 0.85714285714286 0.42424242424242 0.44117647058824 0.44827586206897 0.41935483870968 0.38709677419355 0.58064516129032 0.53333333333333 0.59259259259259 0.53333333333333 0.61290322580645 
1262308177 0.16666666666667 0.48484848484848 0.85714285714286 0.42424242424242 0.44117647058824 0.44827586206897 0.41935483870968 0.38709677419355 0.58064516129032 0.53333333333333 0.59259259259259 0.53333333333333 0.61290322580645 
1262308204 0.17808219178082 0.48484848484848 0.85714285714286 0.44117647058824 0.44117647058824 0.44827586206897 0.4375 0.38709677419355 0.58064516129032 0.53333333333333 0.60714285714286 0.53333333333333 0.61290322580645 
1262308206 0.17808219178082 0.48484848484848 0.85714285714286 0.44117647058824 0.44117647058824 0.44827586206897 0.4375 0.40625 0.58064516129032 0.53333333333333 0.60714285714286 0.53333333333333 0.61290322580645 
1262308236 0.17808219178082 0.48484848484848 0.85714285714286 0.44117647058824 0.44117647058824 0.44827586206897 0.4375 0.40625 0.58064516129032 0.53333333333333 0.60714285714286 0.53333333333333 0.61290322580645 
1262308249 0.17808219178082 0.48484848484848 0.85714285714286 0.44117647058824 0.44117647058824 0.4375 0.4375 0.40625 0.58064516129032 0.53333333333333 0.60714285714286 0.53333333333333 0.61290322580645 
1262308261 0.17808219178082 0.48484848484848 0.85714285714286 0.44117647058824 0.44117647058824 0.4375 0.4375 0.40625 0.58064516129032 0.53333333333333 0.60714285714286 0.53333333333333 0.61290322580645 
1262308268 0.17808219178082 0.48484848484848 0.84507042253521 0.44117647058824 0.44117647058824 0.4375 0.4375 0.40625 0.58064516129032 0.53333333333333 0.60714285714286 0.53333333333333 0.61290322580645 
1262308277 0.17808219178082 0.48484848484848 0.84507042253521 0.44117647058824 0.44117647058824 0.4375 0.4375 0.40625 0.58064516129032 0.53333333333333 0.60714285714286 0.53333333333333 0.61290322580645 
1262308304 0.17808219178082 0.48484848484848 0.84507042253521 0.44117647058824 0.44117647058824 0.4375 0.4375 0.40625 0.58064516129032 0.5625 0.58620689655172 0.53333333333333 0.59375 
1262308306 0.17808219178082 0.48484848484848 0.84507042253521 0.44117647058824 0.44117647058824 0.4375 0.4375 0.42424242424242 0.58064516129032 0.5625 0.58620689655172 0.53333333333333 0.59375 
1262308336 0.17808219178082 0.48484848484848 0.84507042253521 0.44117647058824 0.44117647058824 0.4375 0.4375 0.42424242424242 0.58064516129032 0.5625 0.58620689655172 0.53333333333333 0.59375 
1262308349 0.17808219178082 0.48484848484848 0.84507042253521 0.44117647058824 0.44117647058824 0.4375 0.4375 0.42424242424242 0.58064516129032 0.5625 0.58620689655172 0.53333333333333 0.59375 
1262308361 0.17808219178082 0.48484848484848 0.84507042253521 0.44117647058824 0.44117647058824 0.4375 0.4375 0.42424242424242 0.58064516129032 0.5625 0.58620689655172 0.53333333333333 0.59375 
1262308368 0.17808219178082 0.48484848484848 0.84507042253521 0.44117647058824 0.44117647058824 0.4375 0.4375 0.42424242424242 0.58064516129032 0.5625 0.58620689655172 0.53333333333333 0.59375 
1262308377 0.17808219178082 0.48484848484848 0.84507042253521 0.44117647058824 0.44117647058824 0.4375 0.4375 0.42424242424242 0.58064516129032 0.5625 0.58620689655172 0.53333333333333 0.59375 
1262308404 0.18918918918919 0.48484848484848 0.84507042253521 0.44117647058824 0.44117647058824 0.4375 0.4375 0.42424242424242 0.58064516129032 0.5625 0.58620689655172 0.53333333333333 0.59375 
1262308406 0.18918918918919 0.48484848484848 0.84507042253521 0.44117647058824 0.44117647058824 0.4375 0.4375 0.42424242424242 0.58064516129032 0.5625 0.58620689655172 0.53333333333333 0.59375 
1262308436 0.18918918918919 0.48484848484848 0.84507042253521 0.44117647058824 0.44117647058824 0.4375 0.4375 0.42424242424242 0.58064516129032 0.5625 0.58620689655172 0.5 0.59375 
1262308449 0.18918918918919 0.48484848484848 0.84507042253521 0.44117647058824 0.44117647058824 0.42424242424242 0.4375 0.42424242424242 0.58064516129032 0.5625 0.58620689655172 0.5 0.59375 
1262308461 0.18918918918919 0.48484848484848 0.84507042253521 0.44117647058824 0.44117647058824 0.42424242424242 0.4375 0.42424242424242 0.58064516129032 0.5625 0.58620689655172 0.5 0.59375 
1262308468 0.18918918918919 0.48484848484848 0.84507042253521 0.44117647058824 0.44117647058824 0.42424242424242 0.4375 0.42424242424242 0.58064516129032 0.5625 0.58620689655172 0.5 0.59375 
1262308477 0.18918918918919 0.48484848484848 0.84507042253521 0.44117647058824 0.44117647058824 0.42424242424242 0.4375 0.42424242424242 0.58064516129032 0.5625 0.58620689655172 0.5 0.59375 
