NOTIFS:
node3	:	60	sent
node1	:	60	sent
SUBS:
on	node1
	node1	:	0	received
on	node3
	node3	:	0	received
1262304604 0 - 1 - - - - - - 1 1 - 1 
1262304704 0 - 1 - - - - - - 1 1 - 1 
1262304804 0 - 1 - - - - - - 1 1 1 1 
1262304832 0 - 1 - - - - - - 1 1 1 1 
1262304904 0 1 1 - - - - - 1 1 1 1 1 
1262305004 0 1 1 - - - - - 1 1 1 1 1 
1262305075 0 1 1 - - - - - 1 1 1 1 1 
1262305104 0 1 1 0 0 0 0 0 1 1 1 1 1 
1262305175 0 1 1 0 0 0 0 0 1 1 1 1 1 
1262305204 0 0.875 1 0 0 0 0 0 1 1 1 1 1 
1262305275 0 0.875 1 0 0 0 0 0 1 1 1 1 1 
1262305304 0 0.875 1 0 0 0 0 0 1 1 1 1 1 
1262305375 0 0.875 1 0 0 0 0 0 1 1 1 1 1 
1262305394 0 0.875 1 0 0 0 0 0 1 1 1 1 1 
1262305404 0 0.63636363636364 1 0 0 0 0 0 1 1 1 1 1 
1262305494 0 0.63636363636364 1 0 0 0 0 0 0.63636363636364 1 1 1 1 
1262305504 0 0.63636363636364 1 0.090909090909091 0 0 0 0.090909090909091 0.63636363636364 0.875 1 1 1 
1262305594 0 0.63636363636364 1 0.090909090909091 0 0 0 0.090909090909091 0.63636363636364 0.875 1 1 1 
1262305604 0 0.66666666666667 1 0.090909090909091 0.16666666666667 0 0.083333333333333 0.083333333333333 0.63636363636364 0.875 1 0.91666666666667 1 
1262305656 0 0.66666666666667 1 0.090909090909091 0.16666666666667 0 0.083333333333333 0.083333333333333 0.63636363636364 0.875 1 0.91666666666667 1 
1262305694 0 0.66666666666667 1 0.090909090909091 0.16666666666667 0 0.083333333333333 0.083333333333333 0.69230769230769 0.875 1 0.91666666666667 1 
1262305704 0.047619047619048 0.64285714285714 1 0.083333333333333 0.15384615384615 0.083333333333333 0.21428571428571 0.083333333333333 0.69230769230769 0.88888888888889 0.91666666666667 0.78571428571429 0.88888888888889 
1262305756 0.047619047619048 0.64285714285714 0.95454545454545 0.083333333333333 0.15384615384615 0.083333333333333 0.21428571428571 0.083333333333333 0.69230769230769 0.88888888888889 0.91666666666667 0.78571428571429 0.88888888888889 
1262305794 0.047619047619048 0.64285714285714 0.95454545454545 0.083333333333333 0.15384615384615 0.083333333333333 0.21428571428571 0.083333333333333 0.71428571428571 0.88888888888889 0.91666666666667 0.78571428571429 0.88888888888889 
1262305804 0.043478260869565 0.64285714285714 0.95454545454545 0.083333333333333 0.15384615384615 0.083333333333333 0.21428571428571 0.21428571428571 0.71428571428571 0.90909090909091 0.91666666666667 0.78571428571429 0.90909090909091 
1262305856 0.043478260869565 0.64285714285714 0.95833333333333 0.083333333333333 0.15384615384615 0.083333333333333 0.21428571428571 0.21428571428571 0.71428571428571 0.90909090909091 0.91666666666667 0.78571428571429 0.90909090909091 
1262305894 0.043478260869565 0.64285714285714 0.95833333333333 0.083333333333333 0.15384615384615 0.083333333333333 0.21428571428571 0.21428571428571 0.71428571428571 0.90909090909091 0.91666666666667 0.78571428571429 0.90909090909091 
1262305904 0.04 0.64285714285714 0.95833333333333 0.15384615384615 0.21428571428571 0.083333333333333 0.21428571428571 0.21428571428571 0.71428571428571 0.90909090909091 0.91666666666667 0.78571428571429 0.91666666666667 
1262305956 0.04 0.64285714285714 0.96153846153846 0.15384615384615 0.21428571428571 0.083333333333333 0.21428571428571 0.21428571428571 0.71428571428571 0.90909090909091 0.91666666666667 0.78571428571429 0.91666666666667 
1262305988 0.04 0.64285714285714 0.96153846153846 0.15384615384615 0.21428571428571 0.083333333333333 0.21428571428571 0.21428571428571 0.71428571428571 0.90909090909091 0.84615384615385 0.78571428571429 0.91666666666667 
1262305994 0.04 0.64285714285714 0.96153846153846 0.15384615384615 0.21428571428571 0.083333333333333 0.21428571428571 0.21428571428571 0.73333333333333 0.90909090909091 0.84615384615385 0.78571428571429 0.91666666666667 
1262306004 0.074074074074074 0.64285714285714 0.96153846153846 0.21428571428571 0.21428571428571 0.083333333333333 0.2 0.2 0.73333333333333 0.83333333333333 0.84615384615385 0.78571428571429 0.91666666666667 
1262306056 0.074074074074074 0.64285714285714 0.96296296296296 0.21428571428571 0.21428571428571 0.083333333333333 0.2 0.2 0.73333333333333 0.83333333333333 0.84615384615385 0.78571428571429 0.91666666666667 
1262306088 0.074074074074074 0.64285714285714 0.96296296296296 0.21428571428571 0.21428571428571 0.15384615384615 0.2 0.2 0.73333333333333 0.83333333333333 0.78571428571429 0.78571428571429 0.91666666666667 
1262306094 0.074074074074074 0.64285714285714 0.96296296296296 0.21428571428571 0.21428571428571 0.15384615384615 0.2 0.2 0.6875 0.83333333333333 0.78571428571429 0.78571428571429 0.91666666666667 
1262306100 0.074074074074074 0.64285714285714 0.96296296296296 0.21428571428571 0.21428571428571 0.15384615384615 0.2 0.2 0.6875 0.83333333333333 0.78571428571429 0.78571428571429 0.91666666666667 
1262306104 0.068965517241379 0.64285714285714 0.96296296296296 0.2 0.21428571428571 0.15384615384615 0.2 0.2 0.6875 0.83333333333333 0.78571428571429 0.8 0.91666666666667 
1262306156 0.068965517241379 0.64285714285714 0.96551724137931 0.2 0.21428571428571 0.15384615384615 0.2 0.2 0.6875 0.83333333333333 0.78571428571429 0.8 0.91666666666667 
1262306188 0.068965517241379 0.64285714285714 0.96551724137931 0.2 0.21428571428571 0.15384615384615 0.2 0.2 0.6875 0.83333333333333 0.78571428571429 0.8 0.91666666666667 
1262306194 0.068965517241379 0.64285714285714 0.96551724137931 0.2 0.21428571428571 0.15384615384615 0.2 0.2 0.6875 0.83333333333333 0.78571428571429 0.8 0.91666666666667 
1262306200 0.068965517241379 0.64285714285714 0.96551724137931 0.2 0.2 0.15384615384615 0.2 0.2 0.6875 0.83333333333333 0.78571428571429 0.8 0.91666666666667 
1262306204 0.064516129032258 0.64285714285714 0.96551724137931 0.2 0.2 0.15384615384615 0.1875 0.2 0.6875 0.83333333333333 0.78571428571429 0.8 0.92307692307692 
1262306256 0.064516129032258 0.64285714285714 0.96774193548387 0.2 0.2 0.15384615384615 0.1875 0.2 0.6875 0.83333333333333 0.78571428571429 0.8 0.92307692307692 
1262306288 0.064516129032258 0.64285714285714 0.96774193548387 0.2 0.2 0.2 0.1875 0.2 0.6875 0.83333333333333 0.78571428571429 0.8 0.92307692307692 
1262306294 0.064516129032258 0.64285714285714 0.96774193548387 0.2 0.2 0.2 0.1875 0.2 0.6875 0.83333333333333 0.78571428571429 0.8 0.92307692307692 
1262306300 0.064516129032258 0.6 0.96774193548387 0.2 0.1875 0.2 0.1875 0.2 0.6875 0.83333333333333 0.78571428571429 0.8 0.92307692307692 
1262306304 0.090909090909091 0.6 0.96774193548387 0.2 0.1875 0.2 0.1875 0.2 0.6875 0.78571428571429 0.78571428571429 0.8125 0.8 
1262306356 0.090909090909091 0.6 0.96875 0.2 0.1875 0.2 0.1875 0.2 0.6875 0.78571428571429 0.78571428571429 0.8125 0.8 
1262306388 0.090909090909091 0.6 0.96875 0.2 0.1875 0.1875 0.1875 0.2 0.6875 0.78571428571429 0.78571428571429 0.8125 0.8 
1262306394 0.090909090909091 0.6 0.96875 0.2 0.1875 0.1875 0.1875 0.2 0.70588235294118 0.78571428571429 0.78571428571429 0.8125 0.8 
1262306400 0.090909090909091 0.6 0.96875 0.2 0.17647058823529 0.1875 0.1875 0.2 0.70588235294118 0.78571428571429 0.78571428571429 0.8125 0.8 
1262306404 0.085714285714286 0.6 0.96875 0.23529411764706 0.17647058823529 0.1875 0.1875 0.27777777777778 0.70588235294118 0.78571428571429 0.78571428571429 0.76470588235294 0.8 
1262306456 0.085714285714286 0.6 0.97058823529412 0.23529411764706 0.17647058823529 0.1875 0.1875 0.27777777777778 0.70588235294118 0.78571428571429 0.78571428571429 0.76470588235294 0.8 
1262306488 0.085714285714286 0.6 0.97058823529412 0.23529411764706 0.17647058823529 0.1875 0.1875 0.27777777777778 0.70588235294118 0.78571428571429 0.8 0.76470588235294 0.8 
1262306494 0.085714285714286 0.6 0.97058823529412 0.23529411764706 0.17647058823529 0.1875 0.1875 0.27777777777778 0.63157894736842 0.78571428571429 0.8 0.76470588235294 0.8 
1262306500 0.085714285714286 0.625 0.97058823529412 0.23529411764706 0.17647058823529 0.1875 0.1875 0.27777777777778 0.63157894736842 0.78571428571429 0.8 0.76470588235294 0.8 
1262306504 0.081081081081081 0.625 0.97058823529412 0.23529411764706 0.17647058823529 0.1875 0.17647058823529 0.27777777777778 0.63157894736842 0.78571428571429 0.8 0.76470588235294 0.8 
1262306556 0.081081081081081 0.625 0.97222222222222 0.23529411764706 0.17647058823529 0.1875 0.17647058823529 0.27777777777778 0.63157894736842 0.78571428571429 0.8 0.76470588235294 0.8 
1262306588 0.081081081081081 0.625 0.97222222222222 0.23529411764706 0.17647058823529 0.22222222222222 0.17647058823529 0.27777777777778 0.63157894736842 0.78571428571429 0.8125 0.76470588235294 0.8 
1262306594 0.081081081081081 0.625 0.97222222222222 0.23529411764706 0.17647058823529 0.22222222222222 0.17647058823529 0.27777777777778 0.63157894736842 0.78571428571429 0.8125 0.76470588235294 0.8 
1262306600 0.081081081081081 0.625 0.97222222222222 0.23529411764706 0.22222222222222 0.22222222222222 0.17647058823529 0.27777777777778 0.63157894736842 0.78571428571429 0.8125 0.76470588235294 0.8 
1262306604 0.1025641025641 0.625 0.97222222222222 0.22222222222222 0.22222222222222 0.22222222222222 0.22222222222222 0.26315789473684 0.63157894736842 0.78571428571429 0.8125 0.72222222222222 0.75 
1262306656 0.1025641025641 0.625 0.97297297297297 0.22222222222222 0.22222222222222 0.22222222222222 0.22222222222222 0.26315789473684 0.63157894736842 0.78571428571429 0.8125 0.72222222222222 0.75 
1262306688 0.1025641025641 0.625 0.97297297297297 0.22222222222222 0.22222222222222 0.26315789473684 0.22222222222222 0.26315789473684 0.63157894736842 0.78571428571429 0.76470588235294 0.72222222222222 0.75 
1262306694 0.1025641025641 0.625 0.97297297297297 0.22222222222222 0.22222222222222 0.26315789473684 0.22222222222222 0.26315789473684 0.63157894736842 0.78571428571429 0.76470588235294 0.72222222222222 0.75 
1262306700 0.1025641025641 0.625 0.97297297297297 0.22222222222222 0.26315789473684 0.26315789473684 0.22222222222222 0.26315789473684 0.63157894736842 0.78571428571429 0.76470588235294 0.72222222222222 0.75 
1262306704 0.11904761904762 0.625 0.97297297297297 0.22222222222222 0.26315789473684 0.26315789473684 0.22222222222222 0.26315789473684 0.63157894736842 0.73333333333333 0.76470588235294 0.68421052631579 0.72222222222222 
1262306756 0.11904761904762 0.625 0.95 0.22222222222222 0.26315789473684 0.26315789473684 0.22222222222222 0.26315789473684 0.63157894736842 0.73333333333333 0.76470588235294 0.68421052631579 0.72222222222222 
1262306788 0.11904761904762 0.625 0.95 0.22222222222222 0.26315789473684 0.26315789473684 0.22222222222222 0.26315789473684 0.63157894736842 0.73333333333333 0.76470588235294 0.68421052631579 0.72222222222222 
1262306789 0.11904761904762 0.625 0.95 0.22222222222222 0.26315789473684 0.26315789473684 0.22222222222222 0.26315789473684 0.63157894736842 0.73333333333333 0.72222222222222 0.68421052631579 0.72222222222222 
1262306794 0.11904761904762 0.625 0.95 0.22222222222222 0.26315789473684 0.26315789473684 0.22222222222222 0.26315789473684 0.63157894736842 0.73333333333333 0.72222222222222 0.68421052631579 0.72222222222222 
1262306800 0.11904761904762 0.625 0.95 0.22222222222222 0.26315789473684 0.26315789473684 0.22222222222222 0.26315789473684 0.63157894736842 0.73333333333333 0.72222222222222 0.68421052631579 0.72222222222222 
1262306804 0.11363636363636 0.625 0.95 0.22222222222222 0.26315789473684 0.26315789473684 0.26315789473684 0.26315789473684 0.63157894736842 0.70588235294118 0.72222222222222 0.68421052631579 0.72222222222222 
1262306856 0.11363636363636 0.625 0.95238095238095 0.22222222222222 0.26315789473684 0.26315789473684 0.26315789473684 0.26315789473684 0.63157894736842 0.70588235294118 0.72222222222222 0.68421052631579 0.72222222222222 
1262306888 0.11363636363636 0.625 0.95238095238095 0.22222222222222 0.26315789473684 0.26315789473684 0.26315789473684 0.26315789473684 0.63157894736842 0.70588235294118 0.72222222222222 0.68421052631579 0.72222222222222 
1262306889 0.11363636363636 0.625 0.95238095238095 0.22222222222222 0.26315789473684 0.26315789473684 0.26315789473684 0.26315789473684 0.63157894736842 0.70588235294118 0.68421052631579 0.68421052631579 0.72222222222222 
1262306894 0.11363636363636 0.625 0.95238095238095 0.22222222222222 0.26315789473684 0.26315789473684 0.26315789473684 0.26315789473684 0.63157894736842 0.70588235294118 0.68421052631579 0.68421052631579 0.72222222222222 
1262306900 0.11363636363636 0.625 0.95238095238095 0.22222222222222 0.26315789473684 0.26315789473684 0.26315789473684 0.26315789473684 0.63157894736842 0.70588235294118 0.68421052631579 0.68421052631579 0.72222222222222 
1262306904 0.11111111111111 0.625 0.95238095238095 0.22222222222222 0.26315789473684 0.26315789473684 0.26315789473684 0.26315789473684 0.63157894736842 0.70588235294118 0.68421052631579 0.68421052631579 0.72222222222222 
1262306922 0.11111111111111 0.625 0.95238095238095 0.22222222222222 0.26315789473684 0.26315789473684 0.26315789473684 0.26315789473684 0.63157894736842 0.70588235294118 0.68421052631579 0.68421052631579 0.72222222222222 
1262306956 0.11111111111111 0.625 0.93181818181818 0.22222222222222 0.26315789473684 0.26315789473684 0.26315789473684 0.26315789473684 0.63157894736842 0.70588235294118 0.68421052631579 0.68421052631579 0.72222222222222 
1262306988 0.11111111111111 0.625 0.93181818181818 0.22222222222222 0.26315789473684 0.26315789473684 0.26315789473684 0.26315789473684 0.63157894736842 0.70588235294118 0.68421052631579 0.68421052631579 0.72222222222222 
1262306989 0.11111111111111 0.625 0.93181818181818 0.22222222222222 0.26315789473684 0.26315789473684 0.26315789473684 0.26315789473684 0.63157894736842 0.70588235294118 0.68421052631579 0.68421052631579 0.72222222222222 
1262306994 0.11111111111111 0.625 0.93181818181818 0.22222222222222 0.26315789473684 0.26315789473684 0.26315789473684 0.26315789473684 0.63157894736842 0.70588235294118 0.68421052631579 0.68421052631579 0.72222222222222 
1262307000 0.11111111111111 0.625 0.93181818181818 0.22222222222222 0.26315789473684 0.26315789473684 0.26315789473684 0.26315789473684 0.63157894736842 0.70588235294118 0.68421052631579 0.68421052631579 0.72222222222222 
1262307004 0.1063829787234 0.625 0.93181818181818 0.22222222222222 0.26315789473684 0.26315789473684 0.26315789473684 0.26315789473684 0.63157894736842 0.70588235294118 0.68421052631579 0.7 0.72222222222222 
1262307022 0.1063829787234 0.61111111111111 0.93181818181818 0.3 0.26315789473684 0.26315789473684 0.26315789473684 0.26315789473684 0.63157894736842 0.70588235294118 0.68421052631579 0.7 0.72222222222222 
1262307056 0.1063829787234 0.61111111111111 0.93478260869565 0.3 0.26315789473684 0.26315789473684 0.26315789473684 0.26315789473684 0.63157894736842 0.70588235294118 0.68421052631579 0.7 0.72222222222222 
1262307089 0.1063829787234 0.61111111111111 0.93478260869565 0.3 0.26315789473684 0.26315789473684 0.26315789473684 0.26315789473684 0.63157894736842 0.70588235294118 0.68421052631579 0.7 0.72222222222222 
1262307094 0.1063829787234 0.61111111111111 0.93478260869565 0.3 0.26315789473684 0.26315789473684 0.26315789473684 0.26315789473684 0.63157894736842 0.70588235294118 0.68421052631579 0.7 0.72222222222222 
1262307100 0.1063829787234 0.61111111111111 0.93478260869565 0.3 0.26315789473684 0.26315789473684 0.26315789473684 0.26315789473684 0.63157894736842 0.70588235294118 0.68421052631579 0.7 0.72222222222222 
1262307104 0.10204081632653 0.61111111111111 0.93478260869565 0.3 0.26315789473684 0.26315789473684 0.26315789473684 0.25 0.63157894736842 0.66666666666667 0.68421052631579 0.7 0.68421052631579 
1262307122 0.10204081632653 0.6 0.93478260869565 0.3 0.26315789473684 0.26315789473684 0.26315789473684 0.25 0.63157894736842 0.66666666666667 0.68421052631579 0.7 0.68421052631579 
1262307156 0.10204081632653 0.6 0.9375 0.3 0.26315789473684 0.26315789473684 0.26315789473684 0.25 0.63157894736842 0.66666666666667 0.68421052631579 0.7 0.68421052631579 
1262307189 0.10204081632653 0.6 0.9375 0.3 0.26315789473684 0.26315789473684 0.26315789473684 0.25 0.63157894736842 0.66666666666667 0.65 0.7 0.68421052631579 
1262307194 0.10204081632653 0.6 0.9375 0.3 0.26315789473684 0.26315789473684 0.26315789473684 0.25 0.6 0.66666666666667 0.65 0.7 0.68421052631579 
1262307200 0.10204081632653 0.6 0.9375 0.3 0.26315789473684 0.26315789473684 0.26315789473684 0.25 0.6 0.66666666666667 0.65 0.7 0.68421052631579 
1262307204 0.1 0.6 0.9375 0.3 0.26315789473684 0.26315789473684 0.3 0.28571428571429 0.6 0.63157894736842 0.65 0.7 0.61904761904762 
1262307212 0.1 0.6 0.9375 0.3 0.26315789473684 0.26315789473684 0.3 0.28571428571429 0.6 0.63157894736842 0.65 0.7 0.61904761904762 
1262307222 0.1 0.6 0.9375 0.28571428571429 0.26315789473684 0.26315789473684 0.3 0.28571428571429 0.6 0.63157894736842 0.65 0.7 0.61904761904762 
1262307256 0.1 0.6 0.93877551020408 0.28571428571429 0.26315789473684 0.26315789473684 0.3 0.28571428571429 0.6 0.63157894736842 0.65 0.7 0.61904761904762 
1262307289 0.1 0.6 0.93877551020408 0.28571428571429 0.26315789473684 0.26315789473684 0.3 0.28571428571429 0.6 0.63157894736842 0.63636363636364 0.7 0.61904761904762 
1262307294 0.1 0.6 0.93877551020408 0.28571428571429 0.26315789473684 0.26315789473684 0.3 0.28571428571429 0.61904761904762 0.63157894736842 0.63636363636364 0.7 0.61904761904762 
1262307300 0.1 0.6 0.93877551020408 0.28571428571429 0.26315789473684 0.26315789473684 0.3 0.28571428571429 0.61904761904762 0.63157894736842 0.63636363636364 0.7 0.61904761904762 
1262307304 0.096153846153846 0.6 0.93877551020408 0.28571428571429 0.26315789473684 0.26315789473684 0.33333333333333 0.28571428571429 0.61904761904762 0.63157894736842 0.63636363636364 0.63636363636364 0.59090909090909 
1262307312 0.096153846153846 0.6 0.93877551020408 0.28571428571429 0.26315789473684 0.28571428571429 0.33333333333333 0.28571428571429 0.61904761904762 0.63157894736842 0.63636363636364 0.63636363636364 0.59090909090909 
1262307322 0.096153846153846 0.57142857142857 0.93877551020408 0.28571428571429 0.26315789473684 0.28571428571429 0.33333333333333 0.28571428571429 0.61904761904762 0.63157894736842 0.63636363636364 0.63636363636364 0.59090909090909 
1262307356 0.096153846153846 0.57142857142857 0.94117647058824 0.28571428571429 0.26315789473684 0.28571428571429 0.33333333333333 0.28571428571429 0.61904761904762 0.63157894736842 0.63636363636364 0.63636363636364 0.59090909090909 
1262307389 0.096153846153846 0.57142857142857 0.94117647058824 0.28571428571429 0.26315789473684 0.28571428571429 0.33333333333333 0.28571428571429 0.61904761904762 0.63157894736842 0.65217391304348 0.63636363636364 0.59090909090909 
1262307394 0.096153846153846 0.57142857142857 0.94117647058824 0.28571428571429 0.26315789473684 0.28571428571429 0.33333333333333 0.28571428571429 0.61904761904762 0.63157894736842 0.65217391304348 0.63636363636364 0.59090909090909 
1262307400 0.096153846153846 0.57142857142857 0.94117647058824 0.28571428571429 0.28571428571429 0.28571428571429 0.33333333333333 0.28571428571429 0.61904761904762 0.63157894736842 0.65217391304348 0.63636363636364 0.59090909090909 
1262307401 0.096153846153846 0.57142857142857 0.94117647058824 0.28571428571429 0.28571428571429 0.28571428571429 0.33333333333333 0.28571428571429 0.61904761904762 0.6 0.65217391304348 0.63636363636364 0.59090909090909 
1262307404 0.092592592592593 0.57142857142857 0.94117647058824 0.28571428571429 0.28571428571429 0.28571428571429 0.31818181818182 0.31818181818182 0.61904761904762 0.6 0.65217391304348 0.60869565217391 0.59090909090909 
1262307412 0.092592592592593 0.57142857142857 0.94117647058824 0.28571428571429 0.28571428571429 0.28571428571429 0.31818181818182 0.31818181818182 0.61904761904762 0.6 0.65217391304348 0.60869565217391 0.59090909090909 
1262307422 0.092592592592593 0.57142857142857 0.94117647058824 0.28571428571429 0.28571428571429 0.28571428571429 0.31818181818182 0.31818181818182 0.61904761904762 0.6 0.65217391304348 0.60869565217391 0.59090909090909 
1262307456 0.092592592592593 0.57142857142857 0.92592592592593 0.28571428571429 0.28571428571429 0.28571428571429 0.31818181818182 0.31818181818182 0.61904761904762 0.6 0.65217391304348 0.60869565217391 0.59090909090909 
1262307489 0.092592592592593 0.57142857142857 0.92592592592593 0.28571428571429 0.28571428571429 0.28571428571429 0.31818181818182 0.31818181818182 0.61904761904762 0.6 0.65217391304348 0.60869565217391 0.59090909090909 
1262307494 0.092592592592593 0.57142857142857 0.92592592592593 0.28571428571429 0.28571428571429 0.28571428571429 0.31818181818182 0.31818181818182 0.61904761904762 0.6 0.65217391304348 0.60869565217391 0.59090909090909 
1262307500 0.092592592592593 0.57142857142857 0.92592592592593 0.28571428571429 0.27272727272727 0.28571428571429 0.31818181818182 0.31818181818182 0.61904761904762 0.6 0.65217391304348 0.60869565217391 0.59090909090909 
1262307501 0.092592592592593 0.57142857142857 0.92592592592593 0.28571428571429 0.27272727272727 0.28571428571429 0.31818181818182 0.31818181818182 0.61904761904762 0.61904761904762 0.65217391304348 0.60869565217391 0.59090909090909 
1262307504 0.10714285714286 0.57142857142857 0.92592592592593 0.28571428571429 0.27272727272727 0.28571428571429 0.31818181818182 0.31818181818182 0.61904761904762 0.61904761904762 0.65217391304348 0.625 0.59090909090909 
1262307512 0.10714285714286 0.57142857142857 0.92592592592593 0.28571428571429 0.27272727272727 0.27272727272727 0.31818181818182 0.31818181818182 0.61904761904762 0.61904761904762 0.65217391304348 0.625 0.59090909090909 
1262307522 0.10714285714286 0.57142857142857 0.92592592592593 0.28571428571429 0.27272727272727 0.27272727272727 0.31818181818182 0.31818181818182 0.61904761904762 0.61904761904762 0.65217391304348 0.625 0.59090909090909 
1262307556 0.10714285714286 0.57142857142857 0.92727272727273 0.28571428571429 0.27272727272727 0.27272727272727 0.31818181818182 0.31818181818182 0.61904761904762 0.61904761904762 0.65217391304348 0.625 0.59090909090909 
1262307589 0.10714285714286 0.57142857142857 0.92727272727273 0.28571428571429 0.27272727272727 0.27272727272727 0.31818181818182 0.31818181818182 0.61904761904762 0.61904761904762 0.625 0.625 0.59090909090909 
1262307594 0.10714285714286 0.57142857142857 0.92727272727273 0.28571428571429 0.27272727272727 0.27272727272727 0.31818181818182 0.31818181818182 0.625 0.61904761904762 0.625 0.625 0.59090909090909 
1262307600 0.10714285714286 0.57142857142857 0.92727272727273 0.28571428571429 0.30434782608696 0.27272727272727 0.31818181818182 0.31818181818182 0.625 0.61904761904762 0.625 0.625 0.59090909090909 
1262307601 0.10714285714286 0.57142857142857 0.92727272727273 0.28571428571429 0.30434782608696 0.27272727272727 0.31818181818182 0.31818181818182 0.625 0.60869565217391 0.625 0.625 0.59090909090909 
1262307604 0.11864406779661 0.57142857142857 0.92727272727273 0.28571428571429 0.30434782608696 0.27272727272727 0.28 0.31818181818182 0.625 0.60869565217391 0.625 0.625 0.59090909090909 
1262307612 0.11864406779661 0.57142857142857 0.92727272727273 0.28571428571429 0.30434782608696 0.26086956521739 0.28 0.31818181818182 0.625 0.60869565217391 0.625 0.625 0.59090909090909 
1262307622 0.11864406779661 0.57142857142857 0.92727272727273 0.29166666666667 0.30434782608696 0.26086956521739 0.28 0.31818181818182 0.625 0.60869565217391 0.625 0.625 0.59090909090909 
1262307656 0.11864406779661 0.57142857142857 0.91379310344828 0.29166666666667 0.30434782608696 0.26086956521739 0.28 0.31818181818182 0.625 0.60869565217391 0.625 0.625 0.59090909090909 
1262307689 0.11864406779661 0.57142857142857 0.91379310344828 0.29166666666667 0.30434782608696 0.26086956521739 0.28 0.31818181818182 0.625 0.60869565217391 0.625 0.625 0.59090909090909 
1262307694 0.11864406779661 0.57142857142857 0.91379310344828 0.29166666666667 0.30434782608696 0.26086956521739 0.28 0.31818181818182 0.625 0.60869565217391 0.625 0.625 0.59090909090909 
1262307700 0.11864406779661 0.57142857142857 0.91379310344828 0.29166666666667 0.30434782608696 0.26086956521739 0.28 0.31818181818182 0.625 0.60869565217391 0.625 0.625 0.59090909090909 
1262307701 0.11864406779661 0.57142857142857 0.91379310344828 0.29166666666667 0.30434782608696 0.26086956521739 0.28 0.31818181818182 0.625 0.60869565217391 0.625 0.625 0.59090909090909 
1262307704 0.11475409836066 0.57142857142857 0.91379310344828 0.29166666666667 0.30434782608696 0.26086956521739 0.28 0.30434782608696 0.625 0.60869565217391 0.625 0.625 0.56521739130435 
1262307712 0.11475409836066 0.57142857142857 0.91379310344828 0.29166666666667 0.30434782608696 0.29166666666667 0.28 0.30434782608696 0.625 0.60869565217391 0.625 0.625 0.56521739130435 
1262307722 0.11475409836066 0.54545454545455 0.91379310344828 0.29166666666667 0.30434782608696 0.29166666666667 0.28 0.30434782608696 0.625 0.60869565217391 0.625 0.625 0.56521739130435 
1262307756 0.11475409836066 0.54545454545455 0.9016393442623 0.29166666666667 0.30434782608696 0.29166666666667 0.28 0.30434782608696 0.625 0.60869565217391 0.625 0.625 0.56521739130435 
1262307789 0.11475409836066 0.54545454545455 0.9016393442623 0.29166666666667 0.30434782608696 0.29166666666667 0.28 0.30434782608696 0.625 0.60869565217391 0.64 0.625 0.56521739130435 
1262307794 0.11475409836066 0.54545454545455 0.9016393442623 0.29166666666667 0.30434782608696 0.29166666666667 0.28 0.30434782608696 0.625 0.60869565217391 0.64 0.625 0.56521739130435 
1262307800 0.11475409836066 0.54545454545455 0.9016393442623 0.29166666666667 0.30434782608696 0.29166666666667 0.28 0.30434782608696 0.625 0.60869565217391 0.64 0.625 0.56521739130435 
1262307801 0.11475409836066 0.54545454545455 0.9016393442623 0.29166666666667 0.30434782608696 0.29166666666667 0.28 0.30434782608696 0.625 0.58333333333333 0.64 0.625 0.56521739130435 
1262307804 0.11290322580645 0.54545454545455 0.9016393442623 0.29166666666667 0.30434782608696 0.29166666666667 0.28 0.29166666666667 0.625 0.58333333333333 0.64 0.64 0.58333333333333 
1262307812 0.11290322580645 0.54545454545455 0.9016393442623 0.29166666666667 0.30434782608696 0.29166666666667 0.28 0.29166666666667 0.625 0.58333333333333 0.64 0.64 0.58333333333333 
1262307822 0.11290322580645 0.54545454545455 0.9016393442623 0.29166666666667 0.30434782608696 0.29166666666667 0.28 0.29166666666667 0.625 0.58333333333333 0.64 0.64 0.58333333333333 
1262307856 0.11290322580645 0.54545454545455 0.88888888888889 0.29166666666667 0.30434782608696 0.29166666666667 0.28 0.29166666666667 0.625 0.58333333333333 0.64 0.64 0.58333333333333 
1262307889 0.11290322580645 0.54545454545455 0.88888888888889 0.29166666666667 0.30434782608696 0.29166666666667 0.28 0.29166666666667 0.625 0.58333333333333 0.62962962962963 0.64 0.58333333333333 
1262307894 0.11290322580645 0.54545454545455 0.88888888888889 0.29166666666667 0.30434782608696 0.29166666666667 0.28 0.29166666666667 0.62962962962963 0.58333333333333 0.62962962962963 0.64 0.58333333333333 
1262307900 0.11290322580645 0.54545454545455 0.88888888888889 0.29166666666667 0.29166666666667 0.29166666666667 0.28 0.29166666666667 0.62962962962963 0.58333333333333 0.62962962962963 0.64 0.58333333333333 
1262307901 0.11290322580645 0.54545454545455 0.88888888888889 0.29166666666667 0.29166666666667 0.29166666666667 0.28 0.29166666666667 0.62962962962963 0.58333333333333 0.62962962962963 0.64 0.58333333333333 
1262307904 0.109375 0.54545454545455 0.88888888888889 0.29166666666667 0.29166666666667 0.29166666666667 0.26923076923077 0.26923076923077 0.62962962962963 0.58333333333333 0.62962962962963 0.62962962962963 0.61538461538462 
1262307912 0.109375 0.54545454545455 0.88888888888889 0.29166666666667 0.29166666666667 0.29166666666667 0.26923076923077 0.26923076923077 0.62962962962963 0.58333333333333 0.62962962962963 0.62962962962963 0.61538461538462 
1262307922 0.109375 0.54166666666667 0.88888888888889 0.26923076923077 0.29166666666667 0.29166666666667 0.26923076923077 0.26923076923077 0.62962962962963 0.58333333333333 0.62962962962963 0.62962962962963 0.61538461538462 
1262307956 0.109375 0.54166666666667 0.85294117647059 0.26923076923077 0.29166666666667 0.29166666666667 0.26923076923077 0.26923076923077 0.62962962962963 0.58333333333333 0.62962962962963 0.62962962962963 0.61538461538462 
1262307989 0.109375 0.54166666666667 0.85294117647059 0.26923076923077 0.29166666666667 0.29166666666667 0.26923076923077 0.26923076923077 0.62962962962963 0.58333333333333 0.64285714285714 0.62962962962963 0.61538461538462 
1262307994 0.109375 0.54166666666667 0.85294117647059 0.26923076923077 0.29166666666667 0.29166666666667 0.26923076923077 0.26923076923077 0.62962962962963 0.58333333333333 0.64285714285714 0.62962962962963 0.61538461538462 
1262308000 0.109375 0.54166666666667 0.85294117647059 0.26923076923077 0.32 0.29166666666667 0.26923076923077 0.26923076923077 0.62962962962963 0.58333333333333 0.64285714285714 0.62962962962963 0.61538461538462 
1262308001 0.109375 0.54166666666667 0.85294117647059 0.26923076923077 0.32 0.29166666666667 0.26923076923077 0.26923076923077 0.62962962962963 0.51851851851852 0.64285714285714 0.62962962962963 0.61538461538462 
1262308004 0.10606060606061 0.54166666666667 0.85294117647059 0.26923076923077 0.32 0.29166666666667 0.2962962962963 0.26923076923077 0.62962962962963 0.51851851851852 0.64285714285714 0.62962962962963 0.61538461538462 
1262308012 0.10606060606061 0.54166666666667 0.85294117647059 0.26923076923077 0.32 0.30769230769231 0.2962962962963 0.26923076923077 0.62962962962963 0.51851851851852 0.64285714285714 0.62962962962963 0.61538461538462 
1262308022 0.10606060606061 0.52 0.85294117647059 0.2962962962963 0.32 0.30769230769231 0.2962962962963 0.26923076923077 0.62962962962963 0.51851851851852 0.64285714285714 0.62962962962963 0.61538461538462 
1262308056 0.10606060606061 0.52 0.85714285714286 0.2962962962963 0.32 0.30769230769231 0.2962962962963 0.26923076923077 0.62962962962963 0.51851851851852 0.64285714285714 0.62962962962963 0.61538461538462 
1262308089 0.10606060606061 0.52 0.85714285714286 0.2962962962963 0.32 0.30769230769231 0.2962962962963 0.26923076923077 0.62962962962963 0.51851851851852 0.62068965517241 0.62962962962963 0.61538461538462 
1262308094 0.10606060606061 0.52 0.85714285714286 0.2962962962963 0.32 0.30769230769231 0.2962962962963 0.26923076923077 0.62962962962963 0.51851851851852 0.62068965517241 0.62962962962963 0.61538461538462 
1262308100 0.10606060606061 0.52 0.85714285714286 0.2962962962963 0.32 0.30769230769231 0.2962962962963 0.26923076923077 0.62962962962963 0.51851851851852 0.62068965517241 0.62962962962963 0.61538461538462 
1262308101 0.10606060606061 0.52 0.85714285714286 0.2962962962963 0.32 0.30769230769231 0.2962962962963 0.26923076923077 0.62962962962963 0.56666666666667 0.62068965517241 0.62962962962963 0.61538461538462 
1262308104 0.1044776119403 0.52 0.85714285714286 0.2962962962963 0.32 0.30769230769231 0.28571428571429 0.26923076923077 0.62962962962963 0.56666666666667 0.62068965517241 0.62962962962963 0.59259259259259 
1262308112 0.1044776119403 0.52 0.85714285714286 0.2962962962963 0.32 0.2962962962963 0.28571428571429 0.26923076923077 0.62962962962963 0.56666666666667 0.62068965517241 0.62962962962963 0.59259259259259 
1262308122 0.1044776119403 0.52 0.85714285714286 0.27586206896552 0.32 0.2962962962963 0.28571428571429 0.26923076923077 0.62962962962963 0.56666666666667 0.62068965517241 0.62962962962963 0.59259259259259 
1262308156 0.1044776119403 0.52 0.85714285714286 0.27586206896552 0.32 0.2962962962963 0.28571428571429 0.26923076923077 0.62962962962963 0.56666666666667 0.62068965517241 0.62962962962963 0.59259259259259 
1262308189 0.1044776119403 0.52 0.85714285714286 0.27586206896552 0.32 0.2962962962963 0.28571428571429 0.26923076923077 0.62962962962963 0.56666666666667 0.63333333333333 0.62962962962963 0.59259259259259 
1262308194 0.1044776119403 0.52 0.85714285714286 0.27586206896552 0.32 0.2962962962963 0.28571428571429 0.26923076923077 0.62068965517241 0.56666666666667 0.63333333333333 0.62962962962963 0.59259259259259 
1262308200 0.1044776119403 0.52 0.85714285714286 0.27586206896552 0.32 0.2962962962963 0.28571428571429 0.26923076923077 0.62068965517241 0.56666666666667 0.63333333333333 0.62962962962963 0.59259259259259 
1262308201 0.1044776119403 0.52 0.85714285714286 0.27586206896552 0.32 0.2962962962963 0.28571428571429 0.26923076923077 0.62068965517241 0.56666666666667 0.63333333333333 0.62962962962963 0.59259259259259 
1262308204 0.11764705882353 0.52 0.85714285714286 0.27586206896552 0.32 0.2962962962963 0.28571428571429 0.26923076923077 0.62068965517241 0.56666666666667 0.63333333333333 0.60714285714286 0.62068965517241 
1262308212 0.11764705882353 0.52 0.85714285714286 0.27586206896552 0.32 0.28571428571429 0.28571428571429 0.26923076923077 0.62068965517241 0.56666666666667 0.63333333333333 0.60714285714286 0.62068965517241 
1262308222 0.11764705882353 0.53846153846154 0.85714285714286 0.27586206896552 0.32 0.28571428571429 0.28571428571429 0.26923076923077 0.62068965517241 0.56666666666667 0.63333333333333 0.60714285714286 0.62068965517241 
1262308256 0.11764705882353 0.53846153846154 0.84507042253521 0.27586206896552 0.32 0.28571428571429 0.28571428571429 0.26923076923077 0.62068965517241 0.56666666666667 0.63333333333333 0.60714285714286 0.62068965517241 
1262308289 0.11764705882353 0.53846153846154 0.84507042253521 0.27586206896552 0.32 0.28571428571429 0.28571428571429 0.26923076923077 0.62068965517241 0.56666666666667 0.61290322580645 0.60714285714286 0.62068965517241 
1262308294 0.11764705882353 0.53846153846154 0.84507042253521 0.27586206896552 0.32 0.28571428571429 0.28571428571429 0.26923076923077 0.6 0.56666666666667 0.61290322580645 0.60714285714286 0.62068965517241 
1262308300 0.11764705882353 0.53846153846154 0.84507042253521 0.27586206896552 0.37037037037037 0.28571428571429 0.28571428571429 0.26923076923077 0.6 0.56666666666667 0.61290322580645 0.60714285714286 0.62068965517241 
1262308301 0.11764705882353 0.53846153846154 0.84507042253521 0.27586206896552 0.37037037037037 0.28571428571429 0.28571428571429 0.26923076923077 0.6 0.58064516129032 0.61290322580645 0.60714285714286 0.62068965517241 
1262308304 0.11764705882353 0.53846153846154 0.84507042253521 0.27586206896552 0.37037037037037 0.28571428571429 0.26666666666667 0.25925925925926 0.6 0.58064516129032 0.61290322580645 0.58620689655172 0.62068965517241 
1262308312 0.11764705882353 0.53846153846154 0.84507042253521 0.27586206896552 0.37037037037037 0.27586206896552 0.26666666666667 0.25925925925926 0.6 0.58064516129032 0.61290322580645 0.58620689655172 0.62068965517241 
1262308322 0.11764705882353 0.55555555555556 0.84507042253521 0.27586206896552 0.37037037037037 0.27586206896552 0.26666666666667 0.25925925925926 0.6 0.58064516129032 0.61290322580645 0.58620689655172 0.62068965517241 
1262308356 0.11764705882353 0.55555555555556 0.83333333333333 0.27586206896552 0.37037037037037 0.27586206896552 0.26666666666667 0.25925925925926 0.6 0.58064516129032 0.61290322580645 0.58620689655172 0.62068965517241 
1262308389 0.11764705882353 0.55555555555556 0.83333333333333 0.27586206896552 0.37037037037037 0.27586206896552 0.26666666666667 0.25925925925926 0.6 0.58064516129032 0.625 0.58620689655172 0.62068965517241 
1262308394 0.11764705882353 0.55555555555556 0.83333333333333 0.27586206896552 0.37037037037037 0.27586206896552 0.26666666666667 0.25925925925926 0.6 0.58064516129032 0.625 0.58620689655172 0.62068965517241 
1262308400 0.11764705882353 0.55555555555556 0.83333333333333 0.27586206896552 0.37037037037037 0.27586206896552 0.26666666666667 0.25925925925926 0.6 0.58064516129032 0.625 0.58620689655172 0.62068965517241 
1262308401 0.11764705882353 0.55555555555556 0.83333333333333 0.27586206896552 0.37037037037037 0.27586206896552 0.26666666666667 0.25925925925926 0.6 0.58064516129032 0.625 0.58620689655172 0.62068965517241 
1262308404 0.11764705882353 0.55555555555556 0.83333333333333 0.27586206896552 0.37037037037037 0.27586206896552 0.26666666666667 0.25925925925926 0.6 0.58064516129032 0.625 0.58620689655172 0.62068965517241 
1262308412 0.11764705882353 0.55555555555556 0.83333333333333 0.27586206896552 0.37037037037037 0.27586206896552 0.26666666666667 0.25925925925926 0.6 0.58064516129032 0.625 0.58620689655172 0.62068965517241 
1262308422 0.11764705882353 0.55555555555556 0.83333333333333 0.27586206896552 0.37037037037037 0.27586206896552 0.26666666666667 0.25925925925926 0.6 0.58064516129032 0.625 0.58620689655172 0.62068965517241 
1262308456 0.11764705882353 0.55555555555556 0.83333333333333 0.27586206896552 0.37037037037037 0.27586206896552 0.26666666666667 0.25925925925926 0.6 0.58064516129032 0.625 0.58620689655172 0.62068965517241 
1262308489 0.11764705882353 0.55555555555556 0.83333333333333 0.27586206896552 0.37037037037037 0.27586206896552 0.26666666666667 0.25925925925926 0.6 0.58064516129032 0.625 0.58620689655172 0.62068965517241 
1262308494 0.11764705882353 0.55555555555556 0.83333333333333 0.27586206896552 0.37037037037037 0.27586206896552 0.26666666666667 0.25925925925926 0.6 0.58064516129032 0.625 0.58620689655172 0.62068965517241 
