NOTIFS:
node3	:	60	sent
node1	:	60	sent
SUBS:
on	node1
	node1	:	0	received
on	node3
	node3	:	0	received
1262304604 0 - 1 - - - - - - - - 1 - 
1262304704 0 - 1 - - - - - 1 1 1 1 1 
1262304804 0 - 1 - - - - - 1 1 1 1 1 
1262304904 0 - 1 - 0 - 1 1 1 1 1 1 1 
1262305004 0 - 1 - 0 0 1 1 1 1 1 1 1 
1262305104 0 1 1 0 0 0 0.1 1 1 1 1 1 1 
1262305204 0 1 1 0 0 0 0.090909090909091 0.27272727272727 1 1 1 1 1 
1262305304 0 1 1 0 0 0 0.090909090909091 0.25 1 1 1 1 1 
1262305404 0 0.90909090909091 1 0 0.090909090909091 0.16666666666667 0.16666666666667 0.25 0.91666666666667 0.91666666666667 1 1 0.91666666666667 
1262305504 0 0.76923076923077 1 0 0.28571428571429 0.33333333333333 0.28571428571429 0.25 0.92307692307692 0.84615384615385 0.92307692307692 0.7 0.91666666666667 
1262305604 0 0.76923076923077 0.95 0.16666666666667 0.28571428571429 0.375 0.33333333333333 0.30769230769231 0.92307692307692 0.85714285714286 0.92307692307692 0.7 0.92307692307692 
1262305704 0 0.71428571428571 0.95238095238095 0.16666666666667 0.3125 0.375 0.33333333333333 0.35714285714286 0.92307692307692 0.85714285714286 0.8 0.69230769230769 0.92307692307692 
1262305804 0 0.73333333333333 0.95652173913043 0.23076923076923 0.35294117647059 0.375 0.33333333333333 0.35714285714286 0.92307692307692 0.85714285714286 0.75 0.69230769230769 0.92307692307692 
1262305858 0 0.73333333333333 0.95652173913043 0.23076923076923 0.35294117647059 0.375 0.33333333333333 0.35714285714286 0.92307692307692 0.85714285714286 0.75 0.69230769230769 0.92307692307692 
1262305904 0.076923076923077 0.75 0.96 0.33333333333333 0.38888888888889 0.33333333333333 0.33333333333333 0.375 0.8 0.85714285714286 0.76470588235294 0.69230769230769 0.8 
1262305958 0.076923076923077 0.75 0.96 0.33333333333333 0.38888888888889 0.33333333333333 0.33333333333333 0.375 0.8 0.76470588235294 0.76470588235294 0.69230769230769 0.8 
1262306004 0.074074074074074 0.76470588235294 0.96153846153846 0.33333333333333 0.47619047619048 0.42857142857143 0.33333333333333 0.375 0.72222222222222 0.76470588235294 0.76470588235294 0.69230769230769 0.8 
1262306058 0.074074074074074 0.76470588235294 0.96153846153846 0.33333333333333 0.47619047619048 0.42857142857143 0.33333333333333 0.375 0.72222222222222 0.76470588235294 0.76470588235294 0.69230769230769 0.8 
1262306104 0.1 0.76470588235294 0.96428571428571 0.33333333333333 0.47619047619048 0.45454545454545 0.33333333333333 0.35294117647059 0.72222222222222 0.76470588235294 0.72222222222222 0.69230769230769 0.8 
1262306158 0.1 0.76470588235294 0.96428571428571 0.33333333333333 0.47619047619048 0.45454545454545 0.33333333333333 0.35294117647059 0.72222222222222 0.76470588235294 0.72222222222222 0.69230769230769 0.8 
1262306168 0.1 0.76470588235294 0.96428571428571 0.33333333333333 0.47619047619048 0.45454545454545 0.33333333333333 0.35294117647059 0.72222222222222 0.76470588235294 0.72222222222222 0.69230769230769 0.8 
1262306204 0.14705882352941 0.72222222222222 0.93548387096774 0.44444444444444 0.43478260869565 0.47826086956522 0.33333333333333 0.38888888888889 0.72222222222222 0.76470588235294 0.72222222222222 0.71428571428571 0.76470588235294 
1262306258 0.14705882352941 0.72222222222222 0.93548387096774 0.44444444444444 0.43478260869565 0.47826086956522 0.33333333333333 0.38888888888889 0.72222222222222 0.76470588235294 0.72222222222222 0.71428571428571 0.76470588235294 
1262306268 0.14705882352941 0.72222222222222 0.93548387096774 0.44444444444444 0.43478260869565 0.47826086956522 0.42105263157895 0.38888888888889 0.72222222222222 0.76470588235294 0.72222222222222 0.71428571428571 0.76470588235294 
1262306304 0.14285714285714 0.72222222222222 0.9375 0.42105263157895 0.43478260869565 0.47826086956522 0.42105263157895 0.38888888888889 0.72222222222222 0.76470588235294 0.72222222222222 0.71428571428571 0.76470588235294 
1262306358 0.14285714285714 0.72222222222222 0.9375 0.42105263157895 0.43478260869565 0.47826086956522 0.42105263157895 0.38888888888889 0.72222222222222 0.72222222222222 0.72222222222222 0.71428571428571 0.76470588235294 
1262306368 0.14285714285714 0.72222222222222 0.9375 0.42105263157895 0.43478260869565 0.47826086956522 0.42105263157895 0.38888888888889 0.72222222222222 0.72222222222222 0.72222222222222 0.71428571428571 0.76470588235294 
1262306404 0.15789473684211 0.72222222222222 0.94117647058824 0.4 0.45833333333333 0.48 0.42105263157895 0.36842105263158 0.72222222222222 0.72222222222222 0.72222222222222 0.71428571428571 0.76470588235294 
1262306458 0.15789473684211 0.72222222222222 0.94117647058824 0.4 0.45833333333333 0.48 0.42105263157895 0.36842105263158 0.72222222222222 0.72222222222222 0.72222222222222 0.71428571428571 0.76470588235294 
1262306504 0.17073170731707 0.72222222222222 0.91891891891892 0.4 0.45833333333333 0.44444444444444 0.42105263157895 0.4 0.72222222222222 0.72222222222222 0.72222222222222 0.6875 0.72222222222222 
1262306558 0.17073170731707 0.72222222222222 0.91891891891892 0.4 0.45833333333333 0.44444444444444 0.42105263157895 0.4 0.72222222222222 0.72222222222222 0.72222222222222 0.6875 0.72222222222222 
1262306586 0.17073170731707 0.72222222222222 0.91891891891892 0.4 0.45833333333333 0.44444444444444 0.42105263157895 0.4 0.72222222222222 0.72222222222222 0.72222222222222 0.6875 0.72222222222222 
1262306604 0.16666666666667 0.72222222222222 0.8974358974359 0.4 0.45833333333333 0.44444444444444 0.42105263157895 0.4 0.73684210526316 0.72222222222222 0.73684210526316 0.70588235294118 0.72222222222222 
1262306658 0.16666666666667 0.72222222222222 0.8974358974359 0.4 0.45833333333333 0.44444444444444 0.42105263157895 0.4 0.73684210526316 0.72222222222222 0.73684210526316 0.70588235294118 0.72222222222222 
1262306686 0.16666666666667 0.72222222222222 0.8974358974359 0.4 0.45833333333333 0.44444444444444 0.38095238095238 0.4 0.73684210526316 0.72222222222222 0.73684210526316 0.70588235294118 0.72222222222222 
1262306704 0.17777777777778 0.72222222222222 0.88095238095238 0.4 0.45833333333333 0.44444444444444 0.38095238095238 0.36363636363636 0.75 0.72222222222222 0.73684210526316 0.70588235294118 0.72222222222222 
1262306758 0.17777777777778 0.72222222222222 0.88095238095238 0.4 0.45833333333333 0.44444444444444 0.38095238095238 0.36363636363636 0.75 0.72222222222222 0.73684210526316 0.70588235294118 0.72222222222222 
1262306786 0.17777777777778 0.72222222222222 0.88095238095238 0.4 0.45833333333333 0.44444444444444 0.36363636363636 0.36363636363636 0.75 0.72222222222222 0.73684210526316 0.70588235294118 0.72222222222222 
1262306804 0.1875 0.72222222222222 0.88636363636364 0.4 0.42307692307692 0.44444444444444 0.36363636363636 0.39130434782609 0.75 0.72222222222222 0.73684210526316 0.70588235294118 0.72222222222222 
1262306858 0.1875 0.72222222222222 0.88636363636364 0.4 0.42307692307692 0.44444444444444 0.36363636363636 0.39130434782609 0.75 0.73684210526316 0.73684210526316 0.70588235294118 0.72222222222222 
1262306886 0.1875 0.72222222222222 0.88636363636364 0.4 0.42307692307692 0.44444444444444 0.39130434782609 0.39130434782609 0.75 0.73684210526316 0.73684210526316 0.70588235294118 0.72222222222222 
1262306904 0.18367346938776 0.72222222222222 0.88888888888889 0.38095238095238 0.42857142857143 0.42857142857143 0.39130434782609 0.39130434782609 0.75 0.73684210526316 0.73684210526316 0.70588235294118 0.73684210526316 
1262306958 0.18367346938776 0.72222222222222 0.88888888888889 0.38095238095238 0.42857142857143 0.42857142857143 0.39130434782609 0.39130434782609 0.75 0.75 0.73684210526316 0.70588235294118 0.73684210526316 
1262306986 0.18367346938776 0.72222222222222 0.88888888888889 0.38095238095238 0.42857142857143 0.42857142857143 0.375 0.39130434782609 0.75 0.75 0.73684210526316 0.70588235294118 0.73684210526316 
1262307004 0.19230769230769 0.72222222222222 0.8936170212766 0.34782608695652 0.42857142857143 0.42857142857143 0.375 0.375 0.75 0.75 0.73684210526316 0.70588235294118 0.75 
1262307058 0.19230769230769 0.72222222222222 0.8936170212766 0.34782608695652 0.42857142857143 0.42857142857143 0.375 0.375 0.75 0.75 0.73684210526316 0.70588235294118 0.75 
1262307086 0.19230769230769 0.72222222222222 0.8936170212766 0.34782608695652 0.42857142857143 0.42857142857143 0.38461538461538 0.375 0.75 0.75 0.73684210526316 0.70588235294118 0.75 
1262307104 0.2 0.72222222222222 0.89795918367347 0.33333333333333 0.41379310344828 0.42857142857143 0.38461538461538 0.375 0.76190476190476 0.75 0.75 0.73684210526316 0.71428571428571 
1262307158 0.2 0.72222222222222 0.89795918367347 0.33333333333333 0.41379310344828 0.42857142857143 0.38461538461538 0.375 0.76190476190476 0.76190476190476 0.75 0.73684210526316 0.71428571428571 
1262307186 0.2 0.72222222222222 0.89795918367347 0.33333333333333 0.41379310344828 0.42857142857143 0.37037037037037 0.375 0.76190476190476 0.76190476190476 0.75 0.73684210526316 0.71428571428571 
1262307204 0.19642857142857 0.72222222222222 0.9 0.33333333333333 0.41379310344828 0.44827586206897 0.37037037037037 0.375 0.76190476190476 0.76190476190476 0.76190476190476 0.73684210526316 0.71428571428571 
1262307258 0.19642857142857 0.72222222222222 0.9 0.33333333333333 0.41379310344828 0.44827586206897 0.37037037037037 0.375 0.76190476190476 0.72727272727273 0.76190476190476 0.73684210526316 0.71428571428571 
1262307286 0.19642857142857 0.72222222222222 0.9 0.33333333333333 0.41379310344828 0.44827586206897 0.35714285714286 0.375 0.76190476190476 0.72727272727273 0.76190476190476 0.73684210526316 0.71428571428571 
1262307304 0.18965517241379 0.72222222222222 0.90384615384615 0.33333333333333 0.41379310344828 0.46666666666667 0.35714285714286 0.375 0.72727272727273 0.72727272727273 0.76190476190476 0.73684210526316 0.71428571428571 
1262307351 0.18965517241379 0.68421052631579 0.90384615384615 0.33333333333333 0.41379310344828 0.46666666666667 0.35714285714286 0.375 0.72727272727273 0.72727272727273 0.76190476190476 0.73684210526316 0.71428571428571 
1262307358 0.18965517241379 0.68421052631579 0.90384615384615 0.33333333333333 0.41379310344828 0.46666666666667 0.35714285714286 0.375 0.72727272727273 0.72727272727273 0.76190476190476 0.73684210526316 0.71428571428571 
1262307386 0.18965517241379 0.68421052631579 0.90384615384615 0.33333333333333 0.41379310344828 0.46666666666667 0.35714285714286 0.375 0.72727272727273 0.72727272727273 0.76190476190476 0.73684210526316 0.71428571428571 
1262307404 0.18333333333333 0.68421052631579 0.90740740740741 0.36 0.41379310344828 0.46875 0.35714285714286 0.375 0.69565217391304 0.72727272727273 0.76190476190476 0.73684210526316 0.71428571428571 
1262307451 0.18333333333333 0.71428571428571 0.90740740740741 0.36 0.41379310344828 0.46875 0.35714285714286 0.42307692307692 0.69565217391304 0.72727272727273 0.76190476190476 0.73684210526316 0.71428571428571 
1262307458 0.18333333333333 0.71428571428571 0.90740740740741 0.36 0.41379310344828 0.46875 0.35714285714286 0.42307692307692 0.69565217391304 0.72727272727273 0.76190476190476 0.73684210526316 0.71428571428571 
1262307486 0.18333333333333 0.71428571428571 0.90740740740741 0.36 0.41379310344828 0.46875 0.35714285714286 0.42307692307692 0.69565217391304 0.72727272727273 0.76190476190476 0.73684210526316 0.71428571428571 
1262307504 0.18032786885246 0.71428571428571 0.89285714285714 0.36 0.41379310344828 0.46875 0.35714285714286 0.42307692307692 0.69565217391304 0.72727272727273 0.72727272727273 0.68181818181818 0.72727272727273 
1262307551 0.18032786885246 0.72727272727273 0.89285714285714 0.36 0.41379310344828 0.46875 0.35714285714286 0.42307692307692 0.69565217391304 0.72727272727273 0.72727272727273 0.68181818181818 0.72727272727273 
1262307558 0.18032786885246 0.72727272727273 0.89285714285714 0.36 0.41379310344828 0.46875 0.35714285714286 0.42307692307692 0.69565217391304 0.72727272727273 0.72727272727273 0.68181818181818 0.72727272727273 
1262307586 0.18032786885246 0.72727272727273 0.89285714285714 0.36 0.41379310344828 0.46875 0.37931034482759 0.42307692307692 0.69565217391304 0.72727272727273 0.72727272727273 0.68181818181818 0.72727272727273 
1262307596 0.18032786885246 0.72727272727273 0.89285714285714 0.36 0.41379310344828 0.46875 0.37931034482759 0.42307692307692 0.69565217391304 0.72727272727273 0.72727272727273 0.68181818181818 0.72727272727273 
1262307604 0.17460317460317 0.72727272727273 0.89655172413793 0.36 0.41379310344828 0.45454545454545 0.37931034482759 0.42307692307692 0.69565217391304 0.72727272727273 0.73913043478261 0.68181818181818 0.72727272727273 
1262307651 0.17460317460317 0.72727272727273 0.89655172413793 0.36 0.41379310344828 0.45454545454545 0.37931034482759 0.42307692307692 0.69565217391304 0.72727272727273 0.73913043478261 0.68181818181818 0.72727272727273 
1262307658 0.17460317460317 0.72727272727273 0.89655172413793 0.36 0.41379310344828 0.45454545454545 0.37931034482759 0.42307692307692 0.69565217391304 0.72727272727273 0.73913043478261 0.68181818181818 0.72727272727273 
1262307686 0.17460317460317 0.72727272727273 0.89655172413793 0.36 0.41379310344828 0.45454545454545 0.37931034482759 0.42307692307692 0.69565217391304 0.72727272727273 0.73913043478261 0.68181818181818 0.72727272727273 
1262307696 0.17460317460317 0.72727272727273 0.89655172413793 0.36 0.45161290322581 0.45454545454545 0.37931034482759 0.42307692307692 0.69565217391304 0.72727272727273 0.73913043478261 0.68181818181818 0.72727272727273 
1262307704 0.16923076923077 0.72727272727273 0.9 0.36 0.45161290322581 0.45454545454545 0.37931034482759 0.42307692307692 0.70833333333333 0.72727272727273 0.70833333333333 0.68181818181818 0.70833333333333 
1262307751 0.16923076923077 0.72727272727273 0.9 0.36 0.45161290322581 0.45454545454545 0.37931034482759 0.42857142857143 0.70833333333333 0.72727272727273 0.70833333333333 0.68181818181818 0.70833333333333 
1262307758 0.16923076923077 0.72727272727273 0.9 0.36 0.45161290322581 0.45454545454545 0.37931034482759 0.42857142857143 0.70833333333333 0.69565217391304 0.70833333333333 0.68181818181818 0.70833333333333 
1262307786 0.16923076923077 0.72727272727273 0.9 0.36 0.45161290322581 0.45454545454545 0.37931034482759 0.42857142857143 0.70833333333333 0.69565217391304 0.70833333333333 0.68181818181818 0.70833333333333 
1262307796 0.16923076923077 0.72727272727273 0.9 0.37037037037037 0.4375 0.45454545454545 0.37931034482759 0.42857142857143 0.70833333333333 0.69565217391304 0.70833333333333 0.68181818181818 0.70833333333333 
1262307804 0.16666666666667 0.72727272727273 0.88709677419355 0.37037037037037 0.4375 0.45454545454545 0.37931034482759 0.42857142857143 0.70833333333333 0.69565217391304 0.70833333333333 0.69565217391304 0.70833333333333 
1262307851 0.16666666666667 0.69565217391304 0.88709677419355 0.37037037037037 0.4375 0.45454545454545 0.37931034482759 0.42857142857143 0.70833333333333 0.69565217391304 0.70833333333333 0.69565217391304 0.70833333333333 
1262307858 0.16666666666667 0.69565217391304 0.88709677419355 0.37037037037037 0.4375 0.45454545454545 0.37931034482759 0.42857142857143 0.70833333333333 0.69565217391304 0.70833333333333 0.69565217391304 0.70833333333333 
1262307886 0.16666666666667 0.69565217391304 0.88709677419355 0.37037037037037 0.4375 0.45454545454545 0.38709677419355 0.42857142857143 0.70833333333333 0.69565217391304 0.70833333333333 0.69565217391304 0.70833333333333 
1262307896 0.16666666666667 0.69565217391304 0.88709677419355 0.37931034482759 0.4375 0.45454545454545 0.38709677419355 0.42857142857143 0.70833333333333 0.69565217391304 0.70833333333333 0.69565217391304 0.70833333333333 
1262307904 0.18571428571429 0.69565217391304 0.890625 0.37931034482759 0.4375 0.45454545454545 0.38709677419355 0.42857142857143 0.70833333333333 0.69565217391304 0.70833333333333 0.69565217391304 0.70833333333333 
1262307951 0.18571428571429 0.70833333333333 0.890625 0.37931034482759 0.4375 0.45454545454545 0.38709677419355 0.44827586206897 0.70833333333333 0.69565217391304 0.70833333333333 0.69565217391304 0.70833333333333 
1262307958 0.18571428571429 0.70833333333333 0.890625 0.37931034482759 0.4375 0.45454545454545 0.38709677419355 0.44827586206897 0.70833333333333 0.69565217391304 0.70833333333333 0.69565217391304 0.70833333333333 
1262307986 0.18571428571429 0.70833333333333 0.890625 0.37931034482759 0.4375 0.45454545454545 0.38709677419355 0.44827586206897 0.70833333333333 0.69565217391304 0.70833333333333 0.69565217391304 0.70833333333333 
1262307996 0.18571428571429 0.70833333333333 0.890625 0.37931034482759 0.4375 0.45454545454545 0.38709677419355 0.44827586206897 0.70833333333333 0.69565217391304 0.70833333333333 0.69565217391304 0.70833333333333 
1262308004 0.18055555555556 0.70833333333333 0.89393939393939 0.37931034482759 0.4375 0.44117647058824 0.38709677419355 0.44827586206897 0.70833333333333 0.69565217391304 0.70833333333333 0.69565217391304 0.68 
1262308051 0.18055555555556 0.70833333333333 0.89393939393939 0.37931034482759 0.4375 0.44117647058824 0.38709677419355 0.44827586206897 0.70833333333333 0.69565217391304 0.70833333333333 0.69565217391304 0.68 
1262308058 0.18055555555556 0.70833333333333 0.89393939393939 0.37931034482759 0.4375 0.44117647058824 0.38709677419355 0.44827586206897 0.70833333333333 0.66666666666667 0.70833333333333 0.69565217391304 0.68 
1262308086 0.18055555555556 0.70833333333333 0.89393939393939 0.37931034482759 0.4375 0.44117647058824 0.38709677419355 0.44827586206897 0.70833333333333 0.66666666666667 0.70833333333333 0.69565217391304 0.68 
1262308096 0.18055555555556 0.70833333333333 0.89393939393939 0.37931034482759 0.4375 0.44117647058824 0.38709677419355 0.44827586206897 0.70833333333333 0.66666666666667 0.70833333333333 0.69565217391304 0.68 
1262308104 0.17808219178082 0.70833333333333 0.8955223880597 0.37931034482759 0.4375 0.42857142857143 0.38709677419355 0.44827586206897 0.70833333333333 0.66666666666667 0.70833333333333 0.69565217391304 0.68 
1262308122 0.17808219178082 0.70833333333333 0.8955223880597 0.37931034482759 0.4375 0.42857142857143 0.38709677419355 0.44827586206897 0.70833333333333 0.66666666666667 0.70833333333333 0.69565217391304 0.68 
1262308151 0.17808219178082 0.70833333333333 0.8955223880597 0.37931034482759 0.4375 0.42857142857143 0.38709677419355 0.44827586206897 0.70833333333333 0.66666666666667 0.70833333333333 0.69565217391304 0.68 
1262308158 0.17808219178082 0.70833333333333 0.8955223880597 0.37931034482759 0.4375 0.42857142857143 0.38709677419355 0.44827586206897 0.70833333333333 0.66666666666667 0.70833333333333 0.69565217391304 0.68 
1262308186 0.17808219178082 0.70833333333333 0.8955223880597 0.37931034482759 0.4375 0.42857142857143 0.38709677419355 0.44827586206897 0.70833333333333 0.66666666666667 0.70833333333333 0.69565217391304 0.68 
1262308196 0.17808219178082 0.70833333333333 0.8955223880597 0.37931034482759 0.44117647058824 0.42857142857143 0.38709677419355 0.44827586206897 0.70833333333333 0.66666666666667 0.70833333333333 0.69565217391304 0.68 
1262308204 0.17808219178082 0.70833333333333 0.88235294117647 0.37931034482759 0.44117647058824 0.42857142857143 0.38709677419355 0.44827586206897 0.72 0.66666666666667 0.72 0.69565217391304 0.69230769230769 
1262308222 0.17808219178082 0.70833333333333 0.88235294117647 0.37931034482759 0.44117647058824 0.42857142857143 0.38709677419355 0.44827586206897 0.72 0.66666666666667 0.72 0.70833333333333 0.69230769230769 
1262308251 0.17808219178082 0.70833333333333 0.88235294117647 0.37931034482759 0.44117647058824 0.42857142857143 0.38709677419355 0.44827586206897 0.72 0.66666666666667 0.72 0.70833333333333 0.69230769230769 
1262308258 0.17808219178082 0.70833333333333 0.88235294117647 0.37931034482759 0.44117647058824 0.42857142857143 0.38709677419355 0.44827586206897 0.72 0.68 0.72 0.70833333333333 0.69230769230769 
1262308286 0.17808219178082 0.70833333333333 0.88235294117647 0.37931034482759 0.44117647058824 0.42857142857143 0.38709677419355 0.44827586206897 0.72 0.68 0.72 0.70833333333333 0.69230769230769 
1262308296 0.17808219178082 0.70833333333333 0.88235294117647 0.37931034482759 0.44117647058824 0.42857142857143 0.38709677419355 0.44827586206897 0.72 0.68 0.72 0.70833333333333 0.69230769230769 
1262308304 0.17808219178082 0.70833333333333 0.88235294117647 0.37931034482759 0.44117647058824 0.42857142857143 0.38709677419355 0.44827586206897 0.71428571428571 0.68 0.7037037037037 0.70833333333333 0.7037037037037 
1262308322 0.17808219178082 0.70833333333333 0.88235294117647 0.37931034482759 0.44117647058824 0.42857142857143 0.38709677419355 0.44827586206897 0.71428571428571 0.68 0.7037037037037 0.7037037037037 0.7037037037037 
1262308351 0.17808219178082 0.65384615384615 0.88235294117647 0.37931034482759 0.44117647058824 0.42857142857143 0.38709677419355 0.4375 0.71428571428571 0.68 0.7037037037037 0.7037037037037 0.7037037037037 
1262308358 0.17808219178082 0.65384615384615 0.88235294117647 0.37931034482759 0.44117647058824 0.42857142857143 0.38709677419355 0.4375 0.71428571428571 0.69230769230769 0.7037037037037 0.7037037037037 0.7037037037037 
1262308386 0.17808219178082 0.65384615384615 0.88235294117647 0.37931034482759 0.44117647058824 0.42857142857143 0.38709677419355 0.4375 0.71428571428571 0.69230769230769 0.7037037037037 0.7037037037037 0.7037037037037 
1262308396 0.17808219178082 0.65384615384615 0.88235294117647 0.40625 0.42857142857143 0.42857142857143 0.38709677419355 0.4375 0.71428571428571 0.69230769230769 0.7037037037037 0.7037037037037 0.7037037037037 
1262308404 0.18918918918919 0.65384615384615 0.88235294117647 0.40625 0.42857142857143 0.44444444444444 0.38709677419355 0.4375 0.71428571428571 0.69230769230769 0.7037037037037 0.7037037037037 0.7037037037037 
1262308422 0.18918918918919 0.65384615384615 0.88235294117647 0.40625 0.42857142857143 0.44444444444444 0.38709677419355 0.4375 0.71428571428571 0.69230769230769 0.7037037037037 0.7037037037037 0.7037037037037 
1262308451 0.18918918918919 0.62962962962963 0.88235294117647 0.40625 0.42857142857143 0.44444444444444 0.38709677419355 0.4375 0.71428571428571 0.69230769230769 0.7037037037037 0.7037037037037 0.7037037037037 
1262308458 0.18918918918919 0.62962962962963 0.88235294117647 0.40625 0.42857142857143 0.44444444444444 0.38709677419355 0.4375 0.71428571428571 0.69230769230769 0.7037037037037 0.7037037037037 0.7037037037037 
1262308486 0.18918918918919 0.62962962962963 0.88235294117647 0.40625 0.42857142857143 0.44444444444444 0.39393939393939 0.4375 0.71428571428571 0.69230769230769 0.7037037037037 0.7037037037037 0.7037037037037 
1262308496 0.18918918918919 0.62962962962963 0.88235294117647 0.40625 0.42857142857143 0.44444444444444 0.39393939393939 0.4375 0.71428571428571 0.69230769230769 0.7037037037037 0.7037037037037 0.7037037037037 
