NOTIFS:
node3	:	60	sent
node1	:	60	sent
SUBS:
on	node1
	node1	:	0	received
on	node3
	node3	:	0	received
1262304604 0 - 1 - - - - - 1 1 - 1 - 
1262304704 0 - 1 - - - - - 1 1 - 1 - 
1262304804 0 - 1 - - - - - 1 1 - 1 - 
1262304904 0 1 1 - - - - - 1 1 1 1 1 
1262305004 0 1 1 - - 0 1 - 1 1 1 1 1 
1262305104 0 1 1 - 0 0 1 1 1 1 1 1 1 
1262305204 0 1 1 0 0 0 0.36363636363636 0.36363636363636 1 1 1 1 1 
1262305304 0 0.54545454545455 1 0 0 0.090909090909091 0.36363636363636 0.36363636363636 1 1 1 0.54545454545455 1 
1262305404 0 0.5 1 0 0 0.16666666666667 0.33333333333333 0.36363636363636 1 0.90909090909091 0.90909090909091 0.58333333333333 0.90909090909091 
1262305504 0 0.46153846153846 1 0 0.090909090909091 0.16666666666667 0.30769230769231 0.36363636363636 0.92307692307692 0.90909090909091 0.90909090909091 0.61538461538462 0.90909090909091 
1262305604 0 0.42857142857143 1 0.23076923076923 0.090909090909091 0.23076923076923 0.30769230769231 0.33333333333333 0.92307692307692 0.76923076923077 0.76923076923077 0.61538461538462 0.83333333333333 
1262305704 0 0.42857142857143 0.95238095238095 0.23076923076923 0.090909090909091 0.23076923076923 0.28571428571429 0.30769230769231 0.92307692307692 0.71428571428571 0.71428571428571 0.61538461538462 0.84615384615385 
1262305804 0 0.46666666666667 0.91666666666667 0.33333333333333 0.16666666666667 0.23076923076923 0.28571428571429 0.30769230769231 0.92307692307692 0.71428571428571 0.71428571428571 0.61538461538462 0.85714285714286 
1262305904 0 0.5 0.92307692307692 0.33333333333333 0.15384615384615 0.23076923076923 0.28571428571429 0.30769230769231 0.92307692307692 0.71428571428571 0.73333333333333 0.61538461538462 0.85714285714286 
1262306004 0 0.5 0.92592592592593 0.3125 0.21428571428571 0.21428571428571 0.33333333333333 0.28571428571429 0.8 0.73333333333333 0.75 0.53333333333333 0.85714285714286 
1262306104 0 0.5 0.9 0.29411764705882 0.21428571428571 0.21428571428571 0.33333333333333 0.33333333333333 0.8 0.75 0.75 0.5625 0.86666666666667 
1262306204 0.033333333333333 0.47058823529412 0.87878787878788 0.27777777777778 0.26666666666667 0.21428571428571 0.33333333333333 0.33333333333333 0.77777777777778 0.76470588235294 0.77777777777778 0.58823529411765 0.78947368421053 
1262306222 0.033333333333333 0.47058823529412 0.87878787878788 0.27777777777778 0.26666666666667 0.21428571428571 0.33333333333333 0.33333333333333 0.77777777777778 0.76470588235294 0.77777777777778 0.58823529411765 0.78947368421053 
1262306304 0.0625 0.47058823529412 0.85714285714286 0.27777777777778 0.26666666666667 0.21428571428571 0.3125 0.375 0.77777777777778 0.76470588235294 0.73684210526316 0.58823529411765 0.78947368421053 
1262306322 0.0625 0.47058823529412 0.85714285714286 0.27777777777778 0.26666666666667 0.1875 0.3125 0.375 0.77777777777778 0.76470588235294 0.73684210526316 0.58823529411765 0.78947368421053 
1262306404 0.085714285714286 0.47058823529412 0.86486486486486 0.26315789473684 0.25 0.1875 0.3125 0.375 0.77777777777778 0.76470588235294 0.73684210526316 0.58823529411765 0.78947368421053 
1262306422 0.085714285714286 0.47058823529412 0.86486486486486 0.26315789473684 0.25 0.23529411764706 0.3125 0.375 0.77777777777778 0.76470588235294 0.73684210526316 0.58823529411765 0.78947368421053 
1262306504 0.081081081081081 0.47368421052632 0.87179487179487 0.26315789473684 0.25 0.23529411764706 0.27777777777778 0.35294117647059 0.73684210526316 0.76470588235294 0.73684210526316 0.57894736842105 0.75 
1262306522 0.081081081081081 0.47368421052632 0.87179487179487 0.26315789473684 0.25 0.23529411764706 0.27777777777778 0.35294117647059 0.73684210526316 0.76470588235294 0.73684210526316 0.57894736842105 0.75 
1262306604 0.078947368421053 0.52380952380952 0.875 0.25 0.25 0.23529411764706 0.27777777777778 0.36842105263158 0.7 0.72222222222222 0.73684210526316 0.55 0.71428571428571 
1262306622 0.078947368421053 0.52380952380952 0.875 0.25 0.25 0.23529411764706 0.27777777777778 0.36842105263158 0.7 0.72222222222222 0.73684210526316 0.55 0.71428571428571 
1262306630 0.078947368421053 0.52380952380952 0.875 0.25 0.23529411764706 0.23529411764706 0.27777777777778 0.36842105263158 0.7 0.72222222222222 0.73684210526316 0.55 0.71428571428571 
1262306704 0.075 0.5 0.88095238095238 0.23809523809524 0.23529411764706 0.23529411764706 0.27777777777778 0.36842105263158 0.7 0.73684210526316 0.73684210526316 0.55 0.71428571428571 
1262306722 0.075 0.5 0.88095238095238 0.23809523809524 0.23529411764706 0.23529411764706 0.27777777777778 0.36842105263158 0.7 0.73684210526316 0.73684210526316 0.55 0.71428571428571 
1262306730 0.075 0.5 0.88095238095238 0.23809523809524 0.22222222222222 0.23529411764706 0.27777777777778 0.36842105263158 0.7 0.73684210526316 0.73684210526316 0.55 0.71428571428571 
1262306804 0.071428571428571 0.5 0.88636363636364 0.27272727272727 0.22222222222222 0.23529411764706 0.31578947368421 0.33333333333333 0.66666666666667 0.73684210526316 0.75 0.5 0.68181818181818 
1262306822 0.071428571428571 0.5 0.88636363636364 0.27272727272727 0.22222222222222 0.26315789473684 0.31578947368421 0.33333333333333 0.66666666666667 0.73684210526316 0.75 0.5 0.68181818181818 
1262306830 0.071428571428571 0.5 0.88636363636364 0.27272727272727 0.26315789473684 0.26315789473684 0.31578947368421 0.33333333333333 0.66666666666667 0.73684210526316 0.75 0.5 0.68181818181818 
1262306904 0.069767441860465 0.5 0.88888888888889 0.27272727272727 0.26315789473684 0.26315789473684 0.38095238095238 0.33333333333333 0.66666666666667 0.75 0.75 0.5 0.65217391304348 
1262306922 0.069767441860465 0.5 0.88888888888889 0.27272727272727 0.26315789473684 0.26315789473684 0.38095238095238 0.33333333333333 0.66666666666667 0.75 0.75 0.5 0.65217391304348 
1262306930 0.069767441860465 0.5 0.88888888888889 0.27272727272727 0.26315789473684 0.26315789473684 0.38095238095238 0.33333333333333 0.66666666666667 0.75 0.75 0.5 0.65217391304348 
1262307004 0.08695652173913 0.46153846153846 0.8936170212766 0.26086956521739 0.26315789473684 0.26315789473684 0.36363636363636 0.33333333333333 0.66666666666667 0.75 0.75 0.5 0.65217391304348 
1262307022 0.08695652173913 0.46153846153846 0.8936170212766 0.26086956521739 0.26315789473684 0.28571428571429 0.36363636363636 0.33333333333333 0.66666666666667 0.75 0.75 0.5 0.65217391304348 
1262307030 0.08695652173913 0.46153846153846 0.8936170212766 0.26086956521739 0.28571428571429 0.28571428571429 0.36363636363636 0.33333333333333 0.66666666666667 0.75 0.75 0.5 0.65217391304348 
1262307104 0.083333333333333 0.46153846153846 0.88 0.26086956521739 0.28571428571429 0.28571428571429 0.36363636363636 0.36363636363636 0.63636363636364 0.75 0.71428571428571 0.5 0.64 
1262307122 0.083333333333333 0.46153846153846 0.88 0.26086956521739 0.28571428571429 0.27272727272727 0.36363636363636 0.36363636363636 0.63636363636364 0.75 0.71428571428571 0.5 0.64 
1262307130 0.083333333333333 0.46153846153846 0.88 0.26086956521739 0.30434782608696 0.27272727272727 0.36363636363636 0.36363636363636 0.63636363636364 0.75 0.71428571428571 0.5 0.64 
1262307204 0.081632653061224 0.48148148148148 0.88235294117647 0.26086956521739 0.30434782608696 0.27272727272727 0.39130434782609 0.44 0.65217391304348 0.68181818181818 0.625 0.5 0.64 
1262307222 0.081632653061224 0.48148148148148 0.88235294117647 0.26086956521739 0.30434782608696 0.30434782608696 0.39130434782609 0.44 0.65217391304348 0.68181818181818 0.625 0.5 0.64 
1262307230 0.081632653061224 0.48148148148148 0.88235294117647 0.26086956521739 0.30434782608696 0.30434782608696 0.39130434782609 0.44 0.65217391304348 0.68181818181818 0.625 0.5 0.64 
1262307304 0.07843137254902 0.48148148148148 0.87037037037037 0.26086956521739 0.30434782608696 0.30434782608696 0.4 0.42307692307692 0.625 0.65217391304348 0.6 0.5 0.64 
1262307322 0.07843137254902 0.48148148148148 0.87037037037037 0.26086956521739 0.30434782608696 0.33333333333333 0.4 0.42307692307692 0.625 0.65217391304348 0.6 0.5 0.64 
1262307330 0.07843137254902 0.48148148148148 0.87037037037037 0.26086956521739 0.30434782608696 0.33333333333333 0.4 0.42307692307692 0.625 0.65217391304348 0.6 0.5 0.64 
1262307404 0.092592592592593 0.48148148148148 0.875 0.29166666666667 0.30434782608696 0.33333333333333 0.4 0.42307692307692 0.57692307692308 0.625 0.55555555555556 0.52173913043478 0.61538461538462 
1262307422 0.092592592592593 0.48148148148148 0.875 0.29166666666667 0.30434782608696 0.32 0.4 0.42307692307692 0.57692307692308 0.625 0.55555555555556 0.52173913043478 0.61538461538462 
1262307430 0.092592592592593 0.48148148148148 0.875 0.29166666666667 0.30434782608696 0.32 0.4 0.42307692307692 0.57692307692308 0.625 0.55555555555556 0.52173913043478 0.61538461538462 
1262307504 0.090909090909091 0.48148148148148 0.86206896551724 0.29166666666667 0.30434782608696 0.32 0.42307692307692 0.39285714285714 0.59259259259259 0.59259259259259 0.55555555555556 0.52 0.57142857142857 
1262307522 0.090909090909091 0.48148148148148 0.86206896551724 0.29166666666667 0.30434782608696 0.32 0.42307692307692 0.39285714285714 0.59259259259259 0.59259259259259 0.55555555555556 0.52 0.57142857142857 
1262307530 0.090909090909091 0.48148148148148 0.86206896551724 0.29166666666667 0.29166666666667 0.32 0.42307692307692 0.39285714285714 0.59259259259259 0.59259259259259 0.55555555555556 0.52 0.57142857142857 
1262307604 0.10344827586207 0.48148148148148 0.86666666666667 0.29166666666667 0.29166666666667 0.32 0.42307692307692 0.39285714285714 0.59259259259259 0.59259259259259 0.55555555555556 0.52 0.57142857142857 
1262307622 0.10344827586207 0.48148148148148 0.86666666666667 0.29166666666667 0.29166666666667 0.32 0.42307692307692 0.39285714285714 0.59259259259259 0.59259259259259 0.55555555555556 0.52 0.57142857142857 
1262307704 0.11475409836066 0.48148148148148 0.87096774193548 0.29166666666667 0.29166666666667 0.32 0.40740740740741 0.41379310344828 0.58620689655172 0.58620689655172 0.58620689655172 0.5 0.57142857142857 
1262307722 0.11475409836066 0.48148148148148 0.87096774193548 0.29166666666667 0.29166666666667 0.33333333333333 0.40740740740741 0.41379310344828 0.58620689655172 0.58620689655172 0.58620689655172 0.5 0.57142857142857 
1262307747 0.11475409836066 0.48148148148148 0.87096774193548 0.29166666666667 0.29166666666667 0.33333333333333 0.40740740740741 0.41379310344828 0.58620689655172 0.58620689655172 0.58620689655172 0.5 0.57142857142857 
1262307804 0.12698412698413 0.46428571428571 0.859375 0.32 0.29166666666667 0.33333333333333 0.39285714285714 0.41379310344828 0.56666666666667 0.58620689655172 0.6 0.48148148148148 0.55172413793103 
1262307822 0.12698412698413 0.46428571428571 0.859375 0.32 0.29166666666667 0.33333333333333 0.39285714285714 0.41379310344828 0.56666666666667 0.58620689655172 0.6 0.48148148148148 0.55172413793103 
1262307847 0.12698412698413 0.46428571428571 0.859375 0.32 0.32 0.33333333333333 0.39285714285714 0.41379310344828 0.56666666666667 0.58620689655172 0.6 0.48148148148148 0.55172413793103 
1262307904 0.12307692307692 0.44827586206897 0.859375 0.33333333333333 0.32 0.33333333333333 0.39285714285714 0.41379310344828 0.54838709677419 0.58620689655172 0.6 0.48148148148148 0.55172413793103 
1262307909 0.12307692307692 0.44827586206897 0.86153846153846 0.33333333333333 0.32 0.33333333333333 0.39285714285714 0.41379310344828 0.54838709677419 0.58620689655172 0.6 0.48148148148148 0.55172413793103 
1262307922 0.12307692307692 0.44827586206897 0.86153846153846 0.33333333333333 0.32 0.33333333333333 0.39285714285714 0.41379310344828 0.54838709677419 0.58620689655172 0.6 0.48148148148148 0.55172413793103 
1262307947 0.12307692307692 0.44827586206897 0.86153846153846 0.33333333333333 0.32 0.33333333333333 0.39285714285714 0.41379310344828 0.54838709677419 0.58620689655172 0.6 0.48148148148148 0.55172413793103 
1262308004 0.13235294117647 0.44827586206897 0.86153846153846 0.33333333333333 0.32 0.33333333333333 0.39285714285714 0.41379310344828 0.54838709677419 0.61290322580645 0.58064516129032 0.46428571428571 0.58064516129032 
1262308009 0.13235294117647 0.44827586206897 0.84285714285714 0.33333333333333 0.32 0.33333333333333 0.39285714285714 0.41379310344828 0.54838709677419 0.61290322580645 0.58064516129032 0.46428571428571 0.58064516129032 
1262308022 0.13235294117647 0.44827586206897 0.84285714285714 0.33333333333333 0.32 0.33333333333333 0.39285714285714 0.41379310344828 0.54838709677419 0.61290322580645 0.58064516129032 0.46428571428571 0.58064516129032 
1262308047 0.13235294117647 0.44827586206897 0.84285714285714 0.33333333333333 0.33333333333333 0.33333333333333 0.39285714285714 0.41379310344828 0.54838709677419 0.61290322580645 0.58064516129032 0.46428571428571 0.58064516129032 
1262308104 0.14285714285714 0.44827586206897 0.84285714285714 0.33333333333333 0.33333333333333 0.33333333333333 0.39285714285714 0.38709677419355 0.54838709677419 0.61290322580645 0.58064516129032 0.46428571428571 0.58064516129032 
1262308109 0.14285714285714 0.44827586206897 0.84507042253521 0.33333333333333 0.33333333333333 0.33333333333333 0.39285714285714 0.38709677419355 0.54838709677419 0.61290322580645 0.58064516129032 0.46428571428571 0.58064516129032 
1262308122 0.14285714285714 0.44827586206897 0.84507042253521 0.33333333333333 0.33333333333333 0.31034482758621 0.39285714285714 0.38709677419355 0.54838709677419 0.61290322580645 0.58064516129032 0.46428571428571 0.58064516129032 
1262308147 0.14285714285714 0.44827586206897 0.84507042253521 0.33333333333333 0.32142857142857 0.31034482758621 0.39285714285714 0.38709677419355 0.54838709677419 0.61290322580645 0.58064516129032 0.46428571428571 0.58064516129032 
1262308204 0.14285714285714 0.44827586206897 0.84507042253521 0.33333333333333 0.32142857142857 0.31034482758621 0.43333333333333 0.375 0.5625 0.59375 0.57575757575758 0.46428571428571 0.59375 
1262308209 0.14285714285714 0.44827586206897 0.83333333333333 0.33333333333333 0.32142857142857 0.31034482758621 0.43333333333333 0.375 0.5625 0.59375 0.57575757575758 0.46428571428571 0.59375 
1262308222 0.14285714285714 0.44827586206897 0.83333333333333 0.33333333333333 0.32142857142857 0.31034482758621 0.43333333333333 0.375 0.5625 0.59375 0.57575757575758 0.46428571428571 0.59375 
1262308247 0.14285714285714 0.44827586206897 0.83333333333333 0.33333333333333 0.32142857142857 0.31034482758621 0.43333333333333 0.375 0.5625 0.59375 0.57575757575758 0.46428571428571 0.59375 
1262308304 0.14285714285714 0.44827586206897 0.83333333333333 0.33333333333333 0.32142857142857 0.31034482758621 0.43333333333333 0.375 0.5625 0.59375 0.57575757575758 0.48275862068966 0.59375 
1262308309 0.14285714285714 0.44827586206897 0.83333333333333 0.33333333333333 0.32142857142857 0.31034482758621 0.43333333333333 0.375 0.5625 0.59375 0.57575757575758 0.48275862068966 0.59375 
1262308322 0.14285714285714 0.44827586206897 0.83333333333333 0.33333333333333 0.32142857142857 0.31034482758621 0.43333333333333 0.375 0.5625 0.59375 0.57575757575758 0.48275862068966 0.59375 
1262308347 0.14285714285714 0.44827586206897 0.83333333333333 0.33333333333333 0.31034482758621 0.31034482758621 0.43333333333333 0.375 0.5625 0.59375 0.57575757575758 0.48275862068966 0.59375 
1262308404 0.14285714285714 0.43333333333333 0.83333333333333 0.33333333333333 0.31034482758621 0.31034482758621 0.41935483870968 0.39393939393939 0.5625 0.57575757575758 0.57575757575758 0.5 0.57575757575758 
1262308409 0.14285714285714 0.43333333333333 0.83333333333333 0.33333333333333 0.31034482758621 0.31034482758621 0.41935483870968 0.39393939393939 0.5625 0.57575757575758 0.57575757575758 0.5 0.57575757575758 
1262308422 0.14285714285714 0.43333333333333 0.83333333333333 0.33333333333333 0.31034482758621 0.31034482758621 0.41935483870968 0.39393939393939 0.5625 0.57575757575758 0.57575757575758 0.5 0.57575757575758 
1262308447 0.14285714285714 0.43333333333333 0.83333333333333 0.33333333333333 0.3 0.31034482758621 0.41935483870968 0.39393939393939 0.5625 0.57575757575758 0.57575757575758 0.5 0.57575757575758 
