arrived:	node1#19	1
arrived:	node1#5	1
arrived:	node1#14	1
arrived:	node1#7	1
arrived:	node3#17	1
arrived:	node1#42	1
arrived:	node3#54	1
arrived:	node1#24	1
arrived:	node1#21	1
arrived:	node1#15	1
arrived:	node1#34	1
arrived:	node3#52	1
arrived:	node3#20	1
arrived:	node1#27	1
arrived:	node1#18	1
arrived:	node3#19	1
arrived:	node3#55	1
arrived:	node1#2	1
arrived:	node1#1	1
arrived:	node1#3	1
arrived:	node1#32	1
arrived:	node1#33	1
arrived:	node1#23	1
arrived:	node1#28	1
arrived:	node1#31	1
arrived:	node1#8	1
arrived:	node1#4	1
arrived:	node1#12	1
arrived:	node1#16	1
arrived:	node3#53	1
arrived:	node3#23	1
arrived:	node3#21	1
arrived:	node1#29	1
arrived:	node1#10	1
arrived:	node1#26	1
arrived:	node1#30	1
arrived:	node1#20	1
arrived:	node1#35	1
arrived:	node1#11	1
arrived:	node1#36	1
arrived:	node1#13	1
arrived:	node3#24	1
arrived:	node1#22	1
NOTIFS:
node3	:	60	sent
node1	:	60	sent
SUBS:
on	node1
	node1	:	33	received
on	node3
	node3	:	10	received
1262304604 0 - 1 - - - - - - - - - - 
1262304704 0 - 1 - - - - - - 1 - 1 - 
1262304804 0 - 1 - - - - - - 1 - 1 - 
1262304904 0 - 1 - - - - - 1 1 1 1 1 
1262305004 0 - 1 0 - - 1 - 1 1 1 1 1 
1262305104 0 - 1 0 - 1 1 - 1 1 1 1 1 
1262305204 0 1 1 0 0.83333333333333 0.83333333333333 1 - 1 1 1 1 1 
1262305304 0.21428571428571 1 1 0 0 0 0.625 0 1 1 1 1 1 
1262305404 0.26666666666667 1 1 0 0 0 0 0 1 1 1 1 1 
1262305504 0.23529411764706 1 1 0 0 0 0 0 1 1 1 1 1 
1262305604 0.21052631578947 1 1 0 0 0 0 0 1 1 1 1 1 
1262305704 0.2 1 1 0 0 0 0 0.4 1 1 1 1 1 
1262305804 0.18181818181818 1 1 0 0 0 0 0.4 1 1 1 1 1 
1262305904 0.16666666666667 1 1 1 0 0 1 0.4 1 1 1 1 1 
1262306004 0.52 1 1 1 0 0.9 0.1 0.8 1 1 1 1 1 
1262306104 0.48148148148148 1 1 1 0 0.9 0 0.8 1 1 1 1 1 
1262306204 0.44827586206897 1 1 0.8 0 0.9 0 0.8 1 1 1 1 1 
1262306304 0.43333333333333 0.1 1 0.3 0 0.8 0 0.8 1 1 1 0.2 1 
1262306404 0.5625 0.1 1 0.4 0 0.8 0 0.8 1 1 0.1 0.1 0.1 
1262306504 0.52941176470588 0.1 1 0.4 0 0.8 0 0.8 0.4 1 0.1 0.1 0.1 
1262306604 0.51428571428571 0.1 1 0.4 0 0.8 0 0.8 0.3 1 0.1 1 0.4 
1262306704 0.48648648648649 0.1 0.89189189189189 0.4 0 0.8 0 0.8 0.3 0.4 0.1 1 0.4 
1262306804 0.46153846153846 0.1 0.8974358974359 0.3 0 0.8 0 0.8 0.3 0.4 0.1 1 0.4 
1262306904 0.45 1 0.9 0.3 0 0.8 0 0.9 1 0.2 1 1 0.4 
1262307004 0.42857142857143 1 0.9047619047619 0 0 1 0 0.9 1 0.2 1 1 0.4 
1262307104 0.40909090909091 1 0.90909090909091 0 0 1 1 1 1 0.2 1 1 0.4 
1262307204 0.55555555555556 1 0.91111111111111 0.9 0.8 0 1 0.9 1 0.2 1 1 0.4 
1262307304 0.59574468085106 1 0.91489361702128 0.6 0.7 0 1 0.6 1 0.2 1 1 0.4 
1262307404 0.57142857142857 1 0.91836734693878 0.6 0.7 0 0.7 0.5 1 0.7 1 1 0.4 
1262307504 0.6 0.6 0.92 0.6 0.9 0 0.3 0.3 1 0.7 0.7 1 0.4 
1262307604 0.57692307692308 0.6 0.92307692307692 0.6 0.9 0 0 0.2 1 0.7 0.6 0.6 0.4 
1262307704 0.55555555555556 0.6 0.92592592592593 0.6 0.9 0 0 0.2 1 0.7 0.6 0.6 0.4 
1262307804 0.58181818181818 0.6 0.92727272727273 0.3 0.2 0 0.8 0.4 1 0.7 0.6 0.6 0.4 
1262307904 0.56140350877193 0.6 0.92982456140351 0.3 0.1 0 0.8 0.6 1 0.7 0.6 0.6 0.1 
1262308004 0.54237288135593 0.6 0.93220338983051 0.3 0.1 0 0.8 0.6 1 1 0.6 1 0.1 
1262308104 0.53333333333333 0.2 0.93333333333333 0.3 0 0 0.8 0.6 1 1 0.6 0.6 0.1 
1262308204 0.53333333333333 0.2 0.93333333333333 0.3 0 0 0.8 0.6 1 1 1 0.6 0.4 
1262308304 0.53333333333333 0.2 0.93333333333333 0.3 0 0 0.8 0.6 1 1 1 0.6 0.4 
1262308404 0.53333333333333 0.2 0.9 0.3 0 0 0.8 0.6 1 1 1 0.6 0.4 
