arrived:	node1#5	1
arrived:	node3#7	1
arrived:	node3#9	1
arrived:	node1#7	1
arrived:	node3#17	1
arrived:	node3#22	1
arrived:	node3#15	1
arrived:	node3#30	1
arrived:	node3#12	1
arrived:	node1#34	1
arrived:	node3#20	1
arrived:	node3#1	1
arrived:	node3#19	1
arrived:	node1#46	1
arrived:	node1#2	1
arrived:	node1#1	1
arrived:	node1#3	1
arrived:	node1#26	1
arrived:	node3#46	1
arrived:	node1#33	1
arrived:	node3#21	1
arrived:	node3#18	1
arrived:	node3#36	1
arrived:	node3#45	1
arrived:	node1#8	1
arrived:	node1#4	1
arrived:	node3#16	1
arrived:	node1#12	1
arrived:	node3#42	1
arrived:	node3#35	1
arrived:	node3#29	1
arrived:	node3#33	1
arrived:	node3#10	1
arrived:	node3#38	1
arrived:	node3#34	1
arrived:	node3#39	1
arrived:	node3#13	1
arrived:	node3#37	1
arrived:	node3#44	1
arrived:	node3#14	1
arrived:	node1#21	1
arrived:	node3#11	1
arrived:	node1#6	1
arrived:	node3#41	1
arrived:	node3#24	1
arrived:	node3#23	1
NOTIFS:
node3	:	60	sent
node1	:	60	sent
SUBS:
on	node1
	node1	:	14	received
on	node3
	node3	:	32	received
1262304604 0 - 1 - - - - - - - - - - 
1262304704 0 - 1 0 - - 0 0 - - - - - 
1262304804 0 - 1 0 - - 0 0 - - - - - 
1262304904 0 - 1 0 - - 0 0 - 1 - 1 - 
1262305004 0 - 1 0 0 - 0 0 - 1 - 1 1 
1262305104 0 0 1 0 0 - 0 0 - 1 0 1 1 
1262305204 0 0.8 1 0.1 0 - 0 0 - 1 0.1 0.8 1 
1262305304 0 0.8 1 0.8 0 0.8 0 0 1 1 0.1 0.8 1 
1262305404 0.4 0.8 1 0.4 0 0.8 0.7 0 1 1 0.1 0.8 0.1 
1262305504 0.35294117647059 0.9 1 0.3 0 0.8 0.8 0 1 1 0.1 0.8 0.1 
1262305604 0.31578947368421 0.9 1 0.3 0 0.8 0.8 0 0 1 0.1 0.9 0.1 
1262305704 0.3 0.6 0.95 0.3 0 0.8 0.8 0 0 0.9 0 0.9 0 
1262305804 0.27272727272727 0.6 0.95454545454545 0.3 0 0.8 0.8 0 0 0.9 0 0.9 0 
1262305904 0.25 0.3 0.95833333333333 0.3 0 0.8 0.8 0 0 0.9 0 0.9 0 
1262306004 0.24 0.3 0.96 0.3 0 0.8 0.8 0 0 0.9 0 0.9 1 
1262306104 0.22222222222222 0.3 0.92592592592593 0.3 0 0 0.9 0 0 0.9 0 0.7 0.9 
1262306204 0.20689655172414 0.7 0.6551724137931 0.3 0 0 0.9 0 0.4 0.9 0 0.7 0.9 
1262306304 0.23333333333333 0.7 0.66666666666667 0.3 0 0.1 0.9 0 0.4 0.9 0 0.7 0.9 
1262306404 0.21875 0.7 0.6875 0.3 0 0.1 0.9 0 0.8 0.3 0 1 0.9 
1262306504 0.20588235294118 0.2 0.70588235294118 0.3 0 0.1 0.9 0 0.9 0.2 0 1 0.7 
1262306604 0.2 0 0.71428571428571 0.3 0.2 0.1 0.9 0 0.9 0.3 0 0.2 0.7 
1262306704 0.18918918918919 0 0.72972972972973 0.3 0.2 0.1 0.9 0 0.6 0.7 0 0 0.7 
1262306804 0.17948717948718 0 0.74358974358974 0.5 0.4 0.1 0.9 0 0.1 0.7 0 0 1 
1262306904 0.175 0 0.75 0.5 0.4 0.5 0.9 0 0.1 0.7 0 0 1 
1262307004 0.23809523809524 0 0.76190476190476 0.2 0.4 0.5 0.9 0 0.1 0.7 0 0 1 
1262307104 0.22727272727273 0 0.56818181818182 0.1 0 0.1 1 0 1 0.7 0 0 1 
1262307204 0.22222222222222 0 0.57777777777778 0.1 0 0.1 1 0 1 0.7 0 0 0.9 
1262307304 0.21276595744681 0 0.57446808510638 0.1 0 0.1 1 0 1 0.7 0 1 0.9 
1262307404 0.20408163265306 0 0.59183673469388 0 0 0.1 1 0 1 0.7 0 1 0.9 
1262307504 0.2 0.1 0.6 0 0 0.1 1 0 0 0.7 0 1 1 
1262307604 0.19230769230769 0.1 0.61538461538462 0 0 0.1 1 0 0 0 0 1 1 
1262307704 0.18518518518519 0.1 0.62962962962963 0 0 0.1 1 0 0 0 0 1 1 
1262307804 0.18181818181818 0.1 0.63636363636364 0 0 0.1 1 0 0.4 0 0 1 1 
1262307904 0.19298245614035 1 0.64912280701754 0 0 0.1 0 0 0.4 0 0 0.2 1 
1262308004 0.1864406779661 1 0.55932203389831 0.7 0 0.1 0.1 0 1 0 0 0.2 1 
1262308104 0.18333333333333 1 0.56666666666667 1 0 0.1 0.1 0 1 0 0 0.2 1 
1262308204 0.18333333333333 0.1 0.56666666666667 1 0.1 0.1 0.1 0 1 0 0 0.9 1 
1262308304 0.18333333333333 0.1 0.46666666666667 1 0.1 0.1 0.1 0.9 1 0 0 0.9 1 
1262308404 0.2 0.1 0.46666666666667 1 0.1 0 0.1 0.9 1 0 0 0.9 1 
