arrived:	node1#19	1
arrived:	node3#7	1
arrived:	node3#9	1
arrived:	node1#14	1
arrived:	node3#17	1
arrived:	node3#4	1
arrived:	node1#38	1
arrived:	node1#21	1
arrived:	node3#5	1
arrived:	node3#52	1
arrived:	node3#20	1
arrived:	node3#2	1
arrived:	node3#55	1
arrived:	node3#57	1
arrived:	node1#1	1
arrived:	node1#26	1
arrived:	node1#33	1
arrived:	node1#31	1
arrived:	node1#4	1
arrived:	node3#16	1
arrived:	node1#39	1
arrived:	node1#16	1
arrived:	node3#53	1
arrived:	node1#29	1
arrived:	node1#37	1
arrived:	node1#20	1
arrived:	node1#11	1
arrived:	node1#17	1
arrived:	node1#5	1
arrived:	node3#51	1
arrived:	node3#27	1
arrived:	node3#54	1
arrived:	node3#15	1
arrived:	node1#24	1
arrived:	node3#12	1
arrived:	node3#3	1
arrived:	node1#27	1
arrived:	node3#1	1
arrived:	node1#25	1
arrived:	node3#6	1
arrived:	node1#3	1
arrived:	node1#32	1
arrived:	node3#21	1
arrived:	node1#28	1
arrived:	node3#59	1
arrived:	node3#14	1
arrived:	node3#8	1
arrived:	node1#22	1
arrived:	node1#40	1
arrived:	node3#56	1
arrived:	node3#47	1
arrived:	node3#19	1
arrived:	node3#23	1
arrived:	node3#10	1
arrived:	node1#34	1
arrived:	node3#26	1
arrived:	node1#18	1
arrived:	node1#41	1
arrived:	node3#13	1
arrived:	node1#2	1
arrived:	node3#18	1
arrived:	node1#23	1
arrived:	node3#11	1
arrived:	node1#36	1
arrived:	node3#58	1
arrived:	node3#24	1
arrived:	node1#12	1
NOTIFS:
node3	:	60	sent
node1	:	60	sent
SUBS:
on	node1
	node1	:	32	received
on	node3
	node3	:	35	received
1262304604 0 - 1 - - - - - 1 - - 1 1 
1262304704 0 - 1 0 0 - - - 1 1 - 1 1 
1262304804 0 - 1 0 0 - 0 - 1 1 1 1 1 
1262304904 0 0.5 1 0 0.5 0 0 0 0.57142857142857 1 1 0.57142857142857 1 
1262305004 0 0.5 1 0 0.5 0.5 0 0.55555555555556 0.5 1 1 0.5 1 
1262305104 0 0.5 1 0 0.5 0.5 0 0.55555555555556 1 1 1 0.5 0.55555555555556 
1262305204 0.16666666666667 0.55555555555556 1 0.2 0.2 0.4 0.5 0.55555555555556 1 1 1 0.55555555555556 0.55555555555556 
1262305304 0.21428571428571 0.55555555555556 1 0.5 0.2 0.4 0.5 0.2 1 1 1 0.55555555555556 0.55555555555556 
1262305404 0.2 0 1 0.5 0.2 0.4 0.5 0 1 1 0 0.55555555555556 0.6 
1262305504 0.17647058823529 0 0.76470588235294 0.5 0.1 0.4 0.5 0 1 0.6 0 0.55555555555556 0.8 
1262305604 0.21052631578947 0 0.78947368421053 0.5 0.1 0.5 1 0 1 0.6 0 0.55555555555556 0.9 
1262305704 0.2 0 0.8 0.5 0.1 0.5 0.6 0 1 0 0 0.1 0.9 
1262305804 0.18181818181818 0 0.45454545454545 0.5 0.1 0.5 0.6 0 1 0 0.9 0 0 
1262305904 0.16666666666667 0 0.5 0.5 0.5 0.5 0.4 0 1 0 0.9 0 0 
1262306004 0.16 0 0.52 0.5 0.5 0.5 0.4 0 1 0 0.9 0 0 
1262306104 0.14814814814815 0 0.51851851851852 0.5 0.5 0.5 0.4 0 1 0.9 0.5 0 0.4 
1262306204 0.13793103448276 0.5 0.55172413793103 0.5 0.5 0.5 0.1 1 1 1 0.5 0 0.9 
1262306304 0.13333333333333 0.5 0.56666666666667 0.6 0.5 1 0 1 1 1 0.5 0 1 
1262306404 0.125 0.5 0.59375 0.6 0.5 1 0 1 1 1 0.6 0 1 
1262306504 0.11764705882353 0.5 0.38235294117647 0.6 0.5 1 0 1 1 1 0.6 0 1 
1262306604 0.11428571428571 0.6 0.4 1 0.5 1 0.4 1 1 1 0.6 0 1 
1262306704 0.2972972972973 0.6 0.43243243243243 0 1 1 0.4 0 1 1 0.6 0 1 
1262306804 0.28205128205128 0.6 0.35897435897436 0 1 1 0.4 0 1 0.6 0.6 0.3 1 
1262306904 0.325 0.6 0.375 0 1 1 0.2 0 1 0.6 1 0.3 1 
1262307004 0.30952380952381 0.6 0.4047619047619 0 1 1 0.2 0 1 0.6 1 0.6 1 
1262307104 0.45454545454545 0.7 0.43181818181818 0 1 1 0.2 0 1 0.6 1 0.6 1 
1262307204 0.44444444444444 0.5 0.44444444444444 0.1 1 1 0.1 0.7 1 0.4 1 0.6 1 
1262307304 0.42553191489362 0.5 0.46808510638298 0.1 1 1 0 0.7 1 0.4 1 0.6 1 
1262307404 0.40816326530612 0.5 0.48979591836735 0.6 1 1 0 0.3 1 0.4 1 1 1 
1262307504 0.4 0.5 0.5 0.6 1 1 0 0.4 1 0.4 0.5 1 1 
1262307604 0.38461538461538 0.3 0.51923076923077 0.6 1 1 0 0.4 1 0.4 0.5 1 1 
1262307704 0.37037037037037 0 0.53703703703704 0.6 1 1 0 0.6 1 0.4 1 1 1 
1262307804 0.36363636363636 0 0.54545454545455 0.6 1 1 0 0.6 1 0.4 1 1 1 
1262307904 0.35087719298246 0 0.56140350877193 0.6 1 1 0 0.6 1 1 1 1 1 
1262308004 0.33898305084746 0 0.57627118644068 0 1 1 0 0.3 1 1 1 1 1 
1262308104 0.33333333333333 0 0.58333333333333 0 1 1 0 0 1 1 1 1 1 
1262308204 0.5 0.7 0.58333333333333 0 1 1 0 0 1 0.6 1 1 1 
1262308304 0.5 0.7 0.41666666666667 0.1 1 1 0 0 1 0 0 1 0 
1262308404 0.51666666666667 0.7 0.41666666666667 0.1 1 1 0 0.7 1 0 0.3 1 0.3 
