arrived:	node3#7	1
arrived:	node3#9	1
arrived:	node3#49	1
arrived:	node3#17	1
arrived:	node3#4	1
arrived:	node1#38	1
arrived:	node3#30	1
arrived:	node3#5	1
arrived:	node3#2	1
arrived:	node3#29	1
arrived:	node1#43	1
arrived:	node1#1	1
arrived:	node1#31	1
arrived:	node3#16	1
arrived:	node1#39	1
arrived:	node3#53	1
arrived:	node1#29	1
arrived:	node1#37	1
arrived:	node1#20	1
arrived:	node1#11	1
arrived:	node1#6	1
arrived:	node1#17	1
arrived:	node3#43	1
arrived:	node1#5	1
arrived:	node3#45	1
arrived:	node3#51	1
arrived:	node1#7	1
arrived:	node3#27	1
arrived:	node1#42	1
arrived:	node3#54	1
arrived:	node3#15	1
arrived:	node1#24	1
arrived:	node3#12	1
arrived:	node1#10	1
arrived:	node3#3	1
arrived:	node3#44	1
arrived:	node1#27	1
arrived:	node3#1	1
arrived:	node1#25	1
arrived:	node1#2	1
arrived:	node1#32	1
arrived:	node3#34	1
arrived:	node1#28	1
arrived:	node3#48	1
arrived:	node3#59	1
arrived:	node3#8	1
arrived:	node3#28	1
arrived:	node1#40	1
arrived:	node1#30	1
arrived:	node3#55	1
arrived:	node3#18	1
arrived:	node3#33	1
arrived:	node3#10	1
arrived:	node1#35	1
arrived:	node3#6	1
arrived:	node3#32	1
arrived:	node1#41	1
arrived:	node3#31	1
arrived:	node3#35	1
arrived:	node3#41	1
arrived:	node3#39	1
arrived:	node3#11	1
arrived:	node1#36	1
arrived:	node3#58	1
arrived:	node3#14	1
arrived:	node3#13	1
NOTIFS:
node3	:	60	sent
node1	:	60	sent
SUBS:
on	node1
	node1	:	26	received
on	node3
	node3	:	40	received
1262304604 0 - 1 - - - - - - - - - - 
1262304704 0 - 1 - - - - - - - - - 1 
1262304804 0 - 1 - - - - - - - - - 1 
1262304904 0 - 1 0 - 0 - - - - - - 1 
1262305004 0 - 1 0 - 0 - - - - - - 1 
1262305104 0 0 1 0 0 0 0 0 1 - - 1 1 
1262305204 0 0 1 0 0 0 0 0 1 1 - 1 1 
1262305304 0 0.1 1 0 0 0 0 0 0.8 1 0.8 1 1 
1262305404 0 0.1 1 0 0 0 0.4 0 0.1 1 0.4 0.4 1 
1262305504 0 0.1 1 0 0.1 0 0.7 0 0.1 0.5 0.8 0.1 1 
1262305604 0 0.1 0.89473684210526 0 0.1 0 0.7 0 0.1 0.1 1 0.1 1 
1262305704 0 0.1 0.6 0 0.7 0.8 0.8 0 0.1 0.1 1 0.1 1 
1262305804 0 0.1 0.59090909090909 0.1 0.7 0.8 0.8 0 0.1 0.1 1 0.1 1 
1262305904 0 0.1 0.625 0.1 0.7 0.8 0.8 0 0.1 0.1 0.9 0.1 1 
1262306004 0 0.1 0.64 0.1 0.7 0.8 0.8 0 0.5 0.1 0.9 0.1 1 
1262306104 0.2962962962963 0.1 0.66666666666667 0.1 0 0.6 0.4 0 0.9 0.2 0.9 0.1 1 
1262306204 0.27586206896552 0.1 0.68965517241379 0.1 0 0.1 0.4 0 0.9 0.2 0.9 0.1 1 
1262306304 0.26666666666667 0.1 0.7 0.1 0 0.1 0.4 0 1 0.7 0.9 0.1 1 
1262306404 0.25 0.1 0.71875 0.2 0 0.1 0.4 0 0 0.7 0.9 0.1 1 
1262306504 0.23529411764706 0.1 0.73529411764706 0.2 0.1 0.8 0.2 0 0 0.7 1 0.1 0.8 
1262306604 0.22857142857143 0.2 0.74285714285714 0.8 0.2 0.8 0.2 0 0 0.7 1 0.1 0.1 
1262306704 0.21621621621622 0.7 0.75675675675676 0.8 0.8 0.8 0.8 0 0 0.2 0.5 0.1 0.5 
1262306804 0.20512820512821 0.7 0.76923076923077 0.7 0.8 0.8 0.8 0 0 0.2 0.5 0 0.5 
1262306904 0.2 0.9 0.775 0.7 0.8 0.8 0.8 0 0 0.2 0.5 0 0.5 
1262307004 0.19047619047619 0.9 0.66666666666667 0.7 0.8 0.8 0.8 0 0 0 0.7 0 0.5 
1262307104 0.34090909090909 0.9 0.68181818181818 0 0 0.8 0.8 0 0 0 0.8 0 1 
1262307204 0.33333333333333 1 0.68888888888889 0 0 1 0.8 0 0 0.6 0.4 0 0.6 
1262307304 0.31914893617021 1 0.5531914893617 0 0 1 0 0 0 0.6 0.4 0 0.6 
1262307404 0.30612244897959 1 0.57142857142857 0 0 1 0 0 0 0.6 0.3 0 0.6 
1262307504 0.3 1 0.58 0 1 1 0 0 0 1 0.3 0 0.6 
1262307604 0.28846153846154 0 0.59615384615385 1 0.2 1 0.3 0 0 1 0.3 0 0.6 
1262307704 0.46296296296296 0 0.61111111111111 1 0 1 0.3 0 0 1 1 0 1 
1262307804 0.45454545454545 0 0.61818181818182 1 0 1 0.3 0 0 1 1 0 1 
1262307904 0.45614035087719 0 0.63157894736842 0 0 1 0.3 0 0 0.1 0.1 0 0.1 
1262308004 0.44067796610169 0 0.6271186440678 0.1 0 1 0.3 0 0 0.1 0 0 0.1 
1262308104 0.43333333333333 0 0.5 0.1 0 1 0.3 0 0 0.1 0 1 0.1 
1262308204 0.43333333333333 0 0.5 0.1 0 1 0.4 0 0 0 0 1 0 
1262308304 0.43333333333333 0 0.5 0.1 0.1 1 0.7 0 0 0 0 1 0 
1262308404 0.43333333333333 0 0.5 0.1 0.1 1 0.7 0 0 0 0 1 0 
