arrived:	node1#44	1
arrived:	node1#5	1
arrived:	node1#14	1
arrived:	node1#30	1
arrived:	node3#17	1
arrived:	node3#22	1
arrived:	node1#38	1
arrived:	node1#35	1
arrived:	node1#21	1
arrived:	node1#10	1
arrived:	node1#34	1
arrived:	node1#9	1
arrived:	node1#18	1
arrived:	node3#37	1
arrived:	node1#46	1
arrived:	node1#2	1
arrived:	node1#1	1
arrived:	node1#3	1
arrived:	node1#32	1
arrived:	node3#32	1
arrived:	node1#33	1
arrived:	node3#30	1
arrived:	node1#28	1
arrived:	node3#23	1
arrived:	node1#31	1
arrived:	node1#55	1
arrived:	node1#8	1
arrived:	node1#4	1
arrived:	node1#47	1
arrived:	node1#40	1
arrived:	node1#49	1
arrived:	node1#39	1
arrived:	node1#52	1
arrived:	node1#16	1
arrived:	node1#53	1
arrived:	node1#54	1
arrived:	node1#43	1
arrived:	node1#41	1
arrived:	node1#37	1
arrived:	node1#51	1
arrived:	node1#19	1
arrived:	node1#20	1
arrived:	node1#7	1
arrived:	node1#45	1
arrived:	node1#6	1
arrived:	node1#17	1
arrived:	node1#15	1
arrived:	node1#36	1
NOTIFS:
node3	:	60	sent
node1	:	60	sent
SUBS:
on	node1
	node1	:	42	received
on	node3
	node3	:	6	received
1262304604 0 - 1 - - - - - - - - - - 
1262304704 0 - 1 - - - - - - - - - - 
1262304804 0 - 1 - - - - - 1 1 1 1 1 
1262304904 0 - 1 - - - - - 1 1 1 1 1 
1262305004 0 1 1 - - - - - 1 1 1 1 1 
1262305104 0 1 1 - - - - - 1 1 1 1 1 
1262305204 0 1 1 1 - - 1 - 1 1 1 1 1 
1262305304 0 1 1 1 1 1 1 - 1 1 1 1 1 
1262305404 0 1 1 1 1 1 1 1 1 1 1 1 1 
1262305504 0 1 1 1 1 1 1 1 1 1 1 1 1 
1262305604 0 1 1 1 1 1 1 1 1 1 1 1 1 
1262305704 0 1 1 1 1 1 1 1 1 1 1 1 1 
1262305804 0.45454545454545 1 1 0 1 1 1 1 1 1 1 1 1 
1262305904 0.41666666666667 1 1 0 1 1 1 1 1 1 1 1 1 
1262306004 0.4 1 1 0 0.8 1 1 1 1 1 1 1 1 
1262306104 0.37037037037037 1 1 0.3 0.5 0 1 1 1 1 1 1 1 
1262306204 0.48275862068966 1 1 0.4 0.3 0.1 0 1 1 1 1 1 1 
1262306304 0.46666666666667 1 1 0.4 0.1 0.1 0 1 1 1 1 1 1 
1262306404 0.4375 1 1 0.4 0.1 0.1 0 1 1 1 1 1 1 
1262306504 0.41176470588235 0.4 1 0.8 0.1 0.1 0 1 1 1 1 1 1 
1262306604 0.4 0.4 1 0.8 0.4 0.1 0 1 1 1 1 1 1 
1262306704 0.45945945945946 0.4 1 0 0.4 0.1 0 1 1 1 1 1 0.4 
1262306804 0.43589743589744 0.7 1 0 0.4 0.2 0 1 0.7 1 0.5 1 1 
1262306904 0.45 1 1 0 0.1 0.2 0.4 1 0.7 1 0.5 0.6 1 
1262307004 0.42857142857143 1 1 0.5 0.1 0.2 1 1 0.7 0.2 0.5 0.6 1 
1262307104 0.40909090909091 1 0.93181818181818 0.5 0.1 0.2 1 1 0.7 0.2 0.5 0.6 1 
1262307204 0.4 1 0.93333333333333 0.5 0.1 0.2 1 1 0.7 0.2 0.9 0.6 0.9 
1262307304 0.38297872340426 0.2 0.91489361702128 0.5 1 0.2 0.7 1 0.7 0.2 0.9 0.7 0.9 
1262307404 0.36734693877551 0.2 0.91836734693878 0.7 1 0.2 0.7 1 0.9 0.2 0.9 0.9 0.9 
1262307504 0.48 0.2 0.92 0 1 0.2 0.7 1 0.9 0 1 0.9 0.9 
1262307604 0.53846153846154 0.6 0.92307692307692 0 1 0.2 0.8 1 0 0 1 0 0.9 
1262307704 0.51851851851852 0.6 0.92592592592593 0 1 0.2 0.8 1 0 0 1 0 0.9 
1262307804 0.50909090909091 0.5 0.92727272727273 0.8 0 0.2 0.8 1 0 0 1 0 0.9 
1262307904 0.49122807017544 0.5 0.89473684210526 0.8 0 0.2 0.8 1 1 0 1 0 1 
1262308004 0.50847457627119 0.5 0.89830508474576 0.2 0 0.2 0.8 1 1 0 1 1 1 
1262308104 0.6 0.6 0.9 0 0.6 0.1 0.8 1 1 0 0.2 1 1 
1262308204 0.6 0.6 0.9 0 0.6 0 0.8 1 1 0 0.2 1 1 
1262308304 0.6 0.8 0.9 0 0.6 0 0.8 1 0.2 0 0.2 1 1 
1262308404 0.6 0.9 0.9 0 0.6 0 0.8 1 0.2 0 0.2 1 1 
