arrived:	node3#7	1
arrived:	node3#9	1
arrived:	node1#30	1
arrived:	node3#4	1
arrived:	node1#42	1
arrived:	node1#24	1
arrived:	node3#12	1
arrived:	node3#3	1
arrived:	node1#9	1
arrived:	node1#27	1
arrived:	node3#1	1
arrived:	node3#19	1
arrived:	node3#6	1
arrived:	node1#26	1
arrived:	node3#38	1
arrived:	node1#33	1
arrived:	node1#28	1
arrived:	node1#31	1
arrived:	node3#34	1
arrived:	node3#37	1
arrived:	node3#44	1
arrived:	node3#10	1
arrived:	node3#45	1
arrived:	node1#32	1
arrived:	node1#29	1
arrived:	node1#41	1
arrived:	node3#31	1
arrived:	node3#42	1
arrived:	node3#35	1
arrived:	node1#49	1
arrived:	node1#11	1
arrived:	node1#38	1
arrived:	node3#11	1
arrived:	node1#34	1
arrived:	node1#37	1
NOTIFS:
node3	:	60	sent
node1	:	60	sent
SUBS:
on	node1
	node1	:	17	received
on	node3
	node3	:	18	received
1262304604 0 - 1 - - - - - - - - - - 
1262304704 0 - 1 - - - - - - - - - - 
1262304804 0 - 1 - - - - - - - - - - 
1262304904 0 - 1 - - - - - - - - 1 - 
1262305004 0 1 1 0 - 0 - - 1 1 1 1 1 
1262305104 0 1 1 0 - 0 0 0 1 1 1 1 1 
1262305204 0 1 1 0 0 0 0 0 1 1 1 1 1 
1262305304 0 1 1 0 0 0 0 0 1 1 1 1 1 
1262305404 0 0 1 0.7 0 0 0 0 1 1 1 0 1 
1262305504 0 0 1 0.7 0 0 0 0 1 1 1 0 0 
1262305604 0 0 1 0.7 0 0 0 0 1 1 0 0 0 
1262305704 0 0 1 0.7 0 0 0 0 1 1 0 0.1 0 
1262305804 0 0 0.59090909090909 0.2 0 0 0 0 0.1 0.2 0 1 0 
1262305904 0 0 0.625 0.2 0.2 0 0 0 0.1 0.3 0 1 0 
1262306004 0 0 0.64 0.2 0.2 0 0 0 0.1 0.3 0 1 0 
1262306104 0 0 0.66666666666667 0 0.2 0 0 0.2 0 0.3 0 1 0 
1262306204 0.068965517241379 0 0.68965517241379 0 0.1 0 0 0.2 0 0.3 0 1 0 
1262306304 0.066666666666667 0 0.7 0 0 0 0 0.2 0 0.4 0 1 0 
1262306404 0.0625 0 0.71875 0 0 0 0 0.2 0 1 0 1 0 
1262306504 0.058823529411765 0 0.73529411764706 0 0 0 0 0.2 0 1 0 0 0.1 
1262306604 0.057142857142857 0 0.74285714285714 0 0 0 0 0.2 0 1 0 0 0.1 
1262306704 0.054054054054054 0 0.75675675675676 0 0 0 0 0.2 0 1 0 0 0.1 
1262306804 0.051282051282051 0 0.76923076923077 0 0 0 0 0.2 0 0.9 0.4 0.2 1 
1262306904 0.05 0 0.775 0 0 0 0 0.2 0.6 0.9 0.4 0.2 0.5 
1262307004 0.047619047619048 0.3 0.78571428571429 0 0 0.3 0 0 0.6 0.9 0.4 0.2 0 
1262307104 0.045454545454545 0.3 0.79545454545455 0 0 0.3 0 0 0.7 0.9 1 0.2 0 
1262307204 0.11111111111111 0.3 0.8 0.3 0.3 0.1 0 0 0.7 0.9 1 0.2 0 
1262307304 0.1063829787234 0.5 0.78723404255319 0.3 0.5 0 0 0 0.7 0.9 1 0.4 0.9 
1262307404 0.10204081632653 0.5 0.75510204081633 0.3 0.5 0 0 0 1 0.9 0.2 0.2 1 
1262307504 0.1 0.5 0.76 0.3 0.5 0.2 0 0 1 0.9 0.2 0.2 1 
1262307604 0.096153846153846 1 0.76923076923077 0.5 0.5 0.2 0 0 1 0.9 0.2 0.2 0.7 
1262307704 0.12962962962963 1 0.77777777777778 0.2 0.1 0.2 1 0 1 0.9 0.2 0.2 0.7 
1262307804 0.12727272727273 1 0.78181818181818 0.1 0.1 0.1 1 0.7 0.5 0.9 0.3 0.2 0.5 
1262307904 0.12280701754386 1 0.71929824561404 0.1 0.6 0 0.6 0.7 0.5 0.9 0.3 0.2 0.7 
1262308004 0.11864406779661 1 0.72881355932203 0.1 1 0 0.6 0.7 0.5 0.9 0.3 0.2 0.8 
1262308104 0.23333333333333 1 0.73333333333333 0.7 1 0.7 0.6 0.7 0.5 0.9 0.7 0.2 0.8 
1262308204 0.23333333333333 1 0.73333333333333 0.7 0.7 0.7 0.6 0.7 0.5 0.9 0.7 0.2 0.8 
1262308304 0.23333333333333 1 0.73333333333333 0.7 0.7 0.7 0.6 0.7 0.5 0.9 0.7 0.2 0.8 
1262308404 0.28333333333333 1 0.7 0.7 0.5 0.7 0.6 0.7 0.5 0.9 0.7 0.2 0.8 
