arrived:	node1#44	1
arrived:	node1#32	1
arrived:	node3#9	1
arrived:	node1#14	1
arrived:	node1#30	1
arrived:	node1#28	1
arrived:	node3#49	1
arrived:	node3#3	1
arrived:	node3#43	1
arrived:	node3#45	1
arrived:	node3#16	1
arrived:	node1#12	1
arrived:	node3#15	1
arrived:	node3#42	1
arrived:	node3#12	1
arrived:	node3#6	1
arrived:	node3#38	1
arrived:	node3#11	1
arrived:	node1#34	1
arrived:	node1#29	1
arrived:	node3#13	1
arrived:	node3#44	1
arrived:	node1#27	1
arrived:	node3#14	1
arrived:	node3#2	1
arrived:	node1#49	1
arrived:	node3#47	1
arrived:	node3#41	1
arrived:	node1#26	1
arrived:	node1#43	1
NOTIFS:
node3	:	60	sent
node1	:	60	sent
SUBS:
on	node1
	node1	:	12	received
on	node3
	node3	:	18	received
1262304604 0 - 1 - - - - - - - - - - 
1262304704 0 - 1 - - - - - - - - - - 
1262304804 0 - 1 0 - - - - - - - - - 
1262304904 0 - 1 0 0 0 0 - - - - - - 
1262305004 0 - 1 0 0 0 0 - - - - - - 
1262305104 0 - 1 0 0 0 0 0 - - - - - 
1262305204 0 0 1 0 0 0 0 0 0 - - 0 0 
1262305304 0 0 1 0 0 0 0 0 0 - - 0 0 
1262305404 0 0 1 0 0 0 0 0 0 - 0 0 0 
1262305504 0 0 1 0 0 0 0 0 0 - 0 0 0 
1262305604 0 0 1 0 0 0 0 0 0 0 0 0 0 
1262305704 0 0 1 0 0 0 0 0 0 0 0 0 0 
1262305804 0 0 1 0 0 0 0 0 0 0 0 0 0 
1262305904 0 0 1 0 0 0 0 0 0 0 0 0 0 
1262306004 0 0 0.96 0 0 0 0 0 0 0 1 0.5 0 
1262306104 0 0 0.62962962962963 0 0 0 0 0 0 0 1 1 0 
1262306204 0 0 0.6551724137931 0 0 0 0 0 0 0 1 1 0 
1262306304 0 0 0.66666666666667 0 0 0 0 0 0 0 1 1 0 
1262306404 0 0 0.6875 0 0 0 0 0 0 0 1 1 0 
1262306504 0 0 0.70588235294118 0 0 0 0 0 0 0 0.1 1 0 
1262306604 0 0.1 0.71428571428571 0.1 0 0 0 0.1 0 0 0 1 0 
1262306704 0 0.9 0.72972972972973 1 0 0 0 0.1 0 0 0 1 0 
1262306804 0.025641025641026 0.9 0.74358974358974 0.5 0 0 0.1 0.1 1 0 0 1 0 
1262306904 0.15 0.9 0.75 0.2 0 0 0.6 0.1 1 1 0 1 0 
1262307004 0.14285714285714 0.5 0.76190476190476 0.1 0 0 0.6 0.9 1 1 0 1 0 
1262307104 0.13636363636364 0.7 0.77272727272727 0.1 0 0 0.6 0.9 0.8 0.7 0.7 1 0 
1262307204 0.13333333333333 0.3 0.77777777777778 0 0 0 0.6 0.3 0.7 0.3 1 1 0 
1262307304 0.14893617021277 0.3 0.78723404255319 0 0 0 0.6 0 0.2 0.3 1 1 0 
1262307404 0.14285714285714 0.3 0.79591836734694 0 0 0 0.6 0 0.2 0.3 1 1 0 
1262307504 0.14 0.2 0.76 0.3 0 0 0.6 0 0.1 0.7 0.3 1 0 
1262307604 0.13461538461538 0.3 0.76923076923077 0.4 0 0 0.5 0 0.2 0.4 0 0.4 0 
1262307704 0.12962962962963 0.3 0.7037037037037 0.4 0 0 0.5 0 0.4 0.4 0.1 0.8 0.3 
1262307804 0.12727272727273 0.4 0.70909090909091 0.4 0 0 0.5 0 1 0.4 0.1 0.9 0.3 
1262307904 0.12280701754386 0.5 0.71929824561404 0.9 0 0 0.6 0 1 0.4 0.1 0.9 0.3 
1262308004 0.11864406779661 0.5 0.72881355932203 0.9 0 0 0.6 0 1 0.9 0.5 0.9 0.5 
1262308104 0.11666666666667 0.5 0.73333333333333 0.9 0.3 0 0.5 0.6 0.9 0.9 0.5 0 0.5 
1262308204 0.11666666666667 0.4 0.73333333333333 0.9 0.8 0 0.5 0.6 0.9 0.9 0.5 0 0.5 
1262308304 0.11666666666667 0.4 0.7 0.9 0.8 0 0.5 0.6 0.9 0 0.9 0 0.5 
1262308404 0.11666666666667 0.4 0.7 0.9 0.8 0 0.5 0.6 0.9 0 0.9 0 0.5 
