arrived:	node1#44	1
arrived:	node1#5	1
arrived:	node3#9	1
arrived:	node1#30	1
arrived:	node3#17	1
arrived:	node3#40	1
arrived:	node3#22	1
arrived:	node1#38	1
arrived:	node3#15	1
arrived:	node1#35	1
arrived:	node3#12	1
arrived:	node1#34	1
arrived:	node3#20	1
arrived:	node1#27	1
arrived:	node3#2	1
arrived:	node3#19	1
arrived:	node1#46	1
arrived:	node1#43	1
arrived:	node1#47	1
arrived:	node3#34	1
arrived:	node3#21	1
arrived:	node3#18	1
arrived:	node3#36	1
arrived:	node1#31	1
arrived:	node3#11	1
arrived:	node1#42	1
arrived:	node3#8	1
arrived:	node3#16	1
arrived:	node1#40	1
arrived:	node3#35	1
arrived:	node1#39	1
arrived:	node3#39	1
arrived:	node3#33	1
arrived:	node3#10	1
arrived:	node3#37	1
arrived:	node3#32	1
arrived:	node1#48	1
arrived:	node1#41	1
arrived:	node3#31	1
arrived:	node3#13	1
arrived:	node3#14	1
arrived:	node1#32	1
arrived:	node1#45	1
arrived:	node3#23	1
arrived:	node3#41	1
arrived:	node3#24	1
arrived:	node3#6	1
NOTIFS:
node3	:	60	sent
node1	:	60	sent
SUBS:
on	node1
	node1	:	18	received
on	node3
	node3	:	29	received
1262304604 0 - 1 - 0 - - - - - - - - 
1262304704 0 - 1 - 0 - - - - - - - - 
1262304804 0 - 1 - 0 - 0 - - - - - - 
1262304904 0 0 1 0 0 - 0 0 - - - 0 - 
1262305004 0 0 1 0 0 0 0 0 1 - 1 0 1 
1262305104 0 0 1 0 0 0 0 0 1 0 1 0 1 
1262305204 0 0 1 0 0 0 0 0 1 0 1 0 1 
1262305304 0 0 1 0 0 0 0 0 1 0 1 0 1 
1262305404 0 0 1 0 0 0 0 0.2 0.2 0.2 1 0 1 
1262305504 0 0.2 1 0 0 0 0 0.2 0.2 0.2 1 0.2 0.2 
1262305604 0 0.2 1 0.2 0 0 0 0 0.2 1 1 0.2 0.2 
1262305704 0 0 1 0.3 0 0 0 0 1 1 1 0.4 0.2 
1262305804 0 0 1 0.3 0 0 0.3 0 1 0.3 1 0.4 0 
1262305904 0 0 1 0.3 0 0 0.3 0 1 0.3 1 0.4 0 
1262306004 0 0 1 0.3 0 0 0.3 0 1 0.3 1 0 0 
1262306104 0 0 1 0.3 0 0 0.3 0 0 1 1 0 0 
1262306204 0 0 0.6551724137931 0.3 0 0 0.3 0 0 1 1 0 0 
1262306304 0 0 0.66666666666667 0.6 0 0 0.1 0 0 1 1 0 0 
1262306404 0.03125 0 0.59375 0.6 0 0 0 0 0.8 1 1 0 0 
1262306504 0.029411764705882 0.2 0.61764705882353 0 0 0 0.6 0 0.8 0.2 1 0 0.1 
1262306604 0.028571428571429 0.2 0.62857142857143 0 0 0 0.6 0 1 0.2 1 0 0.4 
1262306704 0.027027027027027 0.2 0.64864864864865 0 0 0 0.6 0 1 0.2 1 0 0.6 
1262306804 0.025641025641026 0.2 0.66666666666667 0 0 0.2 0.6 0 0.6 0.7 1 0 0.6 
1262306904 0.025 0.7 0.6 0 0.7 0.2 0.8 0 0.6 0.7 1 0 0.7 
1262307004 0.023809523809524 0.7 0.61904761904762 0.7 0.7 0.2 0.2 0 0.4 0.7 1 0 0.7 
1262307104 0.022727272727273 0.7 0.59090909090909 0.7 0.7 0.2 0.2 0 0.6 0.7 0.8 0 0.6 
1262307204 0.022222222222222 0.8 0.6 0.7 0.9 0.2 0.2 0 0.6 0.7 0.8 0 0.6 
1262307304 0.021276595744681 0.8 0.57446808510638 0.7 1 0.2 0.2 0 1 1 0.8 0 0.6 
1262307404 0.020408163265306 0.8 0.59183673469388 0.9 1 0.2 0.2 0 1 1 0.8 0 0.6 
1262307504 0.02 0.8 0.6 0.9 1 0.2 0.2 0 1 1 0.8 0 0.6 
1262307604 0.019230769230769 0.7 0.61538461538462 0.9 1 1 0.2 0 1 1 0.8 0 0.6 
1262307704 0.018518518518519 0.9 0.62962962962963 0.9 1 1 0.1 0.1 0 1 1 0 0.6 
1262307804 0.036363636363636 0.9 0.63636363636364 0.9 1 1 0.1 0 0 1 1 0 1 
1262307904 0.15789473684211 0.9 0.64912280701754 0 1 1 0.1 0 0.2 1 0 0 1 
1262308004 0.20338983050847 0.9 0.66101694915254 0.6 1 1 0.1 0.4 0.2 1 0 0 1 
1262308104 0.28333333333333 0.9 0.66666666666667 0.6 1 1 0.1 0.4 0.2 1 0 0 1 
1262308204 0.3 0.9 0.66666666666667 0.6 1 1 0.1 0.4 0.2 1 0 0 1 
1262308304 0.3 0.9 0.66666666666667 0.6 1 1 0 0.4 0.2 1 0 0 1 
1262308404 0.3 0.9 0.66666666666667 0.6 1 1 0 0.4 0.2 1 0 0 1 
