arrived:	node1#26	1
arrived:	node3#9	1
arrived:	node3#43	1
arrived:	node3#32	1
arrived:	node3#17	1
arrived:	node3#36	1
arrived:	node1#31	1
arrived:	node3#34	1
arrived:	node3#18	1
arrived:	node1#36	1
arrived:	node1#38	1
arrived:	node1#40	1
arrived:	node3#15	1
arrived:	node1#35	1
arrived:	node3#12	1
arrived:	node3#6	1
arrived:	node3#10	1
arrived:	node3#16	1
arrived:	node1#34	1
arrived:	node1#29	1
arrived:	node1#41	1
arrived:	node3#11	1
arrived:	node1#27	1
arrived:	node3#14	1
arrived:	node3#13	1
arrived:	node1#45	1
arrived:	node1#6	1
arrived:	node3#19	1
arrived:	node1#39	1
arrived:	node1#43	1
NOTIFS:
node3	:	60	sent
node1	:	60	sent
SUBS:
on	node1
	node1	:	14	received
on	node3
	node3	:	16	received
1262304604 0 - 1 - - - - - - - - - - 
1262304704 0 - 1 - - - - - - - - - - 
1262304804 0 - 1 - 0 - - - - - - - - 
1262304904 0 - 1 - 0 - - - - - - - - 
1262305004 0 - 1 - 0 - - 0 - - - - - 
1262305104 0 0 1 - 0 0 0 0 - - - - 0 
1262305204 0 0 1 0 0 0 0 0 0 0 - 0 0 
1262305304 0 0 1 0 0 0 0 0 0 0 0 0 0 
1262305404 0 0 1 0 0 0 0 0 0 0 0 0 0 
1262305504 0 0 1 0 0 0 0 0 0 0 0 0 0 
1262305604 0 0 1 0 0 0 0 0 0 0 0 0 0 
1262305704 0 0 1 0 0 0 0 0 0 0 0 0 0 
1262305804 0 0 1 0 0 0 0 0 0 0 0 0 0 
1262305904 0 0 1 0 0 0 0 0 0 0 0 0 0 
1262306004 0 0 1 0 0 0 0 0 0 1 0 0 0 
1262306104 0 0 1 0 0 0 0 0 0.2 0.2 0 0.2 0 
1262306204 0 0 0.6551724137931 0 0 0.2 0 0 1 0.2 0 1 1 
1262306304 0 0 0.66666666666667 0 0 0.2 0 0 1 0.2 0 1 1 
1262306404 0 0 0.6875 0 0 0.1 0 0.1 1 0.2 0 1 1 
1262306504 0 0 0.64705882352941 0 0 0.1 0 0.1 1 0.9 0 1 1 
1262306604 0 0 0.65714285714286 0 0 0.1 0.1 0.1 1 1 0 1 1 
1262306704 0 0.5 0.67567567567568 0 0 0 1 0.1 1 1 0 1 1 
1262306804 0.025641025641026 1 0.69230769230769 0 0 0 1 0 1 1 0 1 1 
1262306904 0.025 1 0.7 0 0 0 1 0 1 1 0 1 1 
1262307004 0.023809523809524 1 0.71428571428571 0 0 0 0 0 1 1 0 1 1 
1262307104 0.022727272727273 1 0.72727272727273 0 0 0 0 0 1 1 0 1 1 
1262307204 0.022222222222222 0.2 0.73333333333333 0 0 0 0 0.8 1 0.2 0 1 1 
1262307304 0.021276595744681 0 0.68085106382979 0 0 0 0 0.8 1 0 0 1 0.7 
1262307404 0.020408163265306 0 0.69387755102041 0 0 0 0 0.8 1 0 0 1 0.7 
1262307504 0.02 0 0.7 0 0 0.7 0 0.7 1 0.9 0 1 0.7 
1262307604 0.15384615384615 0.9 0.71153846153846 0 0 0.7 0 0.1 1 0.9 0 1 0.6 
1262307704 0.14814814814815 0.9 0.72222222222222 0 0 0.6 0 0.1 1 1 0 1 0.6 
1262307804 0.14545454545455 0.6 0.72727272727273 0 0 0.6 0 0 1 1 0 1 0.6 
1262307904 0.14035087719298 0.6 0.71929824561404 0 0 0.6 0 0 1 1 0 1 0.6 
1262308004 0.13559322033898 0.1 0.72881355932203 0 0 0.6 0 0 1 1 0 1 0.6 
1262308104 0.13333333333333 0.1 0.73333333333333 0 0 0.6 0 0.6 1 1 0 1 0.8 
1262308204 0.13333333333333 0 0.73333333333333 0 0 0.7 0 0.6 0.9 1 0 1 0.9 
1262308304 0.23333333333333 0.7 0.73333333333333 0 0 1 0 0.6 0.7 0 0 1 0 
1262308404 0.23333333333333 0.6 0.73333333333333 0 0.3 0.6 0.2 0.6 0.7 0 0 1 0 
