arrived:	node1#19	1
arrived:	node3#9	1
arrived:	node1#14	1
arrived:	node1#30	1
arrived:	node3#17	1
arrived:	node3#4	1
arrived:	node3#15	1
arrived:	node3#30	1
arrived:	node1#21	1
arrived:	node1#15	1
arrived:	node3#5	1
arrived:	node3#50	1
arrived:	node3#49	1
arrived:	node3#48	1
arrived:	node1#9	1
arrived:	node1#27	1
arrived:	node3#46	1
arrived:	node3#37	1
arrived:	node1#18	1
arrived:	node3#45	1
arrived:	node3#19	1
arrived:	node3#29	1
arrived:	node3#42	1
arrived:	node3#36	1
arrived:	node3#44	1
arrived:	node3#23	1
arrived:	node3#34	1
arrived:	node3#11	1
arrived:	node3#21	1
arrived:	node1#28	1
arrived:	node3#25	1
arrived:	node1#31	1
arrived:	node3#27	1
arrived:	node1#8	1
arrived:	node1#4	1
arrived:	node3#16	1
arrived:	node1#12	1
arrived:	node3#32	1
arrived:	node3#26	1
arrived:	node3#28	1
arrived:	node3#33	1
arrived:	node3#10	1
arrived:	node1#7	1
arrived:	node3#18	1
arrived:	node1#29	1
arrived:	node3#13	1
arrived:	node3#31	1
arrived:	node3#8	1
arrived:	node1#20	1
arrived:	node1#22	1
arrived:	node1#11	1
arrived:	node1#6	1
arrived:	node1#17	1
arrived:	node3#12	1
arrived:	node1#13	1
NOTIFS:
node3	:	60	sent
node1	:	60	sent
SUBS:
on	node1
	node1	:	21	received
on	node3
	node3	:	34	received
1262304604 0 - 1 0 0 - - - - - - - - 
1262304704 0 - 1 0 0 0 0 0 - - 1 - - 
1262304804 0 1 1 0 0 0 0 0 1 1 1 1 1 
1262304904 0 1 1 0 0 0 0 0 1 1 1 1 1 
1262305004 0 1 1 0.42857142857143 0 0 0 0 1 1 1 1 1 
1262305104 0 1 1 0.42857142857143 0 0 0 0 1 1 1 1 1 
1262305204 0 1 1 0.42857142857143 0 0 0 0 1 1 1 1 1 
1262305304 0 0.3 1 0 0 0 0.3 0.6 1 1 1 0.3 0.3 
1262305404 0 0.5 1 0 0 0 0.7 0.8 1 1 1 0.3 0.3 
1262305504 0 0.8 1 0 0 0.7 0.7 0.8 0.3 0.3 1 0.3 0.3 
1262305604 0 0.8 1 0.2 0.3 0.8 0.7 0.8 0 0.3 1 0.3 0.3 
1262305704 0.25 0.3 1 0.2 0.3 0.8 0.2 0.8 0 0.3 1 1 0.3 
1262305804 0.22727272727273 0.3 1 0.2 0.3 0.8 0.2 0.8 0 0.3 1 1 0.3 
1262305904 0.29166666666667 0.3 1 0.2 0.3 0.8 0.3 0.8 0.8 0.3 0.8 0.7 0.3 
1262306004 0.28 0.3 1 0.1 0.3 0.8 0.3 0.8 0.8 0 0 0.7 0.7 
1262306104 0.2962962962963 0.4 0.88888888888889 0.1 0.3 0.7 0.3 0.7 0.8 0 0 0 1 
1262306204 0.27586206896552 0.8 0.89655172413793 0.1 0.3 0.7 0.3 0.7 0.7 0 0 0 1 
1262306304 0.26666666666667 0.8 0.9 0.1 0.7 0.5 0.4 0.7 0.7 0 0 0 1 
1262306404 0.28125 0.8 0.90625 0.1 0.7 0 0.4 0.7 0.7 0 0 0 1 
1262306504 0.35294117647059 0.8 0.91176470588235 0.4 0.7 0 0.8 0.8 0.7 0 0 0 0.7 
1262306604 0.34285714285714 0.8 0.85714285714286 0.4 0.7 0 0.8 0.8 0.7 0 0 0 0.7 
1262306704 0.32432432432432 0.8 0.86486486486486 0.8 0.7 0 1 0.6 0.7 0 0 0 0.5 
1262306804 0.30769230769231 0.8 0.66666666666667 1 0.7 0 0.9 0.6 0.7 0 0 0 0.3 
1262306904 0.3 0 0.675 1 0.7 0 0.9 0.2 0.1 0 0 0 0.3 
1262307004 0.28571428571429 0 0.69047619047619 1 0.7 0 0 0.2 0.1 0 0 0.1 0.3 
1262307104 0.45454545454545 0 0.70454545454545 0.9 0.9 0.4 0 0.2 0.1 0 0 0.1 0.3 
1262307204 0.46666666666667 0 0.71111111111111 0.8 1 0.2 0 0.2 0.1 0 0 0.3 0.3 
1262307304 0.4468085106383 0 0.51063829787234 0.8 1 0.2 0 0.2 0.1 0 0 0.3 0 
1262307404 0.42857142857143 0 0.48979591836735 0.8 1 0 0 0.2 0.2 0 0 0.3 0 
1262307504 0.42 0 0.5 0.3 1 0 0 0 0.2 0 0 0.3 0 
1262307604 0.40384615384615 0 0.51923076923077 0.3 1 0 0 0 0.2 0 0 0.3 0 
1262307704 0.38888888888889 0 0.53703703703704 0.3 1 0 0 0 0.2 0 0 0 1 
1262307804 0.38181818181818 0 0.54545454545455 0.3 1 0 0 0 0.2 0 0 0 1 
1262307904 0.36842105263158 0 0.56140350877193 0.3 1 0 0 0 0.2 0 0 0 0.7 
1262308004 0.35593220338983 0 0.57627118644068 0.3 1 0 0 0 0.2 0 0 0 0 
1262308104 0.35 0 0.53333333333333 0.3 1 0 0 0 0.2 0 0 0 0 
1262308204 0.35 0 0.53333333333333 0.3 1 0 0 0 0.2 0 0 0 0 
1262308304 0.35 0 0.53333333333333 0.3 1 0 0 0 1 0 0 0 0 
1262308404 0.35 0 0.53333333333333 0.3 1 0 0 0 1 0 0 0 0.4 
