arrived:	node3#7	1
arrived:	node3#9	1
arrived:	node1#14	1
arrived:	node3#25	1
arrived:	node3#17	1
arrived:	node3#4	1
arrived:	node3#22	1
arrived:	node1#38	1
arrived:	node3#15	1
arrived:	node3#30	1
arrived:	node3#12	1
arrived:	node1#10	1
arrived:	node3#5	1
arrived:	node3#3	1
arrived:	node3#20	1
arrived:	node1#27	1
arrived:	node3#2	1
arrived:	node3#1	1
arrived:	node3#50	1
arrived:	node3#19	1
arrived:	node1#46	1
arrived:	node3#6	1
arrived:	node3#44	1
arrived:	node3#45	1
arrived:	node1#32	1
arrived:	node3#47	1
arrived:	node1#33	1
arrived:	node3#21	1
arrived:	node3#18	1
arrived:	node3#42	1
arrived:	node1#31	1
arrived:	node3#35	1
arrived:	node3#36	1
arrived:	node3#8	1
arrived:	node3#16	1
arrived:	node1#40	1
arrived:	node3#48	1
arrived:	node3#29	1
arrived:	node3#32	1
arrived:	node1#4	1
arrived:	node3#10	1
arrived:	node3#26	1
arrived:	node3#28	1
arrived:	node3#27	1
arrived:	node1#37	1
arrived:	node1#47	1
arrived:	node1#26	1
arrived:	node3#14	1
arrived:	node3#13	1
arrived:	node3#11	1
arrived:	node1#36	1
arrived:	node3#23	1
arrived:	node3#24	1
arrived:	node1#6	1
NOTIFS:
node3	:	60	sent
node1	:	60	sent
SUBS:
on	node1
	node1	:	15	received
on	node3
	node3	:	39	received
1262304604 0 - 1 - - - - - - - - - - 
1262304704 0 - 1 - - - - - - - - - - 
1262304804 0 - 1 0 - - - 0 - - - - - 
1262304904 0 - 1 0 0 - 0 0 - - - - - 
1262305004 0 - 1 0 0 - 0 0 - 1 - - 1 
1262305104 0 0 1 0 0 0 0 0 1 1 1 - 1 
1262305204 0 0 1 0 0 0 0 0 1 1 1 1 1 
1262305304 0 0 1 0 0 0 0 0 1 1 1 1 1 
1262305404 0 0 1 0 0 0 0 0 1 1 1 1 1 
1262305504 0 1 1 0 0.2 0.2 0 0.1 1 1 0.1 1 1 
1262305604 0 1 1 0 0.4 0.4 0.4 0.1 0.1 0.1 0.1 0.1 1 
1262305704 0.15 1 1 0 0.4 0 0.4 0.1 0.1 0.1 0.1 0.1 1 
1262305804 0.13636363636364 1 0.68181818181818 0 0 0 0.4 0 0.1 0.1 0.8 0.1 1 
1262305904 0.16666666666667 1 0.625 0 0 0 0.4 0 0.1 0.1 0.9 0.1 0.9 
1262306004 0.16 1 0.64 0 0 0 0.4 0 0.1 0.9 0.9 0.1 0 
1262306104 0.14814814814815 0.1 0.66666666666667 0 0 0 0 0 0 0.1 0.8 0 0.1 
1262306204 0.13793103448276 0 0.68965517241379 0 0 0 0 0 0 0.1 0.1 0 0.1 
1262306304 0.13333333333333 0 0.4 0 0 0 0 0 0 0.1 0.7 0 0.1 
1262306404 0.125 0 0.4375 0 0 0 0 0.1 0 0.1 0.9 0 0.1 
1262306504 0.11764705882353 0 0.47058823529412 0 0 0 0.1 0.1 0 0.1 1 0 0.1 
1262306604 0.11428571428571 0 0.34285714285714 0 0 0 0.1 0.1 0.9 0 0.5 0.9 0.1 
1262306704 0.10810810810811 0 0.37837837837838 0 0 0 0.1 0.1 0.9 0.1 0.3 1 0.1 
1262306804 0.1025641025641 0 0.38461538461538 0 0 0 0.1 0.1 0.9 0.1 0.3 0.5 0.5 
1262306904 0.1 0.2 0.3 0 0 0.1 0.1 0.1 0.9 0.2 0.4 0.2 0.6 
1262307004 0.11904761904762 0.5 0.33333333333333 0 0 0.1 0 0 0.9 0.3 0.4 0.2 0.6 
1262307104 0.11363636363636 0.7 0.36363636363636 0.1 0.3 0.1 0 0 0.2 0.3 0.4 0.2 0.6 
1262307204 0.13333333333333 0.7 0.31111111111111 0.5 0.5 0 0.1 0.1 0.2 0.3 0.3 0.6 0.7 
1262307304 0.12765957446809 0.7 0.34042553191489 0.5 0.5 0 0.1 0.1 0.3 0.3 0.4 1 1 
1262307404 0.12244897959184 0.9 0.36734693877551 0.5 0.5 0 0.5 0.1 0.8 0.3 0.4 1 1 
1262307504 0.2 0.1 0.38 0.5 0.5 0 0.5 0.4 1 0.3 0.3 1 1 
1262307604 0.19230769230769 0.2 0.40384615384615 0.5 0.2 0 0.4 0.5 1 0.2 0.2 1 0.1 
1262307704 0.18518518518519 0.2 0.42592592592593 0.5 0 0 0.4 0.5 0.3 0.2 0.2 1 0.1 
1262307804 0.18181818181818 0.9 0.30909090909091 1 0 0 0.4 0.9 0.3 0.2 0.2 0.7 0.1 
1262307904 0.17543859649123 0.7 0.33333333333333 1 0 0.5 0.4 0.9 0 0.2 0.8 0.3 0.4 
1262308004 0.16949152542373 0.7 0.35593220338983 1 0 0.9 0.4 0.9 0 0.2 1 0.9 0.4 
1262308104 0.25 0.7 0.36666666666667 1 0 1 0.4 0.6 0 0 1 0.9 0.4 
1262308204 0.25 0.7 0.36666666666667 1 0 0.7 0 0.6 0.9 0 0.7 0.9 0.4 
1262308304 0.25 0.7 0.35 1 0 0.3 0 0.6 0.9 0 0.7 0.9 0.7 
1262308404 0.25 0.7 0.35 1 0 0.3 0 0.6 0.9 0 0.7 0.9 0.7 
