arrived:	node1#19	1
arrived:	node1#5	1
arrived:	node3#9	1
arrived:	node1#14	1
arrived:	node1#7	1
arrived:	node3#17	1
arrived:	node3#40	1
arrived:	node3#42	1
arrived:	node3#4	1
arrived:	node3#39	1
arrived:	node3#22	1
arrived:	node1#38	1
arrived:	node1#10	1
arrived:	node3#15	1
arrived:	node3#30	1
arrived:	node1#13	1
arrived:	node1#15	1
arrived:	node3#41	1
arrived:	node3#5	1
arrived:	node3#3	1
arrived:	node3#37	1
arrived:	node3#38	1
arrived:	node1#9	1
arrived:	node3#44	1
arrived:	node3#45	1
arrived:	node3#2	1
arrived:	node1#18	1
arrived:	node3#32	1
arrived:	node3#19	1
arrived:	node3#29	1
arrived:	node1#2	1
arrived:	node1#1	1
arrived:	node1#3	1
arrived:	node3#35	1
arrived:	node3#34	1
arrived:	node1#50	1
arrived:	node3#21	1
arrived:	node3#18	1
arrived:	node3#33	1
arrived:	node3#20	1
arrived:	node3#26	1
arrived:	node1#8	1
arrived:	node1#4	1
arrived:	node3#16	1
arrived:	node1#12	1
arrived:	node3#28	1
arrived:	node3#23	1
arrived:	node3#8	1
arrived:	node1#16	1
arrived:	node3#10	1
arrived:	node3#25	1
arrived:	node3#27	1
arrived:	node3#31	1
arrived:	node3#13	1
arrived:	node1#51	1
arrived:	node3#1	1
arrived:	node3#14	1
arrived:	node3#12	1
arrived:	node1#11	1
arrived:	node1#6	1
arrived:	node1#17	1
arrived:	node3#6	1
arrived:	node3#43	1
NOTIFS:
node3	:	60	sent
node1	:	60	sent
SUBS:
on	node1
	node1	:	22	received
on	node3
	node3	:	41	received
1262304604 0 - 1 - - - - - - - - - - 
1262304704 0 - 1 - - - - - - - - - - 
1262304804 0 - 1 - - - - - - - - - - 
1262304904 0 - 1 - - 0 0 - - 1 - 1 1 
1262305004 0 - 1 - - 0 0 - - 1 - 1 1 
1262305104 0 1 1 0 - 0 0 - 1 1 - 1 1 
1262305204 0 1 1 0 1 0 0 1 1 1 - 1 1 
1262305304 0 1 1 0 1 0 0 1 1 1 1 1 1 
1262305404 0.4 0 1 0.9 0 0 0 0 1 0 1 0.1 1 
1262305504 0.35294117647059 0 1 0.9 0 0 0.6 0 0 0.5 1 0 1 
1262305604 0.31578947368421 0.5 1 1 0 0 0.6 0 0 0.5 1 0 1 
1262305704 0.3 0.5 1 1 0 0 0.6 0 0 0.5 1 0 1 
1262305804 0.27272727272727 0.5 1 0.3 0.5 0 1 0 0 0.5 1 0.4 1 
1262305904 0.25 0.5 1 0.3 0.5 0 1 0 0 0.5 1 0.4 1 
1262306004 0.24 0.6 0.6 0 0.5 0 1 0 0 0.5 1 0.4 1 
1262306104 0.40740740740741 0.5 0.62962962962963 0 0 0 1 0.4 0 0.6 1 0.4 1 
1262306204 0.37931034482759 0.5 0.6551724137931 0 0 0 1 0.4 0 0.5 1 0.4 1 
1262306304 0.36666666666667 0.5 0.66666666666667 0 0 0 1 0.4 0 0.5 1 0.4 1 
1262306404 0.46875 0.2 0.625 0.4 0 0 0.9 0.4 0 0.5 1 0.4 0.5 
1262306504 0.44117647058824 0.2 0.55882352941176 0.4 0.2 0 0.9 0 0 0.5 1 0.4 0.5 
1262306604 0.42857142857143 0 0.57142857142857 0.4 0.2 0 0.6 0 0 0.5 1 0.4 0.5 
1262306704 0.40540540540541 0 0.59459459459459 0.4 0.4 0 0.6 0 0.6 0.5 1 0.4 0.5 
1262306804 0.38461538461538 0 0.61538461538462 0.4 0.4 0 0.6 0 0.7 0.5 1 0 0 
1262306904 0.375 0 0.625 0.3 0.4 0 0.6 0 0.7 0.5 1 0 0 
1262307004 0.35714285714286 0 0.64285714285714 0.3 0.4 0 0.6 0 1 0 0.5 1 0 
1262307104 0.34090909090909 0.1 0.45454545454545 0.3 0.4 0 0.6 0 0.2 0 0.1 1 0 
1262307204 0.33333333333333 0.1 0.46666666666667 0.3 0.5 0 0.6 0 0.3 0 0.1 1 0 
1262307304 0.31914893617021 0.1 0.38297872340426 0.3 0.5 0.1 0.6 0 0.3 0 0.1 0.7 0 
1262307404 0.30612244897959 0.1 0.3469387755102 0.3 0.5 0.1 0.6 0 0.3 0 0.1 0.7 0 
1262307504 0.3 0.1 0.36 0.3 0.5 0.1 0 0 0.5 0 0.1 0.7 0 
1262307604 0.28846153846154 0.1 0.38461538461538 0.1 0.5 0.1 0 0.1 0.6 0 0.1 0.7 0 
1262307704 0.27777777777778 0.1 0.40740740740741 0.1 0.5 0.1 0 0.1 0.6 0 0 0.7 0 
1262307804 0.29090909090909 0.1 0.41818181818182 0 0.5 0.1 0 0.1 0.6 0 0 0.1 0 
1262307904 0.28070175438596 0.2 0.43859649122807 0 0.7 0.1 0 0.1 0.5 0 0 0.1 0 
1262308004 0.27118644067797 0.6 0.45762711864407 0 0.7 0.3 0 0.1 0.5 0 0 0.1 0 
1262308104 0.26666666666667 0.6 0.36666666666667 0 0.7 0.3 0.2 0.3 0.1 0 0 0.1 0 
1262308204 0.3 0.6 0.31666666666667 0.2 0.2 0.3 0 0 0.1 0 0 0.9 0 
1262308304 0.3 1 0.31666666666667 0.2 0.2 0.3 0 0 0.1 0 0 0.9 0 
1262308404 0.3 1 0.31666666666667 0.1 0.2 0.3 0 0 0.9 0 0 0.9 0 
