arrived:	node1#44	1
arrived:	node1#14	1
arrived:	node1#30	1
arrived:	node3#17	1
arrived:	node3#4	1
arrived:	node3#22	1
arrived:	node1#42	1
arrived:	node1#24	1
arrived:	node1#22	1
arrived:	node1#10	1
arrived:	node3#3	1
arrived:	node1#21	1
arrived:	node3#20	1
arrived:	node1#27	1
arrived:	node3#42	1
arrived:	node3#32	1
arrived:	node1#18	1
arrived:	node3#12	1
arrived:	node1#25	1
arrived:	node3#11	1
arrived:	node3#6	1
arrived:	node3#21	1
arrived:	node3#14	1
arrived:	node1#26	1
arrived:	node3#34	1
arrived:	node1#33	1
arrived:	node1#23	1
arrived:	node1#28	1
arrived:	node3#19	1
arrived:	node1#31	1
arrived:	node1#13	1
arrived:	node1#8	1
arrived:	node3#18	1
arrived:	node3#16	1
arrived:	node1#40	1
arrived:	node3#35	1
arrived:	node1#39	1
arrived:	node3#13	1
arrived:	node1#16	1
arrived:	node3#10	1
arrived:	node1#19	1
arrived:	node1#45	1
arrived:	node1#29	1
arrived:	node1#41	1
arrived:	node1#7	1
arrived:	node1#38	1
arrived:	node1#20	1
arrived:	node1#37	1
arrived:	node1#11	1
arrived:	node3#23	1
arrived:	node1#17	1
arrived:	node1#15	1
arrived:	node3#43	1
NOTIFS:
node3	:	60	sent
node1	:	60	sent
SUBS:
on	node1
	node1	:	32	received
on	node3
	node3	:	21	received
1262304604 0 - 1 - - - - - - - - - - 
1262304704 0 - 1 - - - - - - - - 1 1 
1262304804 0 - 1 - - - - - - 1 - 1 1 
1262304904 0 - 1 - - - - - 1 1 1 1 1 
1262305004 0 - 1 0 - - - 0 1 1 1 1 1 
1262305104 0 1 1 0 0 0 0 0 1 1 1 1 1 
1262305204 0 0 1 0.1 0 0 0 0 1 1 1 1 0.75 
1262305304 0 0 1 0.1 0 0 0 0 1 1 1 0.6 0.6 
1262305404 0 0 1 0.1 0 0 0 0.1 0.6 1 1 1 0.6 
1262305504 0 0.6 1 0.1 0 0 0 0.6 0 0.6 1 1 0.6 
1262305604 0 0.6 1 0 0 0 0 0.7 0 0.6 1 1 1 
1262305704 0 0.6 1 0 0 0 0 0.5 0 0.6 1 1 1 
1262305804 0.13636363636364 0.2 0.86363636363636 0 0 0.3 0.3 0 0 0.9 0.7 1 1 
1262305904 0.125 0.2 0.875 0 0 0.3 0.3 0 0.4 0.9 0.7 1 1 
1262306004 0.12 0 0.88 0 0 0.3 0.3 0 0.7 0.4 0.3 1 0.3 
1262306104 0.11111111111111 0.2 0.88888888888889 0.2 0 0.5 0.5 0 0.7 0.3 0.2 1 0 
1262306204 0.10344827586207 0.3 0.82758620689655 0.3 0.1 0.6 0.6 0.2 1 0.3 0.1 1 0 
1262306304 0.1 1 0.83333333333333 0.3 0.1 1 0.6 0.7 1 0.3 0 1 0 
1262306404 0.40625 1 0.84375 0.6 0.1 1 0.7 0.7 1 0.3 0 1 0 
1262306504 0.47058823529412 1 0.85294117647059 0.7 0.7 0 0.8 0.7 1 0.3 0 1 0 
1262306604 0.45714285714286 1 0.85714285714286 0.7 0.7 0 0.8 0.7 1 0.3 0.6 1 0 
1262306704 0.43243243243243 1 0.81081081081081 0.4 0.6 0 0.7 0.7 1 0.3 1 1 0 
1262306804 0.41025641025641 1 0.82051282051282 0.3 0.6 0.6 0.7 0.7 0.3 0.3 1 1 0 
1262306904 0.4 1 0.825 0.3 0.6 0.6 0.4 0.7 0.7 0.8 1 1 0 
1262307004 0.52380952380952 1 0.83333333333333 0.6 0.1 0.3 0.4 0.7 0.7 0.8 1 1 0 
1262307104 0.5 1 0.84090909090909 0.6 0 0.2 0.4 0.5 0.7 0.8 1 0.7 0 
1262307204 0.48888888888889 1 0.57777777777778 0.5 0 0.1 0.5 0.3 1 1 1 0.7 0 
1262307304 0.46808510638298 1 0.59574468085106 0.4 1 0.1 0.5 0.3 0.8 1 1 0.7 0 
1262307404 0.44897959183673 1 0.61224489795918 0.4 0.9 1 1 0.3 0.8 1 1 0.7 0 
1262307504 0.44 1 0.62 0.4 0.9 1 1 0.3 0.8 1 1 0.7 0 
1262307604 0.42307692307692 1 0.63461538461538 0 0.9 1 1 0.3 0.8 1 1 0.7 0 
1262307704 0.40740740740741 1 0.61111111111111 1 0.9 0.3 1 0.3 0.9 0.8 1 0.7 0 
1262307804 0.45454545454545 1 0.61818181818182 1 0.9 0.3 1 0 1 0.8 1 0.7 0 
1262307904 0.43859649122807 1 0.63157894736842 1 0.9 0 1 0 1 0.8 1 0.7 0 
1262308004 0.42372881355932 1 0.64406779661017 1 0.9 0 1 0 1 0.8 1 0.7 0 
1262308104 0.41666666666667 1 0.65 0.3 0.9 0 1 0 1 0.8 1 0.5 0 
1262308204 0.41666666666667 1 0.65 1 0.9 0.2 1 0 1 0.8 1 0.5 0 
1262308304 0.45 1 0.65 1 1 0.2 1 0 0.9 0.7 1 0.4 0 
1262308404 0.53333333333333 1 0.65 1 0.1 0.2 1 0 0.9 0.7 1 0.4 0 
