arrived:	node3#9	1
arrived:	node1#14	1
arrived:	node1#30	1
arrived:	node3#40	1
arrived:	node3#4	1
arrived:	node3#22	1
arrived:	node3#15	1
arrived:	node3#30	1
arrived:	node1#13	1
arrived:	node1#10	1
arrived:	node3#5	1
arrived:	node1#34	1
arrived:	node3#52	1
arrived:	node3#34	1
arrived:	node1#9	1
arrived:	node1#27	1
arrived:	node3#51	1
arrived:	node3#49	1
arrived:	node1#18	1
arrived:	node3#47	1
arrived:	node3#39	1
arrived:	node3#48	1
arrived:	node1#43	1
arrived:	node3#28	1
arrived:	node1#7	1
arrived:	node1#32	1
arrived:	node3#38	1
arrived:	node1#33	1
arrived:	node3#21	1
arrived:	node1#28	1
arrived:	node3#32	1
arrived:	node1#31	1
arrived:	node3#33	1
arrived:	node3#27	1
arrived:	node3#26	1
arrived:	node3#16	1
arrived:	node1#12	1
arrived:	node1#21	1
arrived:	node3#23	1
arrived:	node3#12	1
arrived:	node1#16	1
arrived:	node3#14	1
arrived:	node3#3	1
arrived:	node3#20	1
arrived:	node1#26	1
arrived:	node1#37	1
arrived:	node3#31	1
arrived:	node3#13	1
arrived:	node1#20	1
arrived:	node3#11	1
arrived:	node1#11	1
arrived:	node1#6	1
arrived:	node1#17	1
arrived:	node3#24	1
arrived:	node1#15	1
NOTIFS:
node3	:	60	sent
node1	:	60	sent
SUBS:
on	node1
	node1	:	24	received
on	node3
	node3	:	31	received
1262304604 0 - 1 - - - - - - - - - - 
1262304704 0 - 1 - - - - - - - - - - 
1262304804 0 - 1 - - - - - - 1 1 - - 
1262304904 0 - 1 - - - - - - 1 1 - - 
1262305004 0 - 1 - - 0 0 - 1 1 1 - 1 
1262305104 0 - 1 0 - 0 0 0 1 1 1 - 1 
1262305204 0 - 1 0 - 0 0 0 1 1 1 - 1 
1262305304 0 0 1 0 0 0 0 0 1 1 1 - 1 
1262305404 0 0.6 1 0.6 0.6 0.6 0 0.6 1 1 1 - 0.2 
1262305504 0 0.6 1 0.6 0.6 0.6 0 0.6 1 1 0.2 1 0.2 
1262305604 0 0.6 1 0.6 0.6 0.6 0 0.6 1 1 0.4 1 0.2 
1262305704 0.3 1 1 1 0 0.6 0 0.6 1 1 0.4 1 0.4 
1262305804 0.27272727272727 1 0.81818181818182 1 0 0.4 0 0.6 1 1 0.4 1 0.7 
1262305904 0.25 1 0.83333333333333 1 0 0.4 0 0.6 1 1 0.4 0.4 0.8 
1262306004 0.4 1 0.84 0.2 0.4 0.4 0 0.6 1 1 0.4 0 0.8 
1262306104 0.37037037037037 1 0.85185185185185 0.1 0.4 0.4 0 1 1 1 0.4 0 0.5 
1262306204 0.3448275862069 0.2 0.86206896551724 0.1 0.4 0.4 0 1 0.5 1 0.4 0.1 0 
1262306304 0.33333333333333 0.2 0.86666666666667 0.2 0.2 0.4 0 1 0.5 1 0.4 0.3 0 
1262306404 0.3125 0.2 0.84375 0.2 0.1 0 0 1 0.5 1 0.4 1 0 
1262306504 0.29411764705882 0.2 0.85294117647059 0.2 0.1 0 0 1 0.5 1 0.2 1 0 
1262306604 0.28571428571429 0.4 0.85714285714286 0.2 0.1 0.2 0 1 0.5 1 0.2 1 0.7 
1262306704 0.32432432432432 0.4 0.86486486486486 0.5 0.4 1 0 0.6 0.5 1 0.2 1 1 
1262306804 0.30769230769231 0.4 0.66666666666667 1 0.5 1 0.7 0.5 0.5 1 0.2 1 1 
1262306904 0.3 0.4 0.675 1 1 1 0.7 0.5 0 1 0.2 1 1 
1262307004 0.28571428571429 0.4 0.69047619047619 1 1 1 0.7 0.1 0 1 0.2 1 1 
1262307104 0.27272727272727 0.4 0.70454545454545 1 1 1 0.7 0 0 1 0.2 1 1 
1262307204 0.37777777777778 0.4 0.71111111111111 1 0.2 1 0.7 0.5 0 0.4 0 1 1 
1262307304 0.36170212765957 0.4 0.53191489361702 0.7 0.1 1 0.7 0.7 0 0.4 0 1 1 
1262307404 0.42857142857143 1 0.55102040816327 0.7 0.1 1 0.7 0.7 0 0.4 0 1 1 
1262307504 0.42 0.7 0.56 0.7 0.1 0 0.7 0.5 0 0.4 0 1 1 
1262307604 0.40384615384615 0.7 0.57692307692308 0.7 0 0 0.7 0.5 0 0.4 0 1 1 
1262307704 0.38888888888889 0.7 0.59259259259259 0.2 0.2 0 0.7 0.5 0 0.4 0 1 1 
1262307804 0.38181818181818 0.4 0.6 0 0.2 0 0.7 0.7 0 0.4 0 1 1 
1262307904 0.36842105263158 0.4 0.6140350877193 0 0.2 0 0.7 1 0 0.4 0 1 1 
1262308004 0.35593220338983 0 0.6271186440678 0 0.2 0.3 0.7 1 0 0 0 1 1 
1262308104 0.35 0 0.63333333333333 0 1 1 1 0.9 0 0 0 1 0.1 
1262308204 0.4 0 0.63333333333333 0.3 1 0.4 1 0.3 0 0 0 1 0.1 
1262308304 0.4 0 0.63333333333333 0.3 1 0.2 1 0 0 0 0 1 0.1 
1262308404 0.4 0 0.48333333333333 0.3 1 0.2 1 0 0 0 1 1 1 
