arrived:	node3#7	1
arrived:	node3#9	1
arrived:	node1#14	1
arrived:	node1#7	1
arrived:	node3#4	1
arrived:	node3#22	1
arrived:	node3#15	1
arrived:	node1#35	1
arrived:	node1#22	1
arrived:	node1#10	1
arrived:	node3#5	1
arrived:	node1#34	1
arrived:	node1#9	1
arrived:	node3#1	1
arrived:	node1#25	1
arrived:	node1#2	1
arrived:	node1#32	1
arrived:	node1#33	1
arrived:	node1#23	1
arrived:	node1#28	1
arrived:	node1#31	1
arrived:	node1#8	1
arrived:	node3#8	1
arrived:	node1#12	1
arrived:	node3#25	1
arrived:	node3#18	1
arrived:	node3#10	1
arrived:	node3#12	1
arrived:	node1#15	1
arrived:	node1#29	1
arrived:	node3#19	1
arrived:	node3#6	1
arrived:	node1#30	1
arrived:	node3#3	1
arrived:	node3#11	1
arrived:	node1#11	1
arrived:	node1#6	1
arrived:	node1#13	1
arrived:	node3#24	1
arrived:	node1#36	1
NOTIFS:
node3	:	60	sent
node1	:	60	sent
SUBS:
on	node1
	node1	:	23	received
on	node3
	node3	:	17	received
1262304604 0 - 1 - - - - - - - - - - 
1262304704 0 - 1 - - - - - - - - - - 
1262304804 0 - 1 - - - - - - - - - - 
1262304904 0 - 1 - - - - - - - - - 1 
1262305004 0 - 1 - - - - - - - - - 1 
1262305104 0 - 1 - 0 0 0 - - - - - 1 
1262305204 0 - 1 0 0 0 0 0 1 1 1 - 1 
1262305304 0 0.4 1 0.4 0.4 0.4 0.4 0.4 1 0 1 1 0 
1262305404 0 0.4 1 0.4 0.4 0.4 0.4 0.4 1 0 1 1 0 
1262305504 0 0.4 1 0.4 0.4 0.4 0.4 0.4 0.5 0 0.4 1 0.7 
1262305604 0.21052631578947 0.7 1 0.4 1 0.2 0.4 0.4 0 0.7 0 1 0.7 
1262305704 0.2 0.7 0.9 1 1 0.1 1 0.4 0 1 0 0.8 0.7 
1262305804 0.18181818181818 0.7 0.90909090909091 1 1 0.1 1 0 0 1 0 0.8 0.7 
1262305904 0.16666666666667 0.7 0.91666666666667 1 1 0 1 0 0 1 0 0.7 0.7 
1262306004 0.44 0.7 0.84 1 0 0.7 1 0 0 1 0 0.7 1 
1262306104 0.40740740740741 1 0.62962962962963 1 0 0.7 1 0 0 1 0 0.7 1 
1262306204 0.37931034482759 1 0.6551724137931 1 0 0.6 1 0 0 1 0 0.7 1 
1262306304 0.36666666666667 0 0.66666666666667 1 0 0.6 0 0 0 1 0 0.7 1 
1262306404 0.34375 0 0.6875 1 0 0.6 0 0 0 1 0 0.7 1 
1262306504 0.32352941176471 0 0.70588235294118 1 0 0.6 0 0 0 1 0 1 1 
1262306604 0.31428571428571 0.3 0.71428571428571 1 0.1 0.6 0 0.3 0 1 0 0 0 
1262306704 0.2972972972973 0.3 0.72972972972973 1 0.1 0.7 0 0.3 0 1 0 0 0 
1262306804 0.28205128205128 1 0.56410256410256 1 0.1 0.7 0 0.3 0 1 0.3 0 0 
1262306904 0.275 1 0.575 1 0.1 1 0 0.3 0 1 0.4 0.7 0.5 
1262307004 0.33333333333333 1 0.5952380952381 1 0.1 0.6 0 0.8 0 1 0.4 0.8 0.5 
1262307104 0.31818181818182 0.8 0.61363636363636 1 0.1 0.6 0.9 0.9 0 1 0.8 0.8 1 
1262307204 0.31111111111111 0.8 0.62222222222222 1 0 0.6 0.9 0.9 0 1 0.9 0.8 1 
1262307304 0.29787234042553 0.8 0.63829787234043 1 0 0.6 0.9 0.9 0 1 0.9 1 1 
1262307404 0.42857142857143 0.8 0.6530612244898 1 0 0.6 0.9 0 0 1 0.9 1 1 
1262307504 0.42 0.8 0.66 1 0 0.6 0.9 0 0 1 1 1 1 
1262307604 0.40384615384615 0.5 0.67307692307692 1 0 0.5 0.9 0 0 1 1 1 1 
1262307704 0.42592592592593 0.9 0.68518518518519 1 0 0.6 0.9 0 0 1 1 0.6 0.7 
1262307804 0.41818181818182 1 0.69090909090909 1 0 0.6 0.9 0 0 1 0.9 0.5 0.6 
1262307904 0.40350877192982 1 0.70175438596491 1 0 0.6 1 0 0 1 0.9 0.5 0.6 
1262308004 0.38983050847458 1 0.71186440677966 1 0 0 1 0 0 1 0.8 0.5 0.6 
1262308104 0.38333333333333 1 0.71666666666667 1 0 0 1 0 0 1 0.8 0.5 0.6 
1262308204 0.38333333333333 1 0.71666666666667 1 0 0 1 0 0 0.7 0.8 0.7 0.6 
1262308304 0.38333333333333 1 0.71666666666667 1 0 0 1 0 0 0.7 0.8 0.7 0.7 
1262308404 0.38333333333333 1 0.71666666666667 1 1 0 1 0 0 0.6 0.8 0.7 0.7 
