arrived:	node1#5	1
arrived:	node3#9	1
arrived:	node3#32	1
arrived:	node3#17	1
arrived:	node3#4	1
arrived:	node3#22	1
arrived:	node3#15	1
arrived:	node1#24	1
arrived:	node1#10	1
arrived:	node3#5	1
arrived:	node3#3	1
arrived:	node1#9	1
arrived:	node1#27	1
arrived:	node3#2	1
arrived:	node3#1	1
arrived:	node1#25	1
arrived:	node3#6	1
arrived:	node3#56	1
arrived:	node1#26	1
arrived:	node3#38	1
arrived:	node3#44	1
arrived:	node3#21	1
arrived:	node3#18	1
arrived:	node3#49	1
arrived:	node3#36	1
arrived:	node3#50	1
arrived:	node1#8	1
arrived:	node3#8	1
arrived:	node3#16	1
arrived:	node1#12	1
arrived:	node3#47	1
arrived:	node3#23	1
arrived:	node3#39	1
arrived:	node3#28	1
arrived:	node3#11	1
arrived:	node3#30	1
arrived:	node3#37	1
arrived:	node3#25	1
arrived:	node3#35	1
arrived:	node3#31	1
arrived:	node1#23	1
arrived:	node3#20	1
arrived:	node1#4	1
arrived:	node1#11	1
arrived:	node1#6	1
arrived:	node3#58	1
arrived:	node3#24	1
arrived:	node3#19	1
NOTIFS:
node3	:	60	sent
node1	:	60	sent
SUBS:
on	node1
	node1	:	13	received
on	node3
	node3	:	35	received
1262304604 0 - 1 - - - - 0 - - - - - 
1262304704 0 - 1 - 0 0 0 0 - - - - - 
1262304804 0 - 1 - 0 0 0 0 - - 1 1 - 
1262304904 0 - 1 0 0 0 0 0 - - 1 1 1 
1262305004 0 - 1 0 0 0 0 0 - 1 1 1 1 
1262305104 0 1 1 0 0 0 0 0 1 1 1 1 1 
1262305204 0 0.5 1 0 0.4 0 0.7 0 0.6 1 1 0.6 1 
1262305304 0 0.4 1 0.7 0.2 0 0.7 0 0.6 0.6 0.6 0.6 1 
1262305404 0 0.4 1 0.9 0.2 0 0.8 0 0.6 0.6 0.6 0.6 0.3 
1262305504 0 0.5 0.82352941176471 1 0.2 0 0.8 0 0.5 0.5 0.4 0.9 0.3 
1262305604 0.36842105263158 0.5 0.84210526315789 0.3 0 0.1 0.7 0.7 0.5 0.5 0.4 1 0.3 
1262305704 0.35 0.5 0.65 0.3 0 0.1 0.7 0.7 0.5 0.5 0.4 1 0.3 
1262305804 0.31818181818182 0.5 0.68181818181818 0.3 0 0.1 0.7 0.7 1 0.5 1 0.7 0.3 
1262305904 0.29166666666667 0.5 0.70833333333333 0.3 0 0.1 0.7 0.4 1 0.5 1 0.7 0.3 
1262306004 0.28 0.5 0.72 0 0 0.1 0.7 0.4 1 0.7 1 0.7 0.3 
1262306104 0.25925925925926 0.5 0.74074074074074 0 0 0.2 0.7 0.4 0.2 0.7 1 0.7 0.3 
1262306204 0.24137931034483 0.7 0.75862068965517 0.2 0 0.2 0.7 0.4 0 0.7 1 0.7 0.3 
1262306304 0.23333333333333 0.7 0.76666666666667 0.2 0 0 0.7 0.4 0 0 1 0.8 0.3 
1262306404 0.28125 0.7 0.78125 0.2 0 0 0.7 0.5 0.3 0 0.3 0 0 
1262306504 0.26470588235294 1 0.79411764705882 0.2 0 0.2 0.7 0.5 0.3 0 0 0 0 
1262306604 0.25714285714286 1 0.8 0.2 0 0.2 0.9 0.5 0.3 0 0 0 0 
1262306704 0.24324324324324 1 0.81081081081081 0.3 0 0.3 0.9 0.5 0.3 0 0 0 0 
1262306804 0.30769230769231 1 0.82051282051282 0.3 0 0.3 0.5 0.5 0.3 0 0 0 0 
1262306904 0.3 1 0.825 0.3 0 0.3 0.5 0.6 0.3 0 0 0 0 
1262307004 0.28571428571429 1 0.5952380952381 0.3 0 0.3 0.5 0.6 1 0 1 0 0 
1262307104 0.27272727272727 1 0.61363636363636 0 0 0.3 0.5 0.6 0.6 0 1 0.3 0 
1262307204 0.26666666666667 1 0.53333333333333 0 0 0.3 0.5 0.6 0.3 0 0.5 1 0 
1262307304 0.25531914893617 1 0.5531914893617 0 0 0.3 0.5 0.6 0 0 0.4 0.5 0 
1262307404 0.24489795918367 1 0.42857142857143 0 0 0.3 0.5 0.6 0 0 0.4 0.5 0 
1262307504 0.26 1 0.42 0 0 0 0 0.6 0 0.8 0.4 0.5 0 
1262307604 0.25 1 0.44230769230769 0 0 0 0 0.6 0 0.8 0.4 0.5 0 
1262307704 0.24074074074074 1 0.46296296296296 0 0 0 0 0 0 0.8 0.8 0.5 0 
1262307804 0.23636363636364 1 0.47272727272727 0.7 0 0 0 0 0 0.8 0.8 0.5 0.8 
1262307904 0.2280701754386 1 0.49122807017544 0.7 0 0 0 0 0 0.8 1 0.2 0.8 
1262308004 0.22033898305085 1 0.50847457627119 0.7 0 0 0 0 0 0.7 1 0.2 1 
1262308104 0.21666666666667 1 0.51666666666667 0.7 0 0 1 0 0 0.7 1 0.2 1 
1262308204 0.21666666666667 1 0.51666666666667 0.7 0 0 1 0 0 0.7 0.8 0.3 0.7 
1262308304 0.21666666666667 1 0.51666666666667 0.7 0 1 0.7 0.7 0 0.7 0.6 0.3 0.3 
1262308404 0.21666666666667 1 0.51666666666667 0.7 0.8 0.8 0.7 0.7 0 0.7 0.5 0.3 0.3 
