arrived:	node1#44	1
arrived:	node3#9	1
arrived:	node3#25	1
arrived:	node3#17	1
arrived:	node3#40	1
arrived:	node3#27	1
arrived:	node3#22	1
arrived:	node1#42	1
arrived:	node3#15	1
arrived:	node3#30	1
arrived:	node3#12	1
arrived:	node3#5	1
arrived:	node3#20	1
arrived:	node3#19	1
arrived:	node3#29	1
arrived:	node1#43	1
arrived:	node3#34	1
arrived:	node3#21	1
arrived:	node3#18	1
arrived:	node3#38	1
arrived:	node3#13	1
arrived:	node3#35	1
arrived:	node3#8	1
arrived:	node3#16	1
arrived:	node1#40	1
arrived:	node3#37	1
arrived:	node1#39	1
arrived:	node3#39	1
arrived:	node3#33	1
arrived:	node3#10	1
arrived:	node3#32	1
arrived:	node3#26	1
arrived:	node1#48	1
arrived:	node1#41	1
arrived:	node3#31	1
arrived:	node1#23	1
arrived:	node3#14	1
arrived:	node3#28	1
arrived:	node3#11	1
arrived:	node3#23	1
arrived:	node3#41	1
arrived:	node3#24	1
arrived:	node1#21	1
NOTIFS:
node3	:	60	sent
node1	:	60	sent
SUBS:
on	node1
	node1	:	9	received
on	node3
	node3	:	34	received
1262304604 0 - 1 0 0 0 0 - - - - - - 
1262304704 0 - 1 0 0 0 0 - - - - - - 
1262304804 0 0 1 0 0 0 0 0 - 0 - - 0 
1262304904 0 0 1 0 0 0 0 0 - 0 0 0 0 
1262305004 0 0 1 0 0 0 0 0 - 0 0 0 0 
1262305104 0 0 1 0 0 0 0 0 0 0 0 0 0 
1262305204 0 0 1 0 0 0 0 0 0 0 0 0 0 
1262305304 0 0 1 0 0 0 0 0 0 1 0 0 0 
1262305404 0 0 1 0 0 0 0 0 0 1 0 0 0 
1262305504 0 0 1 0 0 0 0 0 0 1 0 0 0 
1262305604 0 0 1 0 0 0 0 0 0 1 0 0 0.4 
1262305704 0 0 1 0 0 0 0 0 0 1 0 0 0.4 
1262305804 0 0 1 0 0 0 0 0 0 1 0 0 0 
1262305904 0 0 0.625 0 0 0 0 0 0 1 1 0 0 
1262306004 0 0 0.64 0 0 0 0 0 0 1 1 0 0 
1262306104 0 0 0.66666666666667 0 0 0 0 0 0 1 1 0 0 
1262306204 0 0 0.68965517241379 0 0 0 0 0 0 1 1 1 0 
1262306304 0 0 0.66666666666667 0 0 0 0 0 0 1 1 1 0 
1262306404 0 0 0.6875 0 0 0 0 0 0 1 1 1 0 
1262306504 0 0 0.70588235294118 0 0 0 0 0 0 1 0.2 1 0 
1262306604 0 0 0.48571428571429 0 0 0 0 0 0 1 0.2 1 0 
1262306704 0 0 0.51351351351351 0 0 0 0 0 0 0.1 1 0.9 0 
1262306804 0 0 0.53846153846154 0 0 0 0 0 0 0.1 0.9 0.1 0 
1262306904 0 0 0.375 0 0 0 0 0 0 0.4 0.1 0.4 0.4 
1262307004 0 0 0.35714285714286 0 0 0 0 0 0 0.4 0.1 0.5 0.6 
1262307104 0 0.4 0.38636363636364 0 0 0.2 0 0 0 0.4 0.4 0.6 0.6 
1262307204 0 0.4 0.4 0.1 0.2 0.6 0 0 0 0.4 0.3 0.6 0.6 
1262307304 0 0.4 0.42553191489362 0.6 0.2 0.6 0.4 0 0 0.4 0.3 0.6 0.8 
1262307404 0 0.4 0.44897959183673 0.6 0.2 0.6 0.6 0 0 0.5 0.2 0.6 1 
1262307504 0.04 0.5 0.46 0.6 0.4 0 0.8 0 0 0.5 0.2 0.2 1 
1262307604 0.038461538461538 0.5 0.48076923076923 0.6 0.6 0 0.3 0 0 0.2 0.3 0.2 1 
1262307704 0.037037037037037 0.5 0.5 0 0.6 0 0.3 0 0 0.2 0.3 0.7 1 
1262307804 0.036363636363636 0 0.50909090909091 0.2 0.6 0.2 0 0 0 0.3 0.3 0.7 1 
1262307904 0.035087719298246 0 0.43859649122807 0.2 0.7 0.3 0 0 0 0.9 1 0.7 1 
1262308004 0.15254237288136 0 0.42372881355932 0.2 0.7 0.3 0 0 0 1 1 1 1 
1262308104 0.15 0 0.43333333333333 0.2 0.7 0.3 0 0 0 1 1 1 1 
1262308204 0.15 0.1 0.43333333333333 0.3 0.7 0.3 0 0.1 0 0 1 1 1 
1262308304 0.15 0.8 0.43333333333333 0.3 0.7 0.3 0 0.1 0 0.1 1 1 1 
1262308404 0.15 1 0.43333333333333 0.4 0.8 0.3 0 0.1 0 0.1 1 0.1 1 
