arrived:	node1#5	1
arrived:	node3#9	1
arrived:	node1#14	1
arrived:	node1#7	1
arrived:	node3#45	1
arrived:	node3#37	1
arrived:	node3#38	1
arrived:	node3#39	1
arrived:	node3#47	1
arrived:	node3#22	1
arrived:	node1#38	1
arrived:	node3#51	1
arrived:	node3#46	1
arrived:	node1#35	1
arrived:	node1#21	1
arrived:	node1#52	1
arrived:	node3#50	1
arrived:	node3#49	1
arrived:	node1#34	1
arrived:	node3#25	1
arrived:	node3#29	1
arrived:	node3#20	1
arrived:	node1#27	1
arrived:	node3#26	1
arrived:	node3#31	1
arrived:	node1#49	1
arrived:	node3#28	1
arrived:	node1#25	1
arrived:	node1#46	1
arrived:	node1#2	1
arrived:	node1#1	1
arrived:	node1#3	1
arrived:	node1#32	1
arrived:	node3#34	1
arrived:	node1#33	1
arrived:	node1#23	1
arrived:	node3#18	1
arrived:	node3#19	1
arrived:	node3#36	1
arrived:	node3#23	1
arrived:	node1#8	1
arrived:	node1#4	1
arrived:	node3#16	1
arrived:	node3#21	1
arrived:	node3#13	1
arrived:	node1#47	1
arrived:	node1#41	1
arrived:	node1#50	1
arrived:	node1#53	1
arrived:	node1#26	1
arrived:	node1#36	1
arrived:	node1#48	1
arrived:	node1#37	1
arrived:	node1#51	1
arrived:	node1#42	1
arrived:	node1#30	1
arrived:	node1#43	1
arrived:	node1#24	1
arrived:	node1#6	1
arrived:	node1#17	1
arrived:	node1#22	1
arrived:	node1#13	1
NOTIFS:
node3	:	60	sent
node1	:	60	sent
SUBS:
on	node1
	node1	:	37	received
on	node3
	node3	:	25	received
1262304604 0 - 1 - - - - - - - - - - 
1262304704 0 - 1 0 0 - 0 - - - - - - 
1262304804 0 - 1 0 0 - 0 0 1 - 1 - 1 
1262304904 0 0 1 0 0 0 0 0 1 0 1 1 1 
1262305004 0 0 1 0 0 0 0 0 1 0 1 1 1 
1262305104 0 0 1 0 0 0 0 0 1 0 1 1 1 
1262305204 0 0 1 0 0 0 0 0 1 0.7 0.7 0.7 0.7 
1262305304 0 0.9 1 0.9 0.8 0 0 0 0.5 0.9 0.9 0.5 0.2 
1262305404 0 0.8 1 0.9 0.8 0 0 0.9 0.2 0.8 0.9 0.5 0.2 
1262305504 0 0.8 1 0.9 0.8 0 0 0.9 0.2 0.6 0.8 0.1 0 
1262305604 0 0.2 0.89473684210526 0.9 0.8 0 0 0.9 0.2 1 0.8 0.1 1 
1262305704 0 0.2 0.9 0.9 0.8 0 0 0.6 0.2 1 1 0 1 
1262305804 0.36363636363636 0 0.90909090909091 0.2 0.5 0 0 0.1 0 1 1 0 1 
1262305904 0.33333333333333 0 0.91666666666667 0.1 0.4 0 0 0 0 1 1 0 1 
1262306004 0.32 0 0.88 0 0.4 0 0 0 1 1 0.5 0 0.5 
1262306104 0.2962962962963 0 0.88888888888889 0 0 0 0 0 1 1 0.5 0.5 0.5 
1262306204 0.27586206896552 0.4 0.89655172413793 0 0 0.4 0 0.1 1 0.3 0.1 0.5 0.1 
1262306304 0.26666666666667 0.4 0.9 0.1 0 0.5 0.4 0.1 1 0.3 0.1 1 0.1 
1262306404 0.40625 0.4 0.6875 0.5 0 0.3 0.4 0.4 1 0.3 0.1 0.3 0.7 
1262306504 0.38235294117647 0.4 0.70588235294118 0.5 0 0.1 0.4 0.4 1 0.3 0 0.3 0.9 
1262306604 0.37142857142857 0.6 0.71428571428571 0.4 0 0.1 0.4 0.4 1 0.6 0.3 0.3 1 
1262306704 0.35135135135135 0.5 0.72972972972973 0.7 0 0.1 0.4 1 0.5 0.3 0.3 0.6 1 
1262306804 0.33333333333333 0.5 0.74358974358974 0.7 0 0.1 0.4 1 0.5 0.3 0.3 0.7 1 
1262306904 0.325 0.3 0.75 0.7 0 0.3 0.4 1 0.5 0.5 0.3 0.5 1 
1262307004 0.38095238095238 0.7 0.76190476190476 0.7 0 0.3 1 1 0.5 0.5 0.6 0.5 0.5 
1262307104 0.36363636363636 0.7 0.68181818181818 0.1 0 1 1 1 1 0.8 0.6 0.2 0.4 
1262307204 0.35555555555556 0.7 0.68888888888889 0 0 1 1 1 1 0.8 0.6 0.1 0.1 
1262307304 0.34042553191489 0.7 0.70212765957447 0 0 1 1 1 1 0.6 0.6 0.1 0.1 
1262307404 0.38775510204082 0.7 0.71428571428571 0 0 1 1 1 0.9 0.6 0.6 0.5 0.5 
1262307504 0.52 0.7 0.72 0 0 0 1 1 0.6 0.6 0.6 0.5 0.5 
1262307604 0.5 1 0.71153846153846 0 0 0 1 1 0.6 0.6 0.6 1 0.5 
1262307704 0.48148148148148 0.1 0.72222222222222 0.5 0 0 1 1 0.6 0.6 0.6 1 0.5 
1262307804 0.47272727272727 0.1 0.72727272727273 0.5 0 0 1 1 0.6 1 0.6 1 1 
1262307904 0.45614035087719 0.3 0.73684210526316 0.5 0 1 1 1 0.8 0.7 0.6 0 1 
1262308004 0.45762711864407 0.3 0.74576271186441 0 0 1 1 1 0.8 0 0 0 1 
1262308104 0.61666666666667 0.3 0.75 1 0 1 1 1 0.8 0 0 0 1 
1262308204 0.61666666666667 0.3 0.75 1 0 1 1 1 1 0.7 0 0 1 
1262308304 0.61666666666667 0.3 0.58333333333333 1 0 1 1 1 1 0.9 0 0 0 
1262308404 0.61666666666667 0.3 0.58333333333333 1 0 1 1 1 1 0.9 0 0 0 
1262308504 0.61666666666667 0.3 0.58333333333333 1 0 1 1 1 1 0.9 0 0 0 
1262308604 0.61666666666667 0.3 0.58333333333333 0.9 0 0.5 1 1 1 0.9 0 0 0 
1262308704 0.61666666666667 0.9 0.58333333333333 0.9 0 0.5 1 1 1 0.9 0 0 0 
1262308804 0.61666666666667 0.9 0.58333333333333 0.9 0 0.5 1 1 1 0.9 0 0 0 
1262308904 0.61666666666667 0.9 0.58333333333333 0.9 0 0.5 1 1 1 0.9 0 0 0 
