arrived:	node1#44	1
arrived:	node3#7	1
arrived:	node1#30	1
arrived:	node3#17	1
arrived:	node3#4	1
arrived:	node3#22	1
arrived:	node1#42	1
arrived:	node3#56	1
arrived:	node3#55	1
arrived:	node1#35	1
arrived:	node1#13	1
arrived:	node1#10	1
arrived:	node3#57	1
arrived:	node3#5	1
arrived:	node1#34	1
arrived:	node3#6	1
arrived:	node3#29	1
arrived:	node3#20	1
arrived:	node1#27	1
arrived:	node3#35	1
arrived:	node3#2	1
arrived:	node1#18	1
arrived:	node1#12	1
arrived:	node3#14	1
arrived:	node1#46	1
arrived:	node1#43	1
arrived:	node3#32	1
arrived:	node1#45	1
arrived:	node1#47	1
arrived:	node3#34	1
arrived:	node1#33	1
arrived:	node1#56	1
arrived:	node1#49	1
arrived:	node3#26	1
arrived:	node1#31	1
arrived:	node3#21	1
arrived:	node3#1	1
arrived:	node3#8	1
arrived:	node3#28	1
arrived:	node1#40	1
arrived:	node3#3	1
arrived:	node1#39	1
arrived:	node1#52	1
arrived:	node3#33	1
arrived:	node1#32	1
arrived:	node1#54	1
arrived:	node1#57	1
arrived:	node1#29	1
arrived:	node1#41	1
arrived:	node3#31	1
arrived:	node1#37	1
arrived:	node1#20	1
arrived:	node1#48	1
arrived:	node1#11	1
arrived:	node1#36	1
arrived:	node1#53	1
arrived:	node3#24	1
arrived:	node1#21	1
NOTIFS:
node3	:	60	sent
node1	:	60	sent
SUBS:
on	node1
	node1	:	33	received
on	node3
	node3	:	25	received
1262304604 0 - 1 - - - - - - - - - - 
1262304704 0 - 1 - - - - - - - 1 - - 
1262304804 0 - 1 0 0 - 0 - - 1 1 - - 
1262304904 0 0 1 0 0 - 0 0 0 1 1 1 0 
1262305004 0 0.16666666666667 1 0.16666666666667 0 0 0 0 0.16666666666667 1 1 1 0.5 
1262305104 0 0.44444444444444 1 0.11111111111111 0 0 0.11111111111111 0 0.16666666666667 1 0.5 0.5 0.5 
1262305204 0 0.5 1 0.11111111111111 0.5 0.5 0.11111111111111 0 0.16666666666667 1 0.7 0.5 0.5 
1262305304 0 0.5 0.78571428571429 0.11111111111111 0.5 0.5 0.11111111111111 0 0.5 0.4 0.8 0.5 1 
1262305404 0 0.5 0.8 0.11111111111111 0.5 0.5 1 0 1 0.2 1 1 1 
1262305504 0 1 0.82352941176471 0.8 0.5 1 1 0 1 0.2 1 1 1 
1262305604 0.21052631578947 1 0.84210526315789 0.4 0.4 1 1 0.4 1 0.2 1 1 1 
1262305704 0.2 1 0.6 0.4 0 1 1 0.4 1 0.7 1 1 1 
1262305804 0.18181818181818 1 0.63636363636364 0.3 0 1 1 0.4 1 0.9 1 1 1 
1262305904 0.16666666666667 1 0.66666666666667 0.2 0 1 1 0.4 1 0.9 1 1 1 
1262306004 0.16 1 0.68 0.2 0 1 0.3 0.4 1 0.9 1 1 1 
1262306104 0.14814814814815 0.1 0.7037037037037 0.2 0 0.2 0 0.4 1 1 1 1 0.1 
1262306204 0.13793103448276 0 0.72413793103448 0.2 0 0.2 0 0.4 1 1 1 1 0 
1262306304 0.13333333333333 0 0.73333333333333 0.2 0 0 0 0.4 1 1 1 1 0 
1262306404 0.125 0 0.75 0.2 0 0 0 0.4 1 0.2 0.1 1 0.8 
1262306504 0.17647058823529 0 0.76470588235294 0 0 0 0 0.4 1 0.2 0.1 1 0.8 
1262306604 0.17142857142857 0 0.77142857142857 0 0 0 0 0.4 1 0.2 0.1 1 1 
1262306704 0.16216216216216 0 0.78378378378378 0 0 0 0 0.4 1 0.2 0.6 1 1 
1262306804 0.15384615384615 0 0.79487179487179 0 0 0 0 0.4 1 0.2 0.6 1 1 
1262306904 0.15 0 0.8 0 0.9 0 0 0.4 1 0.6 0.6 1 1 
1262307004 0.14285714285714 0 0.71428571428571 1 1 0.6 0 0.4 1 1 0.6 1 1 
1262307104 0.13636363636364 0 0.72727272727273 1 1 1 0.9 0.4 1 1 0 1 1 
1262307204 0.13333333333333 0 0.73333333333333 1 1 1 1 0.4 1 0.2 0.2 1 1 
1262307304 0.12765957446809 0 0.74468085106383 1 1 1 1 0.4 1 0 0.2 0 1 
1262307404 0.12244897959184 0 0.75510204081633 1 1 1 1 0.4 1 0 0.2 0 0 
1262307504 0.12 0 0.76 1 1 1 1 0.4 1 0.2 0.2 0 0 
1262307604 0.11538461538462 0 0.76923076923077 1 1 1 1 0.4 1 0.2 0.2 0 0 
1262307704 0.11111111111111 0.9 0.77777777777778 1 1 1 1 0.4 1 0.2 0.9 0 0 
1262307804 0.27272727272727 0.9 0.78181818181818 1 1 0 1 0.4 1 0.2 0.9 0 0 
1262307904 0.26315789473684 0.9 0.6140350877193 1 1 0 1 0.4 1 0.2 0.9 0 1 
1262308004 0.25423728813559 0.9 0.6271186440678 0.7 1 0.7 0.7 0.4 1 0.2 0.9 0 1 
1262308104 0.25 0.9 0.63333333333333 0.7 1 0.7 0.7 0.4 1 0.2 0.9 0 1 
1262308204 0.25 0.7 0.63333333333333 0.7 1 0.7 0.7 0.4 1 1 0.6 0 1 
1262308304 0.31666666666667 0.7 0.63333333333333 0.7 1 1 1 0.4 1 1 1 0 0.7 
1262308404 0.41666666666667 0.7 0.63333333333333 0 1 1 1 0.4 1 1 1 0 0.7 
1262308504 0.41666666666667 0.7 0.63333333333333 0 1 1 1 0 1 1 1 0 0.7 
1262308604 0.55 0.7 0.63333333333333 0.1 1 0.8 1 0 1 1 1 0 0.7 
1262308704 0.55 0.7 0.63333333333333 1 1 0.7 0.9 0 1 1 1 0 0.7 
1262308804 0.55 0.5 0.58333333333333 1 1 0.7 0.6 0 0.7 1 1 0 0.7 
1262308904 0.55 0 0.58333333333333 1 1 0.7 0.6 0 0 1 1 0 0.7 
