arrived:	node1#19	1
arrived:	node3#7	1
arrived:	node1#30	1
arrived:	node3#17	1
arrived:	node3#22	1
arrived:	node1#38	1
arrived:	node3#30	1
arrived:	node3#52	1
arrived:	node3#2	1
arrived:	node1#49	1
arrived:	node3#29	1
arrived:	node1#43	1
arrived:	node1#26	1
arrived:	node3#46	1
arrived:	node1#33	1
arrived:	node1#31	1
arrived:	node3#16	1
arrived:	node3#53	1
arrived:	node1#29	1
arrived:	node3#35	1
arrived:	node1#51	1
arrived:	node1#20	1
arrived:	node3#39	1
arrived:	node1#17	1
arrived:	node3#45	1
arrived:	node3#51	1
arrived:	node3#40	1
arrived:	node3#27	1
arrived:	node1#42	1
arrived:	node3#54	1
arrived:	node3#15	1
arrived:	node1#24	1
arrived:	node3#12	1
arrived:	node1#52	1
arrived:	node3#60	1
arrived:	node1#59	1
arrived:	node1#27	1
arrived:	node1#18	1
arrived:	node1#25	1
arrived:	node1#46	1
arrived:	node3#6	1
arrived:	node1#23	1
arrived:	node1#28	1
arrived:	node3#56	1
arrived:	node1#55	1
arrived:	node3#49	1
arrived:	node3#1	1
arrived:	node3#57	1
arrived:	node1#40	1
arrived:	node3#42	1
arrived:	node1#35	1
arrived:	node1#22	1
arrived:	node3#55	1
arrived:	node1#34	1
arrived:	node3#48	1
arrived:	node3#23	1
arrived:	node1#48	1
arrived:	node1#41	1
arrived:	node3#31	1
arrived:	node3#18	1
arrived:	node3#47	1
arrived:	node1#47	1
arrived:	node1#45	1
arrived:	node1#36	1
arrived:	node3#58	1
arrived:	node3#24	1
arrived:	node3#3	1
NOTIFS:
node3	:	60	sent
node1	:	60	sent
SUBS:
on	node1
	node1	:	32	received
on	node3
	node3	:	35	received
1262304604 0 - 1 0 0 - - 0 1 1 - - - 
1262304704 0 - 1 0 0 - 0 0 1 1 - 1 - 
1262304804 0 - 1 0 0 0 0 0 1 1 - 1 1 
1262304904 0 0 1 0 0 0 0 0 1 1 1 1 1 
1262305004 0 0.77777777777778 1 0.77777777777778 0 0 0 0 1 0.77777777777778 0.77777777777778 0.77777777777778 0.77777777777778 
1262305104 0 0.77777777777778 0.9 0.7 0 0.77777777777778 0 0.7 0.77777777777778 0.77777777777778 0.77777777777778 0.77777777777778 0.77777777777778 
1262305204 0 0.77777777777778 0.91666666666667 0.7 0 0.7 0.7 0.7 0.8 0.8 0.77777777777778 0.8 0.5 
1262305304 0 0.6 0.92857142857143 0.7 0 0.7 0.7 0.7 0.8 1 0.8 0.8 0.4 
1262305404 0 0.6 0.93333333333333 0.7 0.2 0.7 0.7 0.7 0.8 1 0.8 0.8 0.4 
1262305504 0 0.7 0.94117647058824 0.7 1 0.6 1 0.9 0.6 1 0.6 0.4 0.7 
1262305604 0 0.7 0.94736842105263 1 1 0.6 1 0.9 0.6 0.7 0.6 0.4 0.8 
1262305704 0 0.7 0.9 1 1 0.6 1 0.9 0.6 0.6 0.6 0.4 1 
1262305804 0 0.8 0.90909090909091 1 1 0.6 1 0.9 0.8 0.6 0.8 0.4 1 
1262305904 0 0.8 0.83333333333333 1 1 0.8 1 0.9 0.9 0.6 0.9 0.4 1 
1262306004 0 0.8 0.84 0 1 0.8 1 0.9 1 0.6 1 0.4 1 
1262306104 0 0.8 0.85185185185185 0 0 0.8 0 0.8 1 0.6 1 0.4 1 
1262306204 0 0.8 0.86206896551724 0 0 0 0 0.8 1 0.6 1 0.4 1 
1262306304 0 1 0.86666666666667 0 0 0 0 1 1 0.6 1 0.4 1 
1262306404 0 1 0.875 0 0 0 0 1 1 1 1 0.4 1 
1262306504 0 1 0.88235294117647 0 0 0 0 1 1 1 1 0.4 1 
1262306604 0 1 0.88571428571429 1 0 1 0 1 1 1 1 0.4 1 
1262306704 0 0.4 0.89189189189189 1 1 1 1 1 1 1 0.4 0 1 
1262306804 0 0.4 0.8974358974359 1 1 1 1 1 0.4 1 0.4 0 1 
1262306904 0 0.4 0.75 1 1 1 1 1 1 0.4 0.4 0 1 
1262307004 0 0.4 0.76190476190476 1 1 0 1 0 1 0.4 0.4 0 1 
1262307104 0.090909090909091 0.4 0.77272727272727 0 1 0 1 0 1 0.4 0.4 0 1 
1262307204 0.088888888888889 0.4 0.77777777777778 0 0 0 1 0 1 0.4 0.4 0 1 
1262307304 0.19148936170213 0.8 0.78723404255319 0 0 0 1 0 1 0.4 0.4 0 1 
1262307404 0.20408163265306 0 0.79591836734694 0.4 0 0 0 0 0 0.4 1 1 1 
1262307504 0.2 0 0.8 1 0 0 1 1 0 0.4 1 1 1 
1262307604 0.38461538461538 0 0.80769230769231 0.4 0 0.9 1 0.4 0 0.4 1 1 1 
1262307704 0.37037037037037 0 0.81481481481481 0.2 1 0.7 1 0.2 0 0 0 1 1 
1262307804 0.36363636363636 0 0.72727272727273 0.2 1 0.7 0.5 0.2 0.8 0 0 0.8 0.1 
1262307904 0.35087719298246 0 0.73684210526316 0.2 1 0.7 0.2 0.2 0.8 0 0.1 0.8 0.8 
1262308004 0.33898305084746 0 0.59322033898305 0.2 1 0.7 0.1 0.2 0.1 0 0.1 0.8 0.8 
1262308104 0.33333333333333 0 0.6 0.2 1 0.7 0.1 0 0.1 0 0.1 0.8 0.8 
1262308204 0.33333333333333 0.3 0.6 0 1 0.3 0.8 0.8 0 0 1 0.8 1 
1262308304 0.33333333333333 0.6 0.6 0.6 1 0.3 0.8 0.8 0 0 1 0.8 1 
1262308404 0.33333333333333 0.6 0.6 0.8 1 0.2 0.8 0.8 0 0 0 1 1 
1262308504 0.33333333333333 0.7 0.6 0.9 1 0.4 0.9 0.8 0.7 0 0 1 0 
1262308604 0.33333333333333 0.7 0.6 1 1 0.4 0.9 0.9 0.7 0 0 1 0 
1262308704 0.46666666666667 0.7 0.6 1 1 0.4 0.9 0.9 0.7 0 0 1 0 
1262308804 0.53333333333333 0.7 0.43333333333333 1 1 0.4 0.9 0.8 1 0 0 1 0 
1262308904 0.53333333333333 0.7 0.43333333333333 1 1 0.4 0.9 0.8 1 0 0 1 0 
