arrived:	node1#19	1
arrived:	node1#5	1
arrived:	node3#45	1
arrived:	node1#14	1
arrived:	node1#30	1
arrived:	node3#40	1
arrived:	node1#42	1
arrived:	node1#24	1
arrived:	node1#13	1
arrived:	node1#15	1
arrived:	node1#53	1
arrived:	node3#48	1
arrived:	node1#34	1
arrived:	node3#44	1
arrived:	node3#37	1
arrived:	node1#9	1
arrived:	node1#27	1
arrived:	node3#35	1
arrived:	node3#36	1
arrived:	node1#18	1
arrived:	node3#13	1
arrived:	node1#25	1
arrived:	node3#11	1
arrived:	node1#2	1
arrived:	node1#1	1
arrived:	node3#12	1
arrived:	node1#32	1
arrived:	node3#46	1
arrived:	node1#33	1
arrived:	node1#23	1
arrived:	node1#28	1
arrived:	node1#57	1
arrived:	node1#31	1
arrived:	node1#55	1
arrived:	node1#8	1
arrived:	node1#49	1
arrived:	node1#48	1
arrived:	node1#12	1
arrived:	node1#56	1
arrived:	node1#50	1
arrived:	node1#47	1
arrived:	node1#16	1
arrived:	node3#10	1
arrived:	node1#54	1
arrived:	node1#38	1
arrived:	node1#29	1
arrived:	node1#41	1
arrived:	node1#36	1
arrived:	node1#7	1
arrived:	node1#20	1
arrived:	node1#22	1
arrived:	node1#11	1
arrived:	node1#6	1
arrived:	node1#17	1
arrived:	node1#10	1
arrived:	node1#21	1
NOTIFS:
node3	:	60	sent
node1	:	60	sent
SUBS:
on	node1
	node1	:	44	received
on	node3
	node3	:	12	received
1262304604 0 - 1 - - - - - - - - - - 
1262304704 0 - 1 - - - - - - - - - - 
1262304804 0 - 1 - - - - - - - - - - 
1262304904 0 - 1 - - - - - - - - - - 
1262305004 0 - 1 - 0 - - - 1 - - - - 
1262305104 0 - 1 - 0 - - - 1 1 1 1 - 
1262305204 0 - 1 - 0 - - - 1 1 1 1 1 
1262305304 0 1 1 - 1 - - - 1 1 1 1 1 
1262305404 0 1 1 1 1 0 0 1 1 1 1 1 1 
1262305504 0.29411764705882 1 1 1 0.5 0.5 1 1 1 1 1 1 1 
1262305604 0.26315789473684 1 1 1 0.5 0.7 1 1 1 1 1 1 1 
1262305704 0.25 1 1 1 0.6 0.7 1 1 1 1 1 1 1 
1262305804 0.22727272727273 1 1 1 0.6 0.7 1 1 1 1 1 1 1 
1262305904 0.20833333333333 0.6 1 1 0.6 0.6 1 1 1 0.6 1 0.6 0.8 
1262306004 0.4 0.6 1 1 0.6 0.2 1 0.6 1 0.6 1 0.6 0.8 
1262306104 0.51851851851852 0.6 1 1 0 0.2 0.9 0 1 0.6 0.6 0.6 0.8 
1262306204 0.48275862068966 0.6 0.86206896551724 1 0 0 0.8 0 0.8 0.8 0.6 1 0.8 
1262306304 0.46666666666667 0.8 0.86666666666667 1 0 0 0.6 0 0.8 0.8 0.6 1 0.8 
1262306404 0.4375 0.8 0.875 1 0 0 0.5 0 0.8 0.8 0.6 1 0.8 
1262306504 0.41176470588235 0.8 0.88235294117647 1 0 0 0.2 0 0.8 0.8 0.6 1 1 
1262306604 0.4 0.8 0.88571428571429 1 0 0 0.1 0 0.8 0.8 0.6 1 1 
1262306704 0.40540540540541 0.8 0.89189189189189 0.9 0.7 0.1 0.8 0 0.8 0.8 0.6 1 1 
1262306804 0.38461538461538 0.8 0.8974358974359 0.9 0.8 0.1 0.8 0 0.8 0.8 0.5 1 1 
1262306904 0.375 0.8 0.9 0.7 1 0.8 1 0 0.8 0.8 0.6 1 1 
1262307004 0.35714285714286 0.8 0.85714285714286 0.7 1 0.8 1 0 0.6 1 1 1 0.8 
1262307104 0.34090909090909 0.6 0.86363636363636 0.7 1 0.9 0.9 0.4 0.6 1 1 0.8 0.8 
1262307204 0.53333333333333 0.4 0.86666666666667 0.5 1 0.9 0.9 0.4 0.6 1 1 0.8 0.8 
1262307304 0.5531914893617 0.4 0.87234042553191 0.5 1 0.9 0 0.4 0.6 1 1 0.8 0.8 
1262307404 0.53061224489796 0.8 0.87755102040816 0.1 1 0.9 0 1 0.4 1 0.8 0.8 0.8 
1262307504 0.52 0.8 0.88 0.1 1 0.9 0 1 0.4 1 0.8 0.8 0.8 
1262307604 0.65384615384615 1 0.88461538461538 0.1 1 0 0 1 0.4 1 0.8 1 0.8 
1262307704 0.62962962962963 1 0.88888888888889 0.1 1 0 0 1 0.4 1 1 1 0.6 
1262307804 0.61818181818182 1 0.89090909090909 0.6 1 0 0 1 0.4 1 1 1 0.4 
1262307904 0.59649122807018 1 0.89473684210526 0.6 1 0 0 1 0.4 1 0.6 1 0.9 
1262308004 0.57627118644068 1 0.89830508474576 0.5 1 0.3 0 1 0.4 1 0.6 1 1 
1262308104 0.56666666666667 0.9 0.86666666666667 0.3 1 1 0 0.4 0.4 1 0.6 1 1 
1262308204 0.6 0.9 0.86666666666667 0.3 1 1 0 0.2 0.4 1 0.6 1 1 
1262308304 0.6 0.9 0.86666666666667 0.3 1 1 0 0 0.4 1 0.6 0.8 1 
1262308404 0.6 0.9 0.86666666666667 0.3 1 1 0 0 0.4 1 0.6 0.8 1 
1262308504 0.6 0.9 0.86666666666667 0.6 1 1 0 0.9 0.4 1 0.6 0.8 1 
1262308604 0.73333333333333 0.9 0.86666666666667 0.7 1 0.8 0 0.9 0.4 1 0.6 0.8 1 
1262308704 0.73333333333333 0.9 0.8 0.7 1 0.4 0 1 0 0.9 0.6 0.7 1 
1262308804 0.73333333333333 0.8 0.8 0.7 1 0.4 0 1 0 0.9 0.6 0.6 1 
1262308904 0.73333333333333 0 0.8 0.7 1 0.4 0 1 0 0.9 0.6 0 1 
