arrived:	node1#5	1
arrived:	node3#7	1
arrived:	node3#9	1
arrived:	node3#51	1
arrived:	node1#7	1
arrived:	node3#17	1
arrived:	node3#40	1
arrived:	node3#4	1
arrived:	node3#22	1
arrived:	node3#15	1
arrived:	node1#10	1
arrived:	node3#5	1
arrived:	node3#3	1
arrived:	node1#9	1
arrived:	node1#27	1
arrived:	node3#2	1
arrived:	node3#1	1
arrived:	node3#53	1
arrived:	node1#25	1
arrived:	node1#46	1
arrived:	node1#2	1
arrived:	node1#1	1
arrived:	node1#3	1
arrived:	node1#26	1
arrived:	node3#56	1
arrived:	node3#55	1
arrived:	node1#23	1
arrived:	node1#28	1
arrived:	node3#50	1
arrived:	node3#48	1
arrived:	node3#57	1
arrived:	node3#58	1
arrived:	node3#8	1
arrived:	node3#49	1
arrived:	node1#12	1
arrived:	node3#47	1
arrived:	node3#42	1
arrived:	node1#4	1
arrived:	node1#56	1
arrived:	node3#10	1
arrived:	node3#20	1
arrived:	node3#18	1
arrived:	node3#19	1
arrived:	node3#13	1
arrived:	node3#26	1
arrived:	node3#6	1
arrived:	node3#14	1
arrived:	node3#21	1
arrived:	node1#11	1
arrived:	node3#39	1
arrived:	node3#41	1
arrived:	node3#24	1
arrived:	node3#43	1
NOTIFS:
node3	:	60	sent
node1	:	60	sent
SUBS:
on	node1
	node1	:	17	received
on	node3
	node3	:	36	received
1262304604 0 - 1 - - - - - - - - - - 
1262304704 0 - 1 - - 0 - - - - - - - 
1262304804 0 - 1 0 - 0 0 0 - - - - - 
1262304904 0 - 1 0 - 0 0 0 - - - - - 
1262305004 0 - 1 0 - 0 0 0 - - - - - 
1262305104 0 0 1 0 0 0 0 0 - - 1 - - 
1262305204 0 0 1 0 0 0 0 0 0 1 1 - 0 
1262305304 0 0 1 0 0 0 0 0 0 1 1 - 0 
1262305404 0 1 1 1 0 1 1 1 0 1 1 1 0 
1262305504 0 0.8 1 0.8 0.6 0.8 0.7 0.8 0 0 1 1 0 
1262305604 0 0.8 0.52631578947368 0.8 1 0.8 0.7 0.8 0.7 0.1 1 0.1 0 
1262305704 0 0.8 0.55 0.7 1 0.8 0 0.8 0.9 0.1 1 0.2 0 
1262305804 0.31818181818182 0.8 0.59090909090909 0 1 0.8 0 0.8 0.9 0 1 0.3 0 
1262305904 0.29166666666667 0.8 0.625 0 0.1 0.8 0 0.8 0.9 0.3 1 0.3 0.1 
1262306004 0.28 0.8 0.56 0 0.1 0.7 0 0.8 0.9 0.3 1 0.8 0.1 
1262306104 0.25925925925926 0.7 0.59259259259259 0 0 0.7 0 0 0.9 1 1 0.9 1 
1262306204 0.24137931034483 0.7 0.62068965517241 0 0 0.7 0 0 0.9 1 1 0.9 1 
1262306304 0.23333333333333 1 0.63333333333333 0 0 0.7 0 0 0.9 1 1 0.9 1 
1262306404 0.21875 0.6 0.65625 0 0.5 0.7 0.5 0 0.9 0.2 1 0.9 0.2 
1262306504 0.44117647058824 0.6 0.67647058823529 0 0.5 0.6 0.5 0.5 1 0.2 1 0.9 0 
1262306604 0.42857142857143 0.6 0.68571428571429 0 0.8 0.5 0.1 0.5 1 0 0.9 0.8 0 
1262306704 0.40540540540541 0.6 0.7027027027027 0 0.9 0.5 0 0.5 1 0 0.6 0.6 0 
1262306804 0.38461538461538 0.6 0.71794871794872 0 0.9 0.5 0 0 1 0 0 0 0 
1262306904 0.375 0.6 0.725 0 0 0.6 0.4 0 1 0 0 0 0 
1262307004 0.35714285714286 0.6 0.69047619047619 0 0 0.6 0.4 0 1 1 0 0 1 
1262307104 0.34090909090909 0.6 0.70454545454545 0 0 0.6 0.4 0 1 1 0 0 1 
1262307204 0.33333333333333 0.6 0.53333333333333 0 0 0.6 0.4 0 0.1 1 0 0 1 
1262307304 0.31914893617021 1 0.5531914893617 0 0 1 0.4 0 0.2 1 0 0 1 
1262307404 0.30612244897959 1 0.57142857142857 0 0 1 0.4 0 0.2 1 0 1 1 
1262307504 0.3 1 0.58 0 0 1 0.4 0 0.2 1 0 1 1 
1262307604 0.28846153846154 1 0.59615384615385 0 0.4 0.1 1 0 0.2 1 0 1 1 
1262307704 0.27777777777778 1 0.61111111111111 0 0.4 0.2 0.1 0 0.2 1 0 1 1 
1262307804 0.27272727272727 1 0.61818181818182 0 0.5 0.2 0.1 0 0.2 1 0 1 1 
1262307904 0.26315789473684 1 0.63157894736842 0 0.5 0.2 0.1 0 0.8 0.1 0 0.1 1 
1262308004 0.25423728813559 1 0.64406779661017 0 1 0.2 0.1 0 0.9 0.1 0 0.1 0.1 
1262308104 0.25 1 0.65 0 1 0 0.1 0 1 0.1 0 0.1 0.1 
1262308204 0.26666666666667 0 0.65 0 0 0 0 0 1 0.1 0 0.1 0.5 
1262308304 0.26666666666667 0 0.56666666666667 0 0 0 0 0 1 0 0 0.1 0.5 
1262308404 0.26666666666667 0.5 0.56666666666667 0 0 0.1 0 0 1 0.5 0 0.1 0.5 
1262308504 0.26666666666667 0.7 0.56666666666667 0 0 0.1 0 0.1 1 0.5 0 0.5 0 
1262308604 0.26666666666667 0.7 0.56666666666667 0 0 0.1 0.1 0.1 1 0.5 0 0.5 0 
1262308704 0.28333333333333 0.7 0.56666666666667 0 0 0.1 0.1 0.7 1 0.5 0 0.5 0 
1262308804 0.28333333333333 0.7 0.48333333333333 0 0 0.1 0.1 0.7 1 0.5 0 0.5 0 
1262308904 0.28333333333333 0.7 0.4 0 0 0.1 0.1 0.7 1 0.5 0 0.5 0 
