arrived:	node1#5	1
arrived:	node3#51	1
arrived:	node1#30	1
arrived:	node3#17	1
arrived:	node3#27	1
arrived:	node3#22	1
arrived:	node1#38	1
arrived:	node3#44	1
arrived:	node1#35	1
arrived:	node1#13	1
arrived:	node1#52	1
arrived:	node3#42	1
arrived:	node3#5	1
arrived:	node1#34	1
arrived:	node3#52	1
arrived:	node3#50	1
arrived:	node1#9	1
arrived:	node1#27	1
arrived:	node3#49	1
arrived:	node3#46	1
arrived:	node1#49	1
arrived:	node3#36	1
arrived:	node3#37	1
arrived:	node1#46	1
arrived:	node1#2	1
arrived:	node1#1	1
arrived:	node1#3	1
arrived:	node1#47	1
arrived:	node3#34	1
arrived:	node1#50	1
arrived:	node3#21	1
arrived:	node1#28	1
arrived:	node3#28	1
arrived:	node1#31	1
arrived:	node3#35	1
arrived:	node1#8	1
arrived:	node1#4	1
arrived:	node3#16	1
arrived:	node1#40	1
arrived:	node3#32	1
arrived:	node1#39	1
arrived:	node1#53	1
arrived:	node3#33	1
arrived:	node3#25	1
arrived:	node1#54	1
arrived:	node3#29	1
arrived:	node1#29	1
arrived:	node1#37	1
arrived:	node3#31	1
arrived:	node3#23	1
arrived:	node3#14	1
arrived:	node3#20	1
arrived:	node1#7	1
arrived:	node1#36	1
arrived:	node1#48	1
arrived:	node3#24	1
arrived:	node1#6	1
NOTIFS:
node3	:	60	sent
node1	:	60	sent
SUBS:
on	node1
	node1	:	30	received
on	node3
	node3	:	27	received
1262304604 0 - 1 - - - - - 1 1 1 1 1 
1262304704 0 - 1 - - - - - 1 1 1 1 1 
1262304804 0 1 1 1 1 1 1 1 1 1 1 1 1 
1262304904 0 1 1 1 1 1 1 1 1 1 1 1 1 
1262305004 0.18181818181818 1 1 1 1 0.2 1 1 1 1 1 1 1 
1262305104 0.16666666666667 1 1 1 1 0.2 1 0.2 1 1 1 1 1 
1262305204 0.14285714285714 1 1 0.2 1 0.2 1 0 1 1 1 1 1 
1262305304 0.125 0.2 1 0.2 0.2 0.2 1 0 1 1 1 1 1 
1262305404 0.11764705882353 0.4 1 0.2 0.2 0.2 0 0 1 1 1 1 1 
1262305504 0.10526315789474 0.9 1 0.2 0.9 0.2 0 0 1 1 1 0.9 0.7 
1262305604 0.095238095238095 0.9 1 0.2 0.9 0.2 0 0.7 1 1 1 0.9 0.7 
1262305704 0.090909090909091 1 1 0.2 0.9 0 0.7 0.6 1 1 1 1 0.7 
1262305804 0.375 1 1 0.7 0.7 0.7 0.7 0.2 1 0.6 1 1 0.8 
1262305904 0.34615384615385 0.9 1 0.8 0.6 0.9 0.9 0 0.6 0.6 0.7 1 0.8 
1262306004 0.33333333333333 0.9 1 0.8 0.5 0.9 0.7 0.4 0.6 0.6 0.6 1 0.8 
1262306104 0.31034482758621 0.9 0.85185185185185 0.5 0.5 0.7 0.7 0.4 0.6 1 0.6 1 0.9 
1262306204 0.29032258064516 0.9 0.82758620689655 0.5 0.5 0.7 0.7 0.4 0.9 1 0.6 0.9 0.9 
1262306304 0.28125 0.9 0.83333333333333 0.5 0.5 0.7 0.7 0.4 1 1 1 0.9 0.9 
1262306404 0.26470588235294 0.9 0.84375 0.5 0.5 0.7 0.7 0.4 1 0.5 0.6 0.9 0.9 
1262306504 0.25 0.9 0.85294117647059 0 0.5 0 0.7 0.4 1 0.5 0.6 0.6 0.9 
1262306604 0.27027027027027 1 0.74285714285714 0.1 0 0.1 0.8 0.4 1 0.7 0.6 0.6 0.9 
1262306704 0.25641025641026 0.2 0.75675675675676 0.1 0 0.2 1 0.5 1 0.9 0.6 0 0 
1262306804 0.24390243902439 0.2 0.76923076923077 0.7 0 0.2 1 0.6 1 0.9 0.6 0 0 
1262306904 0.23809523809524 0.2 0.775 0.7 0 0.2 1 0.6 1 1 0.6 0 0 
1262307004 0.22727272727273 0.2 0.78571428571429 0.7 0.5 0.2 1 0.6 1 1 0.7 0 0 
1262307104 0.21739130434783 0.2 0.79545454545455 0.7 0.5 0.2 1 0.6 0.2 0.2 0.7 0 0 
1262307204 0.21276595744681 0.2 0.62222222222222 1 0.5 0.2 1 1 0.2 0.2 0.7 0.5 0.7 
1262307304 0.20408163265306 0 0.63829787234043 1 0.5 0.2 1 1 0.5 0.2 0.7 0.7 0.7 
1262307404 0.19607843137255 0.5 0.6530612244898 1 0.5 0.2 1 1 0.5 0.5 0.7 0.7 0.7 
1262307504 0.42307692307692 0.5 0.6 1 0.5 0 1 1 0.5 0.8 0.7 0.8 0.7 
1262307604 0.40740740740741 0.5 0.61538461538462 1 1 0 1 1 0.5 0.9 0.6 0.8 0.7 
1262307704 0.39285714285714 0.5 0.62962962962963 1 0.1 0 1 1 0.5 0.9 0.6 0.8 1 
1262307804 0.3859649122807 0.7 0.63636363636364 0.6 0.3 0 1 1 0.5 0.9 0.6 0.4 1 
1262307904 0.3728813559322 0.4 0.64912280701754 0.8 0.3 0 1 1 0.5 0.4 0.6 0.3 1 
1262308004 0.36065573770492 0.4 0.66101694915254 1 1 0 1 1 0.5 0.3 0.6 0.3 1 
1262308104 0.35483870967742 0.4 0.65 1 1 0 1 1 0.5 0.3 0.6 0.9 1 
1262308204 0.35483870967742 0.4 0.65 1 1 0 1 1 0.1 0.3 0 0.9 1 
1262308304 0.48387096774194 0.4 0.55 1 1 0 0.5 1 0.1 0.6 0 0.9 1 
1262308404 0.48387096774194 0.9 0.55 1 1 0 0.5 1 0.1 0.6 0 0.9 1 
1262308504 0.48387096774194 0.9 0.55 1 0.2 0 0.5 1 0.1 0.6 0 0.9 1 
1262308604 0.48387096774194 0.9 0.55 1 0 0 0.5 1 0.1 0.6 0 0.9 1 
1262308704 0.48387096774194 0.9 0.55 1 0 0 0.5 1 0 0.6 0 0.9 1 
1262308804 0.48387096774194 0.9 0.55 1 0 0 0.5 1 0 0.6 0 0.9 1 
1262308904 0.48387096774194 0.9 0.55 1 0 0 0.5 1 0 0.6 0 0.9 1 
