arrived:	node1#19	1
arrived:	node3#59	1
arrived:	node1#14	1
arrived:	node3#50	1
arrived:	node3#4	1
arrived:	node3#30	1
arrived:	node1#13	1
arrived:	node1#15	1
arrived:	node3#5	1
arrived:	node3#52	1
arrived:	node3#20	1
arrived:	node1#58	1
arrived:	node3#2	1
arrived:	node1#49	1
arrived:	node3#37	1
arrived:	node3#29	1
arrived:	node3#57	1
arrived:	node1#1	1
arrived:	node3#46	1
arrived:	node1#33	1
arrived:	node1#56	1
arrived:	node3#48	1
arrived:	node1#4	1
arrived:	node1#39	1
arrived:	node1#16	1
arrived:	node3#53	1
arrived:	node3#35	1
arrived:	node1#51	1
arrived:	node1#20	1
arrived:	node1#6	1
arrived:	node1#17	1
arrived:	node1#5	1
arrived:	node3#32	1
arrived:	node3#40	1
arrived:	node3#27	1
arrived:	node3#54	1
arrived:	node1#24	1
arrived:	node3#60	1
arrived:	node3#3	1
arrived:	node1#27	1
arrived:	node3#1	1
arrived:	node1#2	1
arrived:	node1#3	1
arrived:	node1#32	1
arrived:	node3#34	1
arrived:	node1#50	1
arrived:	node3#21	1
arrived:	node3#18	1
arrived:	node3#36	1
arrived:	node3#28	1
arrived:	node1#40	1
arrived:	node3#56	1
arrived:	node1#30	1
arrived:	node3#33	1
arrived:	node3#55	1
arrived:	node1#18	1
arrived:	node3#49	1
arrived:	node3#39	1
arrived:	node3#41	1
arrived:	node3#31	1
arrived:	node1#35	1
arrived:	node1#60	1
arrived:	node1#34	1
arrived:	node3#38	1
arrived:	node1#36	1
arrived:	node3#58	1
arrived:	node1#23	1
arrived:	node1#28	1
NOTIFS:
node3	:	60	sent
node1	:	60	sent
SUBS:
on	node1
	node1	:	32	received
on	node3
	node3	:	36	received
1262304604 0 - 1 0 - - - - - - 1 - - 
1262304704 0 - 1 0 - 0 - 0 1 1 1 1 1 
1262304804 0 1 1 0 0 0 1 0 1 1 1 1 1 
1262304904 0 0.28571428571429 1 0.33333333333333 0 0 0.33333333333333 0.28571428571429 0.28571428571429 1 0.28571428571429 1 1 
1262305004 0 0.28571428571429 1 0.28571428571429 0 0 0.33333333333333 0.28571428571429 0.6 1 0.28571428571429 1 1 
1262305104 0 0.28571428571429 0.90909090909091 0.2 0.2 0.2 0.28571428571429 0.28571428571429 0.8 0.6 0.28571428571429 0.8 0.5 
1262305204 0 0.28571428571429 0.84615384615385 0.2 0.2 0.2 0 0.2 1 0.5 0.8 0.8 0.5 
1262305304 0.14285714285714 0.28571428571429 0.86666666666667 0.2 0.2 0.2 0 0.1 1 0.5 0.8 0.8 0.6 
1262305404 0.13333333333333 1 0.875 0 0.2 0.2 0 0 1 0.5 1 1 0.6 
1262305504 0.11764705882353 1 0.88888888888889 0 0.1 0.2 0 0 1 0.5 1 1 0.6 
1262305604 0.10526315789474 0 0.9 0 0.1 0.2 0.4 0 1 0.5 0.6 1 0.6 
1262305704 0.1 0 0.9047619047619 0 0.1 0.2 0.4 0 1 0.5 0.6 1 1 
1262305804 0.090909090909091 0 0.91304347826087 0 0 0.2 0.4 0 1 0.5 1 1 1 
1262305904 0.083333333333333 0 0.92 0 0 0.3 0.4 0 1 0.5 1 1 0.2 
1262306004 0.08 0.1 0.92307692307692 0 0.1 0.3 0.4 0.1 1 0.5 1 1 0 
1262306104 0.074074074074074 0.1 0.92857142857143 0.4 0.1 0.3 0.4 0.1 0.2 0 1 1 0.6 
1262306204 0.10344827586207 0.3 0.83333333333333 0.4 0.3 0.3 0.4 0.3 0 0 1 1 0.8 
1262306304 0.1 0.8 0.83870967741935 0.7 0.7 0.3 0.4 0.3 0 0 1 1 1 
1262306404 0.09375 0.8 0.84848484848485 1 1 1 0.4 0.3 0.8 0 1 1 0.8 
1262306504 0.088235294117647 0.8 0.85714285714286 1 1 1 0.4 0.3 0.8 0 1 1 0.8 
1262306604 0.085714285714286 0.8 0.86111111111111 1 1 1 0.4 0.3 1 0 1 1 0.8 
1262306704 0.35135135135135 0.9 0.86842105263158 0 1 1 0.4 0 1 0 1 1 0.6 
1262306804 0.33333333333333 0.9 0.875 0 1 1 0 0 1 0 1 1 0.6 
1262306904 0.325 0.9 0.8780487804878 0 1 0.1 0 0.4 1 0 1 1 1 
1262307004 0.30952380952381 0.9 0.88372093023256 0 1 0.1 0 0.4 0.8 0 1 1 1 
1262307104 0.29545454545455 1 0.88888888888889 0 1 0.4 0 0.8 0 0 1 1 1 
1262307204 0.44444444444444 1 0.89130434782609 0 0.4 0.4 0 0.8 0 0 1 1 1 
1262307304 0.42553191489362 1 0.89583333333333 0 0.3 0.4 0 0.3 0 0 1 0 0 
1262307404 0.40816326530612 1 0.74 0 0.3 0.4 0 0.3 0 0.4 1 0 0 
1262307504 0.4 1 0.74509803921569 0.4 0 0 0.1 0 0 0.5 1 0 0 
1262307604 0.38461538461538 1 0.75471698113208 0.5 0 0 0.1 0 0 0.6 1 0 0 
1262307704 0.37037037037037 1 0.72727272727273 0.5 0 0 0.1 0 1 0.6 1 0 0.3 
1262307804 0.36363636363636 0.8 0.73214285714286 0.6 0 0 0.1 0 1 1 1 0 0.3 
1262307904 0.35087719298246 0.8 0.74137931034483 1 0 0.3 0.1 0.8 1 1 1 0 1 
1262308004 0.33898305084746 0.8 0.75 1 0 0.3 0.6 0.8 0.7 1 1 0 0 
1262308104 0.35 0.8 0.59016393442623 1 0.5 0.3 0.2 0.2 0 0.5 1 0.1 0 
1262308204 0.4 0.8 0.59016393442623 1 0.5 0.2 0.2 0.2 0 0 1 0.2 0 
1262308304 0.48333333333333 0.8 0.59016393442623 1 0.5 0.2 0.2 0.2 0.2 0 1 0.2 0 
1262308404 0.48333333333333 0.8 0.59016393442623 1 0.5 0.2 0.2 0.2 0.5 0 1 0.2 0.1 
1262308504 0.48333333333333 0.8 0.59016393442623 1 0.5 0.2 0.2 0.2 0.5 0 1 0.2 0.1 
1262308604 0.48333333333333 0.8 0.59016393442623 1 0.5 0.2 0.2 0.2 0.5 0 1 0.2 0.1 
1262308704 0.48333333333333 0.8 0.59016393442623 1 0.5 0.2 0.2 0.2 0.5 0 1 0.2 0.1 
1262308804 0.5 0.8 0.59016393442623 1 0.9 0.2 0.2 0.2 0.5 0 0.2 0.2 0.1 
1262308904 0.5 0.8 0.45901639344262 1 0.9 0.2 0.6 0.5 0.5 0 0.2 0.2 0.2 
