arrived:	node1#44	1
arrived:	node1#5	1
arrived:	node3#45	1
arrived:	node1#7	1
arrived:	node3#40	1
arrived:	node3#22	1
arrived:	node1#38	1
arrived:	node1#57	1
arrived:	node3#60	1
arrived:	node1#34	1
arrived:	node3#52	1
arrived:	node3#20	1
arrived:	node1#58	1
arrived:	node1#46	1
arrived:	node1#2	1
arrived:	node1#1	1
arrived:	node1#3	1
arrived:	node1#32	1
arrived:	node3#38	1
arrived:	node1#56	1
arrived:	node3#18	1
arrived:	node1#31	1
arrived:	node1#55	1
arrived:	node1#4	1
arrived:	node3#16	1
arrived:	node1#59	1
arrived:	node1#39	1
arrived:	node3#59	1
arrived:	node3#55	1
arrived:	node3#57	1
arrived:	node1#54	1
arrived:	node3#56	1
arrived:	node1#43	1
arrived:	node3#44	1
arrived:	node3#42	1
arrived:	node3#39	1
arrived:	node1#60	1
arrived:	node3#23	1
arrived:	node3#21	1
arrived:	node1#6	1
arrived:	node3#58	1
arrived:	node1#36	1
arrived:	node3#43	1
NOTIFS:
node3	:	60	sent
node1	:	60	sent
SUBS:
on	node1
	node1	:	23	received
on	node3
	node3	:	20	received
1262304604 0 - 1 - - - - - - - - - - 
1262304704 0 - 1 - - - - - - 1 - 1 - 
1262304804 0 - 1 - - - - - 1 1 1 1 1 
1262304904 0 1 1 1 - 1 1 - 1 1 1 1 1 
1262305004 0 1 1 1 - 1 1 - 1 1 1 1 1 
1262305104 0 1 1 1 - 1 1 1 1 1 1 1 1 
1262305204 0.16666666666667 1 1 1 1 1 0 1 1 1 1 1 1 
1262305304 0.14285714285714 1 1 1 1 1 0 1 1 1 1 1 1 
1262305404 0.13333333333333 1 1 0 1 1 0 0 1 1 1 1 1 
1262305504 0.11764705882353 0 1 0 1 1 0 0 1 1 1 1 1 
1262305604 0.10526315789474 0.5 1 0 0.7 1 0 0 0.2 1 0.7 1 0.2 
1262305704 0.1 0.5 1 0 0.7 0 0 0 0.2 1 1 1 0.2 
1262305804 0.090909090909091 0.5 1 0 0.7 0 0 0 0.2 1 1 1 0.2 
1262305904 0.083333333333333 0.5 1 0 0.7 0 0 0 1 1 1 1 0.2 
1262306004 0.08 1 1 0 0.7 0 0 0 1 1 1 1 1 
1262306104 0.22222222222222 0.6 1 0 0.7 0 0 0 1 1 1 1 1 
1262306204 0.24137931034483 0.6 1 0 0.7 0.4 0 0.4 0.6 1 1 1 1 
1262306304 0.23333333333333 0.6 1 0 0.7 0.3 0 0.3 0.5 1 1 1 0.4 
1262306404 0.21875 0.6 1 0 1 0.3 0 0.3 0.5 0.5 1 1 0.4 
1262306504 0.20588235294118 0.4 1 0 1 0 0 0.7 0.5 0.5 1 1 0.4 
1262306604 0.2 0.8 1 0 1 0 0 1 0.5 0.4 0.8 0.5 0.4 
1262306704 0.18918918918919 0.8 1 0 1 0 0 1 0.5 0.4 0.8 0.4 0.4 
1262306804 0.17948717948718 0.8 1 0 0.7 0 0 0.4 0.5 0.4 0.8 0.2 0.4 
1262306904 0.175 0.8 0.85 0 0.7 0 0 0.4 1 0.4 0.8 0.2 0.4 
1262307004 0.16666666666667 0.6 0.85714285714286 0 0.6 0 0 0.4 1 0.4 0.8 0.2 0.4 
1262307104 0.15909090909091 0.4 0.86363636363636 0 0.6 0 0 0.4 0.8 0.4 0.8 1 0.4 
1262307204 0.15555555555556 0 0.86666666666667 0.3 0.6 0 0 0 0.8 0.4 0.5 1 0.3 
1262307304 0.14893617021277 0.8 0.87234042553191 0.3 0.2 0 0 0 0.6 0.4 0.5 1 0.3 
1262307404 0.14285714285714 1 0.87755102040816 1 0.2 1 1 1 0.5 0.4 0.5 0.7 0.3 
1262307504 0.32 1 0.88 1 0.2 1 1 0.5 0.8 0.4 1 0.7 0.3 
1262307604 0.30769230769231 1 0.84615384615385 1 0.2 1 1 0.4 1 0.4 1 0.7 0.3 
1262307704 0.2962962962963 1 0.83333333333333 0.6 0.2 1 1 0.4 1 0.4 1 0.7 0.3 
1262307804 0.29090909090909 1 0.83636363636364 0.6 0.2 0 1 0 1 0.4 1 0.9 0.3 
1262307904 0.28070175438596 0.6 0.84210526315789 0.6 0.4 0 1 0 0.6 0.4 0.8 1 0.3 
1262308004 0.27118644067797 0.6 0.77966101694915 0.8 0.4 0.4 1 0 0.6 0.4 0.6 1 0.3 
1262308104 0.26666666666667 0.2 0.78333333333333 0.8 0 0.8 1 0.2 0.2 0.4 0.7 1 0.3 
1262308204 0.26666666666667 0.3 0.78333333333333 1 0 1 1 0.2 0.7 0.4 0.6 0.6 0.3 
1262308304 0.26666666666667 0.3 0.78333333333333 1 0 1 0 0.2 0.7 0.4 0.6 0.6 0.3 
1262308404 0.26666666666667 0.7 0.73333333333333 1 0 0.7 0 0.8 0.7 0.4 0.6 0.6 0.3 
1262308504 0.31666666666667 0.7 0.73333333333333 1 0 0.7 0.3 0.8 0.7 0.4 0.6 0.6 0.3 
1262308604 0.31666666666667 0.7 0.73333333333333 1 0 0.7 0.3 0.8 0.7 0.4 0.6 0.6 0.3 
1262308704 0.31666666666667 0.7 0.71666666666667 1 0 0.7 0.3 0.8 0.7 0.4 0.3 0.6 0.3 
1262308804 0.31666666666667 0.7 0.71666666666667 1 0 0.7 0.3 0.8 0.7 0.4 0.3 0.6 0.3 
1262308904 0.38333333333333 0.7 0.71666666666667 1 0 0.7 0.5 0.8 0.7 0.4 0.3 0.6 0.3 
