arrived:	node1#44	1
arrived:	node1#5	1
arrived:	node3#32	1
arrived:	node3#29	1
arrived:	node1#30	1
arrived:	node3#17	1
arrived:	node3#28	1
arrived:	node3#30	1
arrived:	node3#27	1
arrived:	node3#33	1
arrived:	node3#35	1
arrived:	node1#38	1
arrived:	node3#21	1
arrived:	node3#15	1
arrived:	node1#24	1
arrived:	node3#12	1
arrived:	node1#15	1
arrived:	node3#31	1
arrived:	node3#26	1
arrived:	node3#3	1
arrived:	node3#25	1
arrived:	node3#20	1
arrived:	node1#9	1
arrived:	node1#27	1
arrived:	node3#23	1
arrived:	node3#2	1
arrived:	node1#18	1
arrived:	node3#19	1
arrived:	node1#25	1
arrived:	node1#46	1
arrived:	node1#2	1
arrived:	node1#1	1
arrived:	node1#3	1
arrived:	node1#26	1
arrived:	node3#46	1
arrived:	node3#18	1
arrived:	node1#56	1
arrived:	node1#28	1
arrived:	node3#13	1
arrived:	node1#31	1
arrived:	node1#55	1
arrived:	node1#8	1
arrived:	node1#4	1
arrived:	node3#16	1
arrived:	node1#40	1
arrived:	node3#14	1
arrived:	node1#39	1
arrived:	node3#1	1
arrived:	node1#16	1
arrived:	node1#49	1
arrived:	node1#54	1
arrived:	node1#47	1
arrived:	node1#29	1
arrived:	node1#41	1
arrived:	node1#51	1
arrived:	node1#52	1
arrived:	node1#20	1
arrived:	node1#19	1
arrived:	node1#48	1
arrived:	node1#6	1
arrived:	node1#17	1
arrived:	node1#7	1
arrived:	node1#53	1
NOTIFS:
node3	:	60	sent
node1	:	60	sent
SUBS:
on	node1
	node1	:	38	received
on	node3
	node3	:	25	received
1262304604 0 - 1 - - 0 - 0 - - - - - 
1262304704 0 - 1 - - 0 - 0 - 1 1 1 1 
1262304804 0 0 1 - 0 0 - 0 1 1 1 1 1 
1262304904 0 0 1 0 0 0 0 0 1 1 1 1 1 
1262305004 0 0.66666666666667 1 0.66666666666667 0 0 0 0 1 1 1 1 0.66666666666667 
1262305104 0 0.8 1 0.66666666666667 0 0 0.66666666666667 0 1 1 0.75 0.9 0.7 
1262305204 0 0.9 1 0.9 0 0.9 0.9 0 0.7 1 0.7 0.7 0.7 
1262305304 0.28571428571429 0.9 0.78571428571429 0.9 0 0.5 0.9 0.7 0.7 0.7 0.7 0.7 0.7 
1262305404 0.26666666666667 0.9 0.8 0.9 0.5 0.5 0.7 0.7 0.7 0.7 0.7 0.7 0.9 
1262305504 0.23529411764706 0.7 0.82352941176471 0 0.5 0.3 0.7 0.7 0.4 0.7 0.7 0.7 1 
1262305604 0.21052631578947 0.7 0.84210526315789 0 0.5 0.1 0.7 0.7 0.4 0.7 0.7 0.8 1 
1262305704 0.2 0.7 0.85 0 0.5 0.1 0.1 0.7 0.7 0.6 0.5 1 1 
1262305804 0.18181818181818 0.4 0.86363636363636 0 0.7 0.6 0.5 0.7 0.7 0.3 0.3 1 0.7 
1262305904 0.16666666666667 0.6 0.75 0 1 0.5 0.4 0.7 0.8 0.3 0.5 1 0.3 
1262306004 0.32 0.6 0.76 0 1 0.3 0.4 0.4 0.9 0.3 0.5 0.8 0.3 
1262306104 0.2962962962963 0.6 0.66666666666667 0 1 0.2 0.4 0.4 0.7 0.9 0.5 0.3 0.4 
1262306204 0.27586206896552 0.5 0.6551724137931 0 0.3 0.4 0.4 0.7 0.6 1 1 0 0.8 
1262306304 0.26666666666667 0.2 0.66666666666667 0 0.2 0.5 0.4 0.7 0.6 1 1 0 1 
1262306404 0.25 0.6 0.6875 0.1 0 0.6 0.4 1 0.3 0.3 0.3 0 0.3 
1262306504 0.23529411764706 0.6 0.70588235294118 0.6 0 0.6 0 1 0.3 0.2 0.2 0 0.3 
1262306604 0.22857142857143 0.4 0.54285714285714 0.7 0.6 0.6 0 1 0.3 0.2 0.3 0 0.6 
1262306704 0.21621621621622 0.4 0.56756756756757 0.7 0.7 0.6 0 1 0.3 0.2 0.3 0 0.8 
1262306804 0.46153846153846 0.4 0.58974358974359 0.4 0.7 0.6 0 0.4 0.6 0.2 0.3 0 0.8 
1262306904 0.45 0.4 0.6 0.4 0.4 0.6 0.1 0.3 0.6 0.2 0.3 0.1 0.8 
1262307004 0.42857142857143 0.6 0.61904761904762 0.1 0.4 0.6 0.3 0.3 0.6 0.2 0.9 0.1 0.8 
1262307104 0.40909090909091 0.6 0.63636363636364 0.1 0.4 0.6 0.3 0 1 1 0.9 0.3 0.8 
1262307204 0.4 0.6 0.64444444444444 0.6 0 0.6 0.2 0 1 1 0.9 0.3 0.8 
1262307304 0.38297872340426 1 0.65957446808511 0.9 0.5 0.6 0.2 0 1 1 1 0.3 0.8 
1262307404 0.36734693877551 0.8 0.6734693877551 0 1 0.6 0.2 1 0.7 0.9 1 0.3 0.8 
1262307504 0.36 0.8 0.68 0 1 0.6 0 1 0.5 0.8 1 0.3 0.8 
1262307604 0.40384615384615 0.8 0.69230769230769 0.3 0.4 0.6 0 1 0.6 0.6 1 0.3 0.8 
1262307704 0.38888888888889 0.8 0.68518518518519 0.4 0.4 0.6 0 0.6 0.6 0.6 1 0.3 0.9 
1262307804 0.4 0.8 0.63636363636364 0.4 0.2 0.6 0 0.6 0.9 0.9 1 0.3 1 
1262307904 0.3859649122807 1 0.64912280701754 1 0.2 0.6 0 0.6 0.9 0.9 1 0.3 1 
1262308004 0.3728813559322 0.6 0.66101694915254 1 0.2 0.6 0 0.8 0.6 0.9 1 0.3 0.6 
1262308104 0.36666666666667 0.6 0.66666666666667 1 0.2 0.6 0 1 0.6 0.9 1 0.3 0.6 
1262308204 0.36666666666667 0.6 0.66666666666667 1 0.2 0.6 0 1 0.6 0.6 1 0.3 0.6 
1262308304 0.53333333333333 0.6 0.66666666666667 0.8 0.6 0.6 0 0 0.6 0.6 1 0.3 0.2 
1262308404 0.53333333333333 0.1 0.66666666666667 0.8 0.6 0.6 0 0 0.6 0.6 1 0.3 0.1 
1262308504 0.55 0.1 0.66666666666667 0.2 0.6 0.6 0 0 0.1 0.6 1 0.3 0.1 
1262308604 0.55 0.5 0.66666666666667 0.2 0.4 0.6 0 0.1 0.1 0.6 1 0.3 0.1 
1262308704 0.55 0.5 0.66666666666667 0.2 0.4 0.6 0.3 0.1 0.1 0.1 1 0.3 0.1 
1262308804 0.55 0.5 0.66666666666667 0.2 0.4 0.6 0.3 0.1 0.5 0.4 1 0.3 0.1 
1262308904 0.55 0.4 0.58333333333333 0.4 0.4 0.6 0.3 0.1 0.5 0.4 1 0.3 0.1 
