arrived:	node1#19	1
arrived:	node3#50	1
arrived:	node3#17	1
arrived:	node3#40	1
arrived:	node3#27	1
arrived:	node3#22	1
arrived:	node1#38	1
arrived:	node3#54	1
arrived:	node1#24	1
arrived:	node1#21	1
arrived:	node3#49	1
arrived:	node3#46	1
arrived:	node3#30	1
arrived:	node3#3	1
arrived:	node3#25	1
arrived:	node3#57	1
arrived:	node3#20	1
arrived:	node1#27	1
arrived:	node1#49	1
arrived:	node3#2	1
arrived:	node1#18	1
arrived:	node3#53	1
arrived:	node1#25	1
arrived:	node3#55	1
arrived:	node1#2	1
arrived:	node3#38	1
arrived:	node3#33	1
arrived:	node1#47	1
arrived:	node3#34	1
arrived:	node1#50	1
arrived:	node1#23	1
arrived:	node1#28	1
arrived:	node3#42	1
arrived:	node3#56	1
arrived:	node3#14	1
arrived:	node1#8	1
arrived:	node1#4	1
arrived:	node1#43	1
arrived:	node1#40	1
arrived:	node3#19	1
arrived:	node3#13	1
arrived:	node3#26	1
arrived:	node1#16	1
arrived:	node3#10	1
arrived:	node1#22	1
arrived:	node1#26	1
arrived:	node1#48	1
arrived:	node1#41	1
arrived:	node1#53	1
arrived:	node1#42	1
arrived:	node1#20	1
arrived:	node3#1	1
arrived:	node3#11	1
arrived:	node3#23	1
arrived:	node1#17	1
arrived:	node3#24	1
arrived:	node3#43	1
NOTIFS:
node3	:	60	sent
node1	:	60	sent
SUBS:
on	node1
	node1	:	26	received
on	node3
	node3	:	31	received
1262304604 0 - 1 - - - - - - - - - - 
1262304704 0 - 1 - - - - - - - - - - 
1262304804 0 - 1 - - - - - - - - - - 
1262304904 0 - 1 - - - - - - - - - - 
1262305004 0 - 1 - - - - - 1 - - - - 
1262305104 0 - 1 - - 0 0 - 1 - - 1 - 
1262305204 0 - 1 - - 0 0 - 1 1 1 1 - 
1262305304 0 1 1 1 1 0 0 1 1 1 1 1 1 
1262305404 0.2 1 1 1 1 0 0 0 1 1 1 1 1 
1262305504 0.17647058823529 1 1 0 0 0 0 0 1 0.3 0.2 1 1 
1262305604 0.15789473684211 1 1 0 0 0 0 0 1 0.4 0.1 1 0.4 
1262305704 0.15 0 0.75 0 0 0 0 0 1 0.4 0.5 1 0.1 
1262305804 0.13636363636364 0 0.77272727272727 0 0 0 0 0 1 0.4 0.7 0.1 0.1 
1262305904 0.125 0 0.79166666666667 0 0 0 0 0 1 0.7 0.7 0.7 0.1 
1262306004 0.12 0.7 0.8 0 0 0 0.7 0 1 0.4 0.7 0.7 0 
1262306104 0.11111111111111 0.7 0.81481481481481 0.7 0 0 0.7 0 1 0.3 0.7 0.7 0 
1262306204 0.10344827586207 0.7 0.82758620689655 0.7 0 0.7 0.7 0 1 0.3 0.7 0.7 0 
1262306304 0.33333333333333 0.7 0.83333333333333 0 0 0.7 0.7 0 1 0.3 1 0.6 0 
1262306404 0.3125 0.8 0.84375 0 0 0.7 0 0.6 1 0.3 1 0.3 0 
1262306504 0.29411764705882 0.5 0.85294117647059 0 0.6 0.2 0 0.5 0.5 0.3 1 0 0 
1262306604 0.28571428571429 0.5 0.85714285714286 0 0.6 0.2 0 0.5 0.5 0.3 1 0 0 
1262306704 0.27027027027027 0.5 0.59459459459459 0 0.6 0.6 0 0.3 0.5 0.2 0.5 0.9 0.2 
1262306804 0.28205128205128 0.5 0.61538461538462 0 0.6 0.6 0 0 0.5 0.2 0.5 0.9 1 
1262306904 0.375 0.5 0.625 0 0 0.6 0.4 0 0.5 0.4 0.5 0.9 1 
1262307004 0.35714285714286 0.5 0.64285714285714 0 0 0.6 0.6 0 0.5 0.6 0.6 1 1 
1262307104 0.34090909090909 0.5 0.65909090909091 0 0 0.6 0.5 0 0.5 0.7 0.7 1 1 
1262307204 0.33333333333333 0.5 0.66666666666667 0 0 0.6 0.5 0 0.5 0.7 0.7 1 1 
1262307304 0.34042553191489 0 0.68085106382979 0 0.4 0.6 0 0.4 0.5 0.7 0.7 0 1 
1262307404 0.40816326530612 0 0.69387755102041 0 0.4 0.6 0.4 0.4 0.5 0.7 0.7 0 1 
1262307504 0.4 0 0.7 0 0.2 1 0.4 0.2 1 0.7 0.7 0 1 
1262307604 0.38461538461538 0 0.71153846153846 0 0 1 0.4 0 1 0.7 0.7 0 1 
1262307704 0.37037037037037 0 0.72222222222222 0 0 1 0.4 0 0 0.7 0.4 0.4 1 
1262307804 0.36363636363636 0.4 0.61818181818182 0 0.4 1 0.6 0 0 0.7 0.6 0.4 0 
1262307904 0.35087719298246 0.6 0.63157894736842 0 0.6 1 0.6 0 0 0.7 0.7 0.2 0.1 
1262308004 0.33898305084746 0.6 0.64406779661017 0 0.6 1 0.6 0 0 0.7 0.7 0.2 0.1 
1262308104 0.33333333333333 0.6 0.65 0 0.6 1 0.6 0 0 0.7 0.7 0.2 0.1 
1262308204 0.33333333333333 0.6 0.65 0 0.6 1 0.6 0 0 0.7 0.6 0.2 0.1 
1262308304 0.43333333333333 0.6 0.63333333333333 0 0.2 1 0.2 0 0 0.7 0.7 1 0.1 
1262308404 0.43333333333333 0.6 0.61666666666667 0 0.2 1 0.2 0 0 0.7 0.8 1 0.1 
1262308504 0.43333333333333 0.6 0.51666666666667 0 0.2 1 0.2 0 0 0.7 0.3 0.6 0.7 
1262308604 0.43333333333333 0.4 0.48333333333333 0 0.2 1 0.2 0 0.2 0.7 0.2 0.6 0.7 
1262308704 0.43333333333333 0.5 0.48333333333333 0 0.2 1 0.2 0 0.2 0.7 0 0.6 0.7 
1262308804 0.43333333333333 0.5 0.48333333333333 0 0.2 1 0.2 0.2 0.2 0.7 0 0.3 0.7 
1262308904 0.43333333333333 0.6 0.48333333333333 0 0.2 1 0.6 0.2 0.2 0.7 0 0.3 0.4 
