arrived:	node3#7	1
arrived:	node3#9	1
arrived:	node3#51	1
arrived:	node3#32	1
arrived:	node3#40	1
arrived:	node3#27	1
arrived:	node3#22	1
arrived:	node3#15	1
arrived:	node3#30	1
arrived:	node3#60	1
arrived:	node3#5	1
arrived:	node3#3	1
arrived:	node3#2	1
arrived:	node3#1	1
arrived:	node3#19	1
arrived:	node3#29	1
arrived:	node3#6	1
arrived:	node3#49	1
arrived:	node3#34	1
arrived:	node3#58	1
arrived:	node3#21	1
arrived:	node3#18	1
arrived:	node3#57	1
arrived:	node3#36	1
arrived:	node3#45	1
arrived:	node3#26	1
arrived:	node1#4	1
arrived:	node3#16	1
arrived:	node3#53	1
arrived:	node3#59	1
arrived:	node3#48	1
arrived:	node3#23	1
arrived:	node3#33	1
arrived:	node3#10	1
arrived:	node3#50	1
arrived:	node3#56	1
arrived:	node3#8	1
arrived:	node3#13	1
arrived:	node3#38	1
arrived:	node3#35	1
arrived:	node3#14	1
arrived:	node3#4	1
arrived:	node3#37	1
arrived:	node3#39	1
arrived:	node3#41	1
arrived:	node3#24	1
arrived:	node3#43	1
NOTIFS:
node3	:	60	sent
node1	:	60	sent
SUBS:
on	node1
	node1	:	1	received
on	node3
	node3	:	46	received
1262304604 0 - 1 - - - - - - - - - - 
1262304704 0 - 1 - - - - - 1 - - - - 
1262304804 0 - 1 - - - - - 1 - - - 1 
1262304904 0 - 1 - - - - - 1 - 1 1 1 
1262305004 0 1 1 - - - 0 1 1 - 1 1 1 
1262305104 0 1 1 0 0 - 0 1 1 1 1 1 1 
1262305204 0 1 1 0 0 1 0 1 1 1 1 1 1 
1262305304 0 1 1 0 0 1 0 1 1 1 1 1 1 
1262305404 0 1 1 0.1 0 0 0 0 1 1 1 1 1 
1262305504 0.1 0 1 0.1 0 0 0 0 1 1 1 1 1 
1262305604 0.090909090909091 0 1 0.1 0 0 0 0 1 1 1 1 0 
1262305704 0.083333333333333 0 1 0.1 0 0 0 0 1 1 1 1 0 
1262305804 0.071428571428571 0 1 0.1 0 0 0 0 1 1 0 1 0 
1262305904 0.0625 0 1 0.1 0 0 0.1 0 1 1 0 1 0 
1262306004 0.058823529411765 0 0.9 0.1 0 0 0.1 0 1 0 0 1 0 
1262306104 0.052631578947368 0 0.91666666666667 0.1 0 0 0.1 0 0 0 0 0 0 
1262306204 0.090909090909091 0 0.92857142857143 0.1 0.1 0 0.1 0 0 0 0 0 0 
1262306304 0.083333333333333 0 0.93333333333333 0.1 0.1 0 0.1 0 0 0 0 0 0 
1262306404 0.071428571428571 0 0.94117647058824 0.1 0.1 0 0 0 0 0 0 0 0 
1262306504 0.0625 0 0.94736842105263 0.1 0.1 0 0 0 0 0 0 0 0 
1262306604 0.058823529411765 0 0.95 0.1 0.1 0 0 0 0 0 0 0 0 
1262306704 0.052631578947368 0 0.95454545454545 0.1 0.1 0 0 0 0 0 0 0 0 
1262306804 0.047619047619048 0 0.95833333333333 0.1 0.1 0 0 0 0 0 0 0 0 
1262306904 0.045454545454545 0 0.9 0.1 0.1 0 0 0 0.8 0 0 0 0 
1262307004 0.041666666666667 0 0.91666666666667 0.1 0.1 0 0 0 0.8 0 0 0 0 
1262307104 0.038461538461538 0 0.92857142857143 0.1 0.1 0 0 0 0.8 0 0 0 0 
1262307204 0.037037037037037 0 0.9 0.1 0.1 0 0 0 0.8 0 0 0 0 
1262307304 0.03448275862069 0 0.90909090909091 0.1 0.1 0 0 0 0.8 0 0 0 0 
1262307404 0.032258064516129 0 0.92307692307692 0.1 0.1 0 0 0 0.8 0 0 0 0 
1262307504 0.03125 0 0.92857142857143 0.1 0.1 0 0 0 0.8 0 0 0 0 
1262307604 0.029411764705882 0 0.9 0.1 0.1 0 0 0 0.8 0 0 0 0 
1262307704 0.027777777777778 0 0.91666666666667 0.1 0.1 0 0 0 0.8 0 0 0 0 
1262307804 0.027027027027027 0 0.92307692307692 0.1 0.1 0 0 0 0 0 0 0 0 
1262307904 0.025641025641026 0 0.93333333333333 0.1 0.1 0 0 0 0 0 0 0 0 
1262308004 0.024390243902439 0 0.94117647058824 0.1 0.1 0 0 0 0 0 0 0 0 
1262308104 0.023809523809524 0 0.94444444444444 0.1 0.1 0 0 0 0 0 0 0 0 
1262308204 0.023809523809524 0 0.94444444444444 0.1 0.1 0 0 0 0 0 0 0 0 
1262308304 0.023809523809524 0 0.94444444444444 0.1 0.1 0 0 0 0 0 0 0 0 
1262308404 0.023809523809524 0 0.94444444444444 0.1 0.1 0 0 0 0 0 0 0 0 
1262308504 0.023809523809524 0 0.9 0.1 0.1 0 0 0 0 0 0 0 0 
1262308604 0.023809523809524 0 0.9 0.1 0.1 0 0 0 0 0 0 0 0 
1262308704 0.023809523809524 0 0.9 0.1 0.1 0 0 0 0 0 0 0 0 
1262308804 0.023809523809524 0 0.9 0.1 0.1 0 0 0 0 0 0 0 0 
1262308904 0.023809523809524 0 0.9 0.1 0.1 0 0 0 0 0 0 0 0 
