arrived:	node1#5	1
arrived:	node1#7	1
arrived:	node1#42	1
arrived:	node1#57	1
arrived:	node1#10	1
arrived:	node1#34	1
arrived:	node1#58	1
arrived:	node1#43	1
arrived:	node1#26	1
arrived:	node1#50	1
arrived:	node1#23	1
arrived:	node3#26	1
arrived:	node1#31	1
arrived:	node1#55	1
arrived:	node1#8	1
arrived:	node1#4	1
arrived:	node3#30	1
arrived:	node3#25	1
arrived:	node1#52	1
arrived:	node1#53	1
arrived:	node1#32	1
arrived:	node1#56	1
arrived:	node1#33	1
arrived:	node1#54	1
arrived:	node1#36	1
arrived:	node1#48	1
arrived:	node1#37	1
arrived:	node1#51	1
arrived:	node1#47	1
arrived:	node1#60	1
arrived:	node1#38	1
arrived:	node1#11	1
arrived:	node1#6	1
arrived:	node1#59	1
arrived:	node1#35	1
arrived:	node1#45	1
NOTIFS:
node3	:	60	sent
node1	:	60	sent
SUBS:
on	node1
	node1	:	33	received
on	node3
	node3	:	3	received
1262304604 0 - 1 - - - - - - - - - - 
1262304704 0 - 1 - - - - - - - - - - 
1262304804 0 - 1 0 - 0 - - - - - - - 
1262304904 0 - 1 0 - 0 - - - - - - - 
1262305004 0 - 1 0 0 0 0 - - - - - - 
1262305104 0 0 1 0 0 0 0 0 - - - - 0 
1262305204 0 0 1 0 0 0 0 0 0.3 0.6 0.7 0.6 0 
1262305304 0 0 1 0 0 0 0 0 0.3 0.6 0.7 0.6 0 
1262305404 0 0 1 0 0 0 0 0 0.3 0.6 0.7 0.6 0.3 
1262305504 0 0 1 0 0 0 0 0 0 0.6 0.7 0.6 0.3 
1262305604 0 0 1 0 0 0 0 0 0 0.6 0.7 0.6 0.3 
1262305704 0 0.3 1 0.1 0.3 0.3 0.3 0 0 0.6 0.3 0.6 0.3 
1262305804 0 0.3 1 0.3 0.3 0.3 0.3 0 0 0.6 0.3 0.6 0.3 
1262305904 0.1 0.3 1 0.3 0.3 0.3 0.3 0 0 0.6 0.3 0 0.2 
1262306004 0.090909090909091 0.5 1 0.3 0.3 0.3 0.3 0 0 0.6 0.3 0 0.2 
1262306104 0.076923076923077 0.5 1 0.3 0.5 0.3 0.3 0 0 0.6 0.3 0 0.2 
1262306204 0.066666666666667 0.5 1 0.3 0.5 0.3 0.3 0 0.7 0.6 1 0 0.2 
1262306304 0.0625 0.5 1 0.3 0.5 0.3 0.3 0.3 1 0.6 1 0.6 1 
1262306404 0.055555555555556 0.7 0.90909090909091 0.5 0.5 0.3 0.3 0.4 0.9 0.6 1 1 1 
1262306504 0.05 0.7 0.90909090909091 0.5 0.5 0.3 0.3 0.4 0.9 0.6 1 1 1 
1262306604 0.047619047619048 0.7 0.91666666666667 0.7 0.5 0.3 0.6 0.4 0.9 1 1 1 1 
1262306704 0.043478260869565 0.7 0.92857142857143 0.7 0.5 0.3 0.6 0.4 0.9 1 1 1 1 
1262306804 0.04 0.7 0.9375 0.7 0.6 0.3 0.6 0.4 0.9 1 1 1 1 
1262306904 0.038461538461538 1 0.94117647058824 0.7 0.6 0.6 0.6 0.4 0.9 0.9 1 1 1 
1262307004 0.090909090909091 1 0.94736842105263 0.7 0.6 0.6 0.6 0.4 0.9 0.9 1 1 0.9 
1262307104 0.076923076923077 1 0.95238095238095 0.7 0.6 0.9 0.6 0.4 0.9 0.9 1 1 0.8 
1262307204 0.071428571428571 1 0.95454545454545 0.8 0.9 0.9 0.6 0.7 0.9 0.9 0.8 0.9 0.8 
1262307304 0.090909090909091 1 0.95833333333333 0.8 1 0.9 1 0.7 0.9 0.9 0.8 0.9 0.8 
1262307404 0.076923076923077 1 0.90909090909091 0.8 1 0.9 1 1 0.9 0.9 0.8 0.8 0.8 
1262307504 0.071428571428571 1 0.91666666666667 0.9 1 1 1 1 0.9 0.9 0.8 0.8 0.8 
1262307604 0.1 1 0.92857142857143 0.9 1 1 1 1 0.9 0.9 0.8 0.8 0.8 
1262307704 0.083333333333333 1 0.9 0.9 1 1 1 1 0.9 0.9 0.8 0.8 0.8 
1262307804 0.1 1 0.90909090909091 0.9 1 1 1 1 0.9 0.9 0.8 0.8 0.8 
1262307904 0.083333333333333 1 0.92307692307692 0.9 1 1 1 1 0.9 0.9 0.8 0.8 0.8 
1262308004 0.071428571428571 1 0.93333333333333 0.9 1 1 1 1 0.9 0.9 0.8 0.8 0.8 
1262308104 0.066666666666667 1 0.9 0.9 1 1 1 1 0.9 0.9 0.8 0.8 0.8 
1262308204 0.066666666666667 1 0.9 1 1 1 1 1 0.9 0.9 0.8 0.8 0.8 
1262308304 0.066666666666667 1 0.9 1 1 1 1 1 0.9 0.9 0.8 0.8 0.8 
1262308404 0.1 1 0.9 1 1 1 1 1 0.9 0.9 0.8 0.8 0.8 
1262308504 0.1 1 0.9 1 1 1 1 1 0.9 0.9 0.8 0.8 0.8 
1262308604 0.1 1 0.9 1 1 1 1 1 0.9 0.9 0.8 0.8 0.8 
1262308704 0.1 1 0.9 1 1 1 1 1 0.9 0.9 0.8 0.8 0.8 
1262308804 0.1 1 0.9 1 1 1 1 1 0.9 0.9 0.8 0.8 0.8 
1262308904 0.1 1 0.9 1 1 1 1 1 0.9 0.9 0.8 0.8 0.8 
