arrived:	node3#7	1
arrived:	node3#45	1
arrived:	node3#51	1
arrived:	node1#7	1
arrived:	node3#17	1
arrived:	node3#40	1
arrived:	node3#4	1
arrived:	node3#22	1
arrived:	node3#37	1
arrived:	node3#54	1
arrived:	node3#56	1
arrived:	node3#30	1
arrived:	node3#57	1
arrived:	node1#10	1
arrived:	node3#60	1
arrived:	node3#5	1
arrived:	node3#3	1
arrived:	node3#52	1
arrived:	node3#58	1
arrived:	node1#9	1
arrived:	node3#59	1
arrived:	node3#55	1
arrived:	node3#2	1
arrived:	node3#1	1
arrived:	node3#48	1
arrived:	node1#25	1
arrived:	node3#29	1
arrived:	node1#2	1
arrived:	node3#50	1
arrived:	node3#49	1
arrived:	node3#46	1
arrived:	node3#34	1
arrived:	node3#47	1
arrived:	node3#21	1
arrived:	node3#18	1
arrived:	node3#42	1
arrived:	node3#36	1
arrived:	node3#6	1
arrived:	node1#8	1
arrived:	node3#8	1
arrived:	node3#16	1
arrived:	node3#44	1
arrived:	node3#38	1
arrived:	node3#19	1
arrived:	node3#39	1
arrived:	node1#16	1
arrived:	node3#53	1
arrived:	node3#27	1
arrived:	node3#25	1
arrived:	node3#28	1
arrived:	node3#13	1
arrived:	node3#35	1
arrived:	node3#26	1
arrived:	node1#4	1
arrived:	node3#33	1
arrived:	node3#20	1
arrived:	node3#23	1
arrived:	node3#41	1
arrived:	node3#24	1
arrived:	node3#43	1
NOTIFS:
node3	:	60	sent
node1	:	60	sent
SUBS:
on	node1
	node1	:	8	received
on	node3
	node3	:	52	received
1262304604 0 - 1 0 0 - 0 0 - - - - - 
1262304704 0 - 1 0 0 - 0 0 - - - - - 
1262304804 0 - 1 0 0 0 0 0 - - - - - 
1262304904 0 0 1 0 0 0 0 0 - 1 0 0 1 
1262305004 0 0 1 0 0 0 0 0 0 1 0 0 1 
1262305104 0 0.4 1 0 0 0 0 0.4 0.4 1 0.4 0.4 0.4 
1262305204 0 0.4 1 0.2 0.4 0 0 0.4 0.4 0.4 0.4 0.4 0.4 
1262305304 0 0.5 1 0.2 0.5 0.3 0.2 0.4 0.4 0.2 0.3 0.3 0.2 
1262305404 0.1 0.5 1 0.3 0.5 0.3 0.2 0.4 0.4 0.2 0.3 0.3 0.2 
1262305504 0.083333333333333 0.5 0.9 0.3 0.1 0.3 0.2 0.5 0.4 0.2 0.3 0.3 0.2 
1262305604 0.090909090909091 0.5 0.90909090909091 0.3 0.1 0.3 0.2 0.5 0.3 0.2 0.3 0.3 0.2 
1262305704 0.083333333333333 0.5 0.91666666666667 0.3 0.1 0.3 0.2 0.5 0.3 0.2 0.3 0.3 0.2 
1262305804 0.071428571428571 0.5 0.92857142857143 0.3 0.1 0.3 0.2 0.5 0.3 0.2 0.3 0.3 0.2 
1262305904 0.0625 0.5 0.9375 0.3 0.1 0.3 0.2 0.5 0.3 0.2 0.3 0.3 0.2 
1262306004 0.058823529411765 0.5 0.94117647058824 0.3 0.1 0.3 0.2 0.5 0.3 0.2 0.3 0.3 0.2 
1262306104 0.052631578947368 0 0.94736842105263 0.3 0.3 0.5 0.2 0.7 0.2 0.1 0.3 0 0.1 
1262306204 0.047619047619048 0 0.95238095238095 0.3 0.4 0.6 0.4 0.8 0.2 0.1 0.3 0 0 
1262306304 0.045454545454545 0 0.95454545454545 0.3 0.4 0.6 0.5 0.8 0 0.1 0.3 0 0 
1262306404 0.041666666666667 0 0.95833333333333 0.3 0 0.6 0.5 0.8 0 0.1 0.3 0 0 
1262306504 0.038461538461538 0 0.96153846153846 0.3 0 0 0.5 0 0 0.1 0 0 0 
1262306604 0.090909090909091 0 0.9 0.3 0 0 0.5 0 0 0.1 0 0 0 
1262306704 0.076923076923077 0 0.91666666666667 0.3 0 0 0.5 0 0 0.1 0 0 0 
1262306804 0.066666666666667 0 0.92857142857143 0.3 0 0 0.5 0 0 0.1 0 0 0 
1262306904 0.1 0 0.93333333333333 0.3 0 0 0.5 0 0 0.1 0 0 0 
1262307004 0.1 0 0.94117647058824 0.3 0 0 0.5 0 0 0 0 0 0 
1262307104 0.083333333333333 0 0.94736842105263 0.3 0 0 0.5 0 0 0 0 0 0 
1262307204 0.076923076923077 0 0.95 0.3 0 0 0.5 0 0 0 0 0 0 
1262307304 0.066666666666667 0 0.95454545454545 0.3 0 0 0.5 0 0 0 0 0 0 
1262307404 0.058823529411765 0 0.90909090909091 0.3 0 0 0.5 0 0 0 0 0 0 
1262307504 0.055555555555556 0 0.91666666666667 0.3 0 0 0.5 0 0 0 0 0 0 
1262307604 0.05 0 0.92857142857143 0.3 0 0 0.5 0 0 0 0 0 0 
1262307704 0.045454545454545 0 0.90909090909091 0.3 0 0 0.5 0 0 0 0 0 0 
1262307804 0.043478260869565 0 0.91666666666667 0.3 0 0 0.5 0 0 0 0 0 0 
1262307904 0.04 0 0.92857142857143 0.3 0 0 0.5 0 0 0 0 0 0 
1262308004 0.037037037037037 0 0.9375 0.3 0 0 0.5 0 0 0 0 0 0 
1262308104 0.035714285714286 0 0.9 0.3 0 0 0.5 0 0 0 0 0 0 
1262308204 0.035714285714286 0 0.9 0.3 0 0 0.5 0 0 0 0 0 0 
1262308304 0.035714285714286 0 0.9 0.3 0 0 0.5 0 0 0 0 0 0 
1262308404 0.035714285714286 0 0.9 0.3 0 0 0.5 0 0 0 0 0 0 
1262308504 0.035714285714286 0 0.9 0.3 0 0 0.5 0 0 0 0 0 0 
1262308604 0.035714285714286 0 0.9 0.3 0 0 0.5 0 0 0 0 0 0 
1262308704 0.035714285714286 0 0.9 0.3 0 0 0.5 0 0 0 0 0 0 
1262308804 0.035714285714286 0 0.9 0.3 0 0 0.5 0 0 0 0 0 0 
1262308904 0.035714285714286 0 0.9 0.3 0 0 0.5 0 0 0 0 0 0 
