arrived:	node1#19	1
arrived:	node1#5	1
arrived:	node1#7	1
arrived:	node1#42	1
arrived:	node1#24	1
arrived:	node1#21	1
arrived:	node1#10	1
arrived:	node1#59	1
arrived:	node1#58	1
arrived:	node3#2	1
arrived:	node1#18	1
arrived:	node3#11	1
arrived:	node3#14	1
arrived:	node1#53	1
arrived:	node1#1	1
arrived:	node1#3	1
arrived:	node1#26	1
arrived:	node3#8	1
arrived:	node1#50	1
arrived:	node1#23	1
arrived:	node1#52	1
arrived:	node1#49	1
arrived:	node1#35	1
arrived:	node1#55	1
arrived:	node1#8	1
arrived:	node1#4	1
arrived:	node1#57	1
arrived:	node1#12	1
arrived:	node1#32	1
arrived:	node1#39	1
arrived:	node1#41	1
arrived:	node1#16	1
arrived:	node1#38	1
arrived:	node1#54	1
arrived:	node1#40	1
arrived:	node1#29	1
arrived:	node1#37	1
arrived:	node1#51	1
arrived:	node1#48	1
arrived:	node1#20	1
arrived:	node1#13	1
arrived:	node1#45	1
arrived:	node1#36	1
arrived:	node1#17	1
arrived:	node1#15	1
arrived:	node1#22	1
NOTIFS:
node3	:	60	sent
node1	:	60	sent
SUBS:
on	node1
	node1	:	42	received
on	node3
	node3	:	4	received
1262304604 0 - 1 - - - - - - - - - - 
1262304704 0 - 1 - - - - - - - - - - 
1262304804 0 - 1 - - - - - - - - - - 
1262304904 0 - 1 - - - - - - 1 1 1 - 
1262305004 0 - 1 - - - - - 1 1 1 1 - 
1262305104 0 - 1 0 0 0 0 - 1 1 1 1 1 
1262305204 0 1 1 0 0 0 0 0 1 1 1 1 1 
1262305304 0 0.8 1 0 0.8 0 0 0 1 0.8 1 0.8 1 
1262305404 0 0.8 1 0.1 0.8 0 0 0 0.8 0.8 1 0.8 1 
1262305504 0 0.8 1 0.1 0.8 0.8 0.8 0 0.8 0.8 0.8 0.8 1 
1262305604 0 0.8 0.90909090909091 0.1 0.8 0.8 0.8 0 0.8 0.8 0.8 0.8 0.8 
1262305704 0 0.8 0.91666666666667 0.1 0.8 0.8 0.8 0 0.6 0.6 0.6 0.8 0.6 
1262305804 0 1 0.92857142857143 0.1 0.8 1 1 0.6 0.6 0.6 0.6 0.7 0.6 
1262305904 0 1 0.90909090909091 0.1 0.8 1 1 0.7 0.6 0.6 0.6 0.7 0.6 
1262306004 0.1 1 0.91666666666667 0.1 0.8 1 1 0.7 0.6 0.6 0.6 0.7 0.6 
1262306104 0.090909090909091 1 0.92857142857143 0.1 1 1 1 0.7 0.6 0.6 0.6 0.7 0.6 
1262306204 0.090909090909091 1 0.9375 0.8 1 1 1 0.7 0.6 0.6 0.6 0.7 0.6 
1262306304 0.090909090909091 1 0.94117647058824 0.8 0.9 1 1 0.7 0.6 0.6 0.6 0.7 0.6 
1262306404 0.090909090909091 1 0.94736842105263 0.8 0.9 1 1 0.7 0.6 0.6 0.6 0.7 0.6 
1262306504 0.076923076923077 1 0.95238095238095 0.8 0.9 1 1 0.7 0.6 0.6 0.6 0.7 0.6 
1262306604 0.071428571428571 1 0.90909090909091 0.8 0.9 1 1 0.7 0.6 0.6 0.6 0.7 0.6 
1262306704 0.0625 1 0.92307692307692 1 1 1 1 0.7 0.6 0.6 0.6 0.7 0.6 
1262306804 0.055555555555556 1 0.93333333333333 1 1 1 1 0.7 0.6 0.6 0.6 0.7 0.6 
1262306904 0.052631578947368 1 0.9375 1 1 1 1 0.9 0.6 0.6 0.6 0.7 0.6 
1262307004 0.047619047619048 1 0.94444444444444 1 1 1 1 0.9 0.6 0.6 0.6 0.7 0.6 
1262307104 0.043478260869565 1 0.95 1 1 1 1 0.9 0.6 0.6 1 0.7 0.6 
1262307204 0.090909090909091 1 0.9 1 1 1 1 0.9 0.6 0.6 1 1 0.6 
1262307304 0.076923076923077 1 0.91666666666667 1 1 1 1 0.9 0.6 0.6 1 1 0.6 
1262307404 0.090909090909091 1 0.92857142857143 1 1 1 1 0.9 0.6 0.6 1 1 0.6 
1262307504 0.083333333333333 1 0.93333333333333 1 1 1 1 1 0.6 0.6 1 1 0.6 
1262307604 0.071428571428571 1 0.94117647058824 1 1 1 1 1 0.6 0.6 1 1 0.6 
1262307704 0.0625 1 0.94736842105263 1 1 1 1 1 0.6 0.6 1 1 0.6 
1262307804 0.058823529411765 1 0.95 1 1 1 1 1 0.6 0.6 1 1 0.6 
1262307904 0.052631578947368 1 0.95454545454545 1 1 1 1 1 0.6 0.6 1 1 0.6 
1262308004 0.1 1 0.95833333333333 1 1 1 1 1 0.6 0.6 1 1 0.6 
1262308104 0.090909090909091 1 0.96 1 1 1 1 1 0.6 0.6 1 1 0.6 
1262308204 0.1 1 0.96 1 1 1 1 1 0.6 0.6 1 1 0.6 
1262308304 0.1 1 0.96 1 1 1 1 1 0.6 0.6 1 1 0.6 
1262308404 0.1 1 0.96 1 1 1 1 1 0.6 0.6 1 1 0.6 
1262308504 0.1 1 0.96 1 1 1 1 1 0.6 0.6 1 1 0.6 
1262308604 0.1 1 0.96 1 1 1 1 1 0.6 0.6 1 1 0.6 
1262308704 0.1 1 0.96 1 1 1 1 1 0.6 0.6 1 1 0.6 
1262308804 0.1 1 0.96 1 1 1 1 1 0.6 0.6 1 1 0.6 
1262308904 0.1 1 0.96 1 1 1 1 1 0.6 0.6 1 1 0.6 
