arrived:	node2#19	1
arrived:	node3#7	1
arrived:	node3#46	1
arrived:	node2#1	1
arrived:	node3#25	1
arrived:	node2#5	1
arrived:	node2#20	1
arrived:	node2#2	1
arrived:	node3#4	1
arrived:	node2#22	1
arrived:	node2#30	1
arrived:	node3#5	1
arrived:	node3#3	1
arrived:	node3#52	1
arrived:	node3#2	1
arrived:	node3#1	1
arrived:	node2#4	1
arrived:	node3#17	1
arrived:	node3#48	1
arrived:	node2#3	1
NOTIFS:
node3	:	60	sent
node2	:	60	sent
SUBS:
on	node2
	node2	:	9	received
on	node3
	node3	:	11	received
1262304604 0.5 - - - 0.5 0.5 - 0.5 - - - - - 
1262304704 0.5 - - - 0.5 0.5 - 0.5 - - - - - 
1262304804 0.5 - - 0.5 0.5 0.5 0.5 0.5 - - - - - 
1262304904 0.5 0 - 0.5 0.5 0.5 0.5 0.5 - - - - - 
1262305004 0.5 0 - 0.5 0.5 0.5 0.5 0.5 - - - - - 
1262305104 0.5 0 - 0.5 0.5 0.5 0.5 0.5 - - - - - 
1262305204 0.5 0 - 0.5 0.5 0.5 0.5 0.5 - - - 0.5 - 
1262305304 0.5 0 - 0.45454545454545 0.5 0.45454545454545 0.45454545454545 0.45454545454545 0.5 - - 0.5 - 
1262305404 0.5 0 - 0.45454545454545 0.5 0.45454545454545 0.45454545454545 0.45454545454545 0.5 - - 0.5 - 
1262305504 0.5 0 - 0.45454545454545 0.5 0.45454545454545 0.45454545454545 0.45454545454545 0.5 - - 0.5 - 
1262305604 0.5 0 - 0.45454545454545 0.45454545454545 0.45454545454545 0.45454545454545 0.45454545454545 0.5 0.33333333333333 - 0.5 - 
1262305704 0.5 0 - 0.45454545454545 0.5 0.45454545454545 0.45454545454545 0.5 0.5 0.33333333333333 - 0.5 - 
1262305804 0.5 0 - 0.5 0.5 0.5 0.45454545454545 0.5 0.5 0.33333333333333 0 0.5 0 
1262305904 0.5 0 - 0.5 0.5 0.5 0.5 0.5 0.5 0.33333333333333 0 0.5 0 
1262306004 0.5 0 - 0.5 0.5 0.5 0.46153846153846 0.5 0.5 0.33333333333333 0 0.5 0 
1262306104 0.5 0 - 0.5 0.5 0.42857142857143 0.46153846153846 0.46153846153846 0.5 0.33333333333333 0 0.5 0.5 
1262306204 0.5 0 - 0.46153846153846 0.5 0.42857142857143 0.46153846153846 0.46153846153846 0.5 0.33333333333333 0.5 0.54545454545455 0.5 
1262306304 0.5 0 - 0.46153846153846 0.46153846153846 0.42857142857143 0.46153846153846 0.46153846153846 0.5 0.5 0.5 0.54545454545455 0.5 
1262306404 0.5 0 - 0.46153846153846 0.46153846153846 0.42857142857143 0.46153846153846 0.46153846153846 0.5 0.5 0.45454545454545 0.54545454545455 0.5 
1262306504 0.5 0 - 0.5 0.46153846153846 0.46666666666667 0.46153846153846 0.46153846153846 0.5 0.5 0.45454545454545 0.54545454545455 0.5 
1262306556 0.5 0 - 0.5 0.46153846153846 0.46666666666667 0.46153846153846 0.46153846153846 0.5 0.5 0.45454545454545 0.54545454545455 0.5 
1262306604 0.5 0 - 0.53333333333333 0.5 0.5 0.53333333333333 0.46153846153846 0.5 0.5 0.45454545454545 0.5 0.5 
1262306656 0.5 0 - 0.53333333333333 0.5 0.5 0.53333333333333 0.46153846153846 0.5 0.5 0.45454545454545 0.5 0.5 
1262306704 0.5 0 - 0.53333333333333 0.5 0.52941176470588 0.53333333333333 0.46153846153846 0.5 0.5 0.45454545454545 0.5 0.5 
1262306756 0.5 0 - 0.53333333333333 0.5 0.52941176470588 0.53333333333333 0.46153846153846 0.5 0.5 0.45454545454545 0.5 0.5 
1262306804 0.5 0 - 0.53333333333333 0.52941176470588 0.52941176470588 0.53333333333333 0.46153846153846 0.5 0.5 0.45454545454545 0.46153846153846 0.5 
1262306856 0.5 0 - 0.53333333333333 0.52941176470588 0.52941176470588 0.53333333333333 0.46153846153846 0.5 0.5 0.45454545454545 0.46153846153846 0.5 
1262306876 0.5 0 - 0.53333333333333 0.52941176470588 0.52941176470588 0.53333333333333 0.46153846153846 0.5 0.5 0.45454545454545 0.46153846153846 0.5 
1262306904 0.5 0 1 0.53333333333333 0.52941176470588 0.52941176470588 0.53333333333333 0.46153846153846 0.5 0.5 0.45454545454545 0.46153846153846 0.5 
1262306956 0.5 0 1 0.53333333333333 0.52941176470588 0.52941176470588 0.53333333333333 0.46153846153846 0.5 0.5 0.45454545454545 0.46153846153846 0.5 
1262306976 0.5 0 1 0.53333333333333 0.52941176470588 0.52941176470588 0.53333333333333 0.46153846153846 0.5 0.5 0.45454545454545 0.46153846153846 0.5 
1262307004 0.5 0 1 0.53333333333333 0.52941176470588 0.52941176470588 0.5625 0.46153846153846 0.5 0.5 0.45454545454545 0.46153846153846 0.5 
1262307040 0.5 0 1 0.53333333333333 0.52941176470588 0.52941176470588 0.5625 0.46153846153846 0.5 0.5 0.45454545454545 0.46153846153846 0.5 
1262307056 0.5 0 1 0.53333333333333 0.52941176470588 0.52941176470588 0.5625 0.46153846153846 0.5 0.5 0.45454545454545 0.46153846153846 0.5 
1262307076 0.5 0 1 0.5625 0.52941176470588 0.52941176470588 0.5625 0.46153846153846 0.5 0.5 0.45454545454545 0.46153846153846 0.5 
1262307085 0.5 0 1 0.5625 0.52941176470588 0.52941176470588 0.5625 0.46153846153846 0.5 0.5 0.45454545454545 0.46153846153846 0.5 
1262307104 0.5 0 1 0.5625 0.52941176470588 0.52941176470588 0.5625 0.46153846153846 0.5 0.5 0.45454545454545 0.46153846153846 0.5 
1262307140 0.5 0 1 0.5625 0.52941176470588 0.52941176470588 0.5625 0.5 0.5 0.5 0.45454545454545 0.46153846153846 0.5 
1262307156 0.5 0 1 0.5625 0.52941176470588 0.52941176470588 0.5625 0.5 0.5 0.5 0.45454545454545 0.46153846153846 0.5 
1262307176 0.5 0 1 0.5625 0.52941176470588 0.52941176470588 0.5625 0.5 0.5 0.5 0.45454545454545 0.46153846153846 0.5 
1262307185 0.5 0 1 0.5625 0.52941176470588 0.52941176470588 0.5625 0.5 0.5 0.5 0.45454545454545 0.46153846153846 0.5 
1262307204 0.5 0 1 0.5625 0.52941176470588 0.52941176470588 0.5625 0.5 0.5 0.5 0.5 0.46153846153846 0.5 
1262307240 0.5 0 1 0.5625 0.52941176470588 0.52941176470588 0.5625 0.52941176470588 0.5 0.5 0.5 0.46153846153846 0.5 
1262307256 0.5 0 1 0.5625 0.52941176470588 0.52941176470588 0.5625 0.52941176470588 0.54545454545455 0.5 0.5 0.46153846153846 0.5 
1262307276 0.5 0 1 0.52941176470588 0.52941176470588 0.52941176470588 0.5625 0.52941176470588 0.54545454545455 0.5 0.5 0.46153846153846 0.5 
1262307285 0.5 0 1 0.52941176470588 0.52941176470588 0.52941176470588 0.5625 0.52941176470588 0.54545454545455 0.57142857142857 0.5 0.46153846153846 0.5 
1262307304 0.5 0 1 0.52941176470588 0.52941176470588 0.52941176470588 0.52941176470588 0.52941176470588 0.54545454545455 0.57142857142857 0.5 0.46153846153846 0.66666666666667 
1262307340 0.5 0 1 0.52941176470588 0.52941176470588 0.52941176470588 0.52941176470588 0.52941176470588 0.54545454545455 0.57142857142857 0.5 0.46153846153846 0.66666666666667 
1262307356 0.5 0 1 0.52941176470588 0.52941176470588 0.52941176470588 0.52941176470588 0.52941176470588 0.53846153846154 0.57142857142857 0.5 0.46153846153846 0.66666666666667 
1262307376 0.5 0 1 0.52941176470588 0.52941176470588 0.52941176470588 0.52941176470588 0.52941176470588 0.53846153846154 0.57142857142857 0.5 0.46153846153846 0.66666666666667 
1262307385 0.5 0 1 0.52941176470588 0.52941176470588 0.52941176470588 0.52941176470588 0.52941176470588 0.53846153846154 0.58333333333333 0.5 0.46153846153846 0.66666666666667 
1262307404 0.5 0 1 0.52941176470588 0.52941176470588 0.52941176470588 0.52941176470588 0.52941176470588 0.53846153846154 0.58333333333333 0.5625 0.46153846153846 0.63636363636364 
1262307440 0.5 0 1 0.52941176470588 0.52941176470588 0.52941176470588 0.52941176470588 0.52941176470588 0.53846153846154 0.58333333333333 0.5625 0.46153846153846 0.63636363636364 
1262307456 0.5 0 1 0.52941176470588 0.52941176470588 0.52941176470588 0.52941176470588 0.52941176470588 0.53333333333333 0.58333333333333 0.5625 0.46153846153846 0.63636363636364 
1262307476 0.5 0 1 0.5 0.52941176470588 0.52941176470588 0.52941176470588 0.52941176470588 0.53333333333333 0.58333333333333 0.5625 0.46153846153846 0.63636363636364 
1262307485 0.5 0 1 0.5 0.52941176470588 0.52941176470588 0.52941176470588 0.52941176470588 0.53333333333333 0.58333333333333 0.5625 0.46153846153846 0.63636363636364 
1262307504 0.5 0 1 0.5 0.5 0.47368421052632 0.47368421052632 0.52941176470588 0.53333333333333 0.58333333333333 0.5625 0.46153846153846 0.63636363636364 
1262307540 0.5 0 1 0.5 0.5 0.47368421052632 0.47368421052632 0.52941176470588 0.53333333333333 0.58333333333333 0.5625 0.46153846153846 0.63636363636364 
1262307556 0.5 0 1 0.5 0.5 0.47368421052632 0.47368421052632 0.52941176470588 0.53333333333333 0.58333333333333 0.5625 0.46153846153846 0.63636363636364 
1262307576 0.5 0 1 0.47368421052632 0.5 0.47368421052632 0.47368421052632 0.52941176470588 0.53333333333333 0.58333333333333 0.5625 0.46153846153846 0.63636363636364 
1262307585 0.5 0 1 0.47368421052632 0.5 0.47368421052632 0.47368421052632 0.52941176470588 0.53333333333333 0.58333333333333 0.5625 0.46153846153846 0.63636363636364 
1262307604 0.5 0 1 0.47368421052632 0.5 0.47368421052632 0.47368421052632 0.52941176470588 0.53333333333333 0.58333333333333 0.5625 0.53333333333333 0.63636363636364 
1262307640 0.5 0 1 0.47368421052632 0.5 0.47368421052632 0.47368421052632 0.52941176470588 0.53333333333333 0.58333333333333 0.5625 0.53333333333333 0.63636363636364 
1262307656 0.5 0 1 0.47368421052632 0.5 0.47368421052632 0.47368421052632 0.52941176470588 0.53333333333333 0.58333333333333 0.5625 0.53333333333333 0.63636363636364 
1262307676 0.5 0 1 0.47368421052632 0.5 0.47368421052632 0.47368421052632 0.52941176470588 0.53333333333333 0.58333333333333 0.5625 0.53333333333333 0.63636363636364 
1262307685 0.5 0 1 0.47368421052632 0.5 0.47368421052632 0.47368421052632 0.52941176470588 0.53333333333333 0.61538461538462 0.5625 0.53333333333333 0.63636363636364 
1262307704 0.5 0 1 0.47368421052632 0.47368421052632 0.47368421052632 0.47368421052632 0.52941176470588 0.53333333333333 0.61538461538462 0.5625 0.53333333333333 0.63636363636364 
1262307740 0.5 0 1 0.47368421052632 0.47368421052632 0.47368421052632 0.47368421052632 0.5 0.53333333333333 0.61538461538462 0.5625 0.53333333333333 0.63636363636364 
1262307756 0.5 0 1 0.47368421052632 0.47368421052632 0.47368421052632 0.47368421052632 0.5 0.53333333333333 0.61538461538462 0.5625 0.53333333333333 0.63636363636364 
1262307776 0.5 0 1 0.45 0.47368421052632 0.47368421052632 0.47368421052632 0.5 0.53333333333333 0.61538461538462 0.5625 0.53333333333333 0.63636363636364 
1262307785 0.5 0 1 0.45 0.47368421052632 0.47368421052632 0.47368421052632 0.5 0.53333333333333 0.61538461538462 0.5625 0.53333333333333 0.63636363636364 
1262307804 0.5 0 1 0.45 0.47368421052632 0.47368421052632 0.47368421052632 0.5 0.53333333333333 0.61538461538462 0.5625 0.52941176470588 0.63636363636364 
1262307840 0.5 0 1 0.45 0.47368421052632 0.47368421052632 0.47368421052632 0.5 0.53333333333333 0.61538461538462 0.5625 0.52941176470588 0.63636363636364 
1262307856 0.5 0 1 0.45 0.47368421052632 0.47368421052632 0.47368421052632 0.5 0.5 0.61538461538462 0.5625 0.52941176470588 0.63636363636364 
1262307876 0.5 0 1 0.45 0.47368421052632 0.47368421052632 0.47368421052632 0.5 0.5 0.61538461538462 0.5625 0.52941176470588 0.63636363636364 
1262307885 0.5 0 1 0.45 0.47368421052632 0.47368421052632 0.47368421052632 0.5 0.5 0.53333333333333 0.5625 0.52941176470588 0.63636363636364 
1262307904 0.5 0.23076923076923 1 0.45 0.47368421052632 0.47368421052632 0.47368421052632 0.5 0.5 0.53333333333333 0.52941176470588 0.47368421052632 0.58333333333333 
1262307940 0.5 0.23076923076923 1 0.45 0.47368421052632 0.47368421052632 0.47368421052632 0.47368421052632 0.5 0.53333333333333 0.52941176470588 0.47368421052632 0.58333333333333 
1262307956 0.5 0.23076923076923 1 0.45 0.47368421052632 0.47368421052632 0.47368421052632 0.47368421052632 0.5 0.53333333333333 0.52941176470588 0.47368421052632 0.58333333333333 
1262307976 0.5 0.23076923076923 1 0.45 0.47368421052632 0.47368421052632 0.47368421052632 0.47368421052632 0.5 0.53333333333333 0.52941176470588 0.47368421052632 0.58333333333333 
1262307985 0.5 0.23076923076923 1 0.45 0.47368421052632 0.47368421052632 0.47368421052632 0.47368421052632 0.5 0.53333333333333 0.52941176470588 0.47368421052632 0.58333333333333 
1262308004 0.5 0.23076923076923 1 0.45 0.45 0.47368421052632 0.45 0.47368421052632 0.5 0.53333333333333 0.52941176470588 0.47368421052632 0.58333333333333 
1262308040 0.5 0.23076923076923 1 0.45 0.45 0.47368421052632 0.45 0.45 0.5 0.53333333333333 0.52941176470588 0.47368421052632 0.58333333333333 
1262308056 0.5 0.23076923076923 1 0.45 0.45 0.47368421052632 0.45 0.45 0.5 0.53333333333333 0.52941176470588 0.47368421052632 0.58333333333333 
1262308076 0.5 0.23076923076923 1 0.45 0.45 0.47368421052632 0.45 0.45 0.5 0.53333333333333 0.52941176470588 0.47368421052632 0.58333333333333 
1262308085 0.5 0.23076923076923 1 0.45 0.45 0.47368421052632 0.45 0.45 0.5 0.53333333333333 0.52941176470588 0.47368421052632 0.58333333333333 
1262308104 0.5 0.23076923076923 1 0.45 0.45 0.47368421052632 0.45 0.45 0.5 0.53333333333333 0.52941176470588 0.45 0.58333333333333 
1262308133 0.5 0.23076923076923 1 0.45 0.45 0.47368421052632 0.45 0.45 0.5 0.53333333333333 0.52941176470588 0.45 0.58333333333333 
1262308140 0.5 0.23076923076923 1 0.45 0.45 0.47368421052632 0.45 0.45 0.5 0.53333333333333 0.52941176470588 0.45 0.58333333333333 
1262308156 0.5 0.23076923076923 1 0.45 0.45 0.47368421052632 0.45 0.45 0.47058823529412 0.53333333333333 0.52941176470588 0.45 0.58333333333333 
1262308176 0.5 0.23076923076923 1 0.45 0.45 0.47368421052632 0.45 0.45 0.47058823529412 0.53333333333333 0.52941176470588 0.45 0.58333333333333 
1262308185 0.5 0.23076923076923 1 0.45 0.45 0.47368421052632 0.45 0.45 0.47058823529412 0.53333333333333 0.52941176470588 0.45 0.58333333333333 
1262308204 0.5 0.23076923076923 1 0.45 0.45 0.47368421052632 0.45 0.45 0.47058823529412 0.53333333333333 0.5 0.45 0.5625 
1262308233 0.5 0.41176470588235 1 0.45 0.45 0.47368421052632 0.45 0.45 0.47058823529412 0.53333333333333 0.5 0.45 0.5625 
1262308240 0.5 0.41176470588235 1 0.45 0.45 0.47368421052632 0.45 0.45 0.47058823529412 0.53333333333333 0.5 0.45 0.5625 
1262308256 0.5 0.41176470588235 1 0.45 0.45 0.47368421052632 0.45 0.45 0.47058823529412 0.53333333333333 0.5 0.45 0.5625 
1262308276 0.5 0.41176470588235 1 0.45 0.45 0.47368421052632 0.45 0.45 0.47058823529412 0.53333333333333 0.5 0.45 0.5625 
1262308285 0.5 0.41176470588235 1 0.45 0.45 0.47368421052632 0.45 0.45 0.47058823529412 0.53333333333333 0.5 0.45 0.5625 
1262308304 0.5 0.41176470588235 1 0.45 0.45 0.47368421052632 0.42857142857143 0.45 0.47058823529412 0.53333333333333 0.5 0.45 0.5625 
1262308333 0.5 0.44444444444444 1 0.45 0.45 0.47368421052632 0.42857142857143 0.45 0.47058823529412 0.53333333333333 0.5 0.45 0.5625 
1262308340 0.5 0.44444444444444 1 0.45 0.45 0.47368421052632 0.42857142857143 0.42857142857143 0.47058823529412 0.53333333333333 0.5 0.45 0.5625 
1262308356 0.5 0.44444444444444 1 0.45 0.45 0.47368421052632 0.42857142857143 0.42857142857143 0.47058823529412 0.53333333333333 0.5 0.45 0.5625 
1262308376 0.5 0.44444444444444 1 0.45 0.45 0.47368421052632 0.42857142857143 0.42857142857143 0.47058823529412 0.53333333333333 0.5 0.45 0.5625 
1262308385 0.5 0.44444444444444 1 0.45 0.45 0.47368421052632 0.42857142857143 0.42857142857143 0.47058823529412 0.53333333333333 0.5 0.45 0.5625 
1262308404 0.5 0.44444444444444 1 0.45 0.45 0.45 0.42857142857143 0.42857142857143 0.47058823529412 0.53333333333333 0.5 0.45 0.5625 
1262308433 0.5 0.44444444444444 1 0.45 0.45 0.45 0.42857142857143 0.42857142857143 0.47058823529412 0.53333333333333 0.5 0.45 0.5625 
1262308440 0.5 0.44444444444444 1 0.45 0.45 0.45 0.42857142857143 0.42857142857143 0.47058823529412 0.53333333333333 0.5 0.45 0.5625 
1262308456 0.5 0.44444444444444 1 0.45 0.45 0.45 0.42857142857143 0.42857142857143 0.44444444444444 0.53333333333333 0.5 0.45 0.5625 
1262308470 0.5 0.44444444444444 1 0.45 0.45 0.45 0.42857142857143 0.42857142857143 0.44444444444444 0.53333333333333 0.5 0.45 0.5625 
1262308476 0.5 0.44444444444444 1 0.42857142857143 0.45 0.45 0.42857142857143 0.42857142857143 0.44444444444444 0.53333333333333 0.5 0.45 0.5625 
1262308495 0.5 0.44444444444444 1 0.42857142857143 0.45 0.45 0.42857142857143 0.42857142857143 0.44444444444444 0.53333333333333 0.5 0.45 0.5625 
