arrived:	node3#7	1
arrived:	node2#3	1
arrived:	node3#5	1
arrived:	node2#1	1
arrived:	node3#25	1
arrived:	node2#5	1
arrived:	node3#9	1
arrived:	node2#2	1
arrived:	node3#4	1
arrived:	node3#2	1
arrived:	node3#1	1
arrived:	node2#4	1
arrived:	node3#17	1
arrived:	node2#8	1
arrived:	node3#3	1
NOTIFS:
node2	:	60	sent
node3	:	60	sent
SUBS:
on	node2
	node2	:	6	received
on	node3
	node3	:	9	received
1262304604 0.5 - - 0.5 - - - - - - - - - 
1262304704 0.5 - - 0.5 - - - - - - - - - 
1262304804 0.5 - - 0.5 - - - - - - - - - 
1262304904 0.5 - - 0.5 0.5 - - - - - - - - 
1262305004 0.5 0 - 0.5 0.45454545454545 - - - - - 0.5 - - 
1262305104 0.5 0 - 0.5 0.41666666666667 0.41666666666667 - - - - 0.5 1 - 
1262305204 0.5 0 - 0.5 0.41666666666667 0.41666666666667 - 0.38461538461538 - - 0.5 1 - 
1262305304 0.5 0 - 0.5 0.42857142857143 0.38461538461538 0.5 0.38461538461538 - 1 0.5 0.5 - 
1262305404 0.5 0 - 0.36363636363636 0.42857142857143 0.38461538461538 0.41666666666667 0.38461538461538 - 1 0.5 0.5 - 
1262305504 0.5 0 - 0.36363636363636 0.4 0.38461538461538 0.41666666666667 0.38461538461538 0.36363636363636 0.8 0.5 0.36363636363636 - 
1262305604 0.5 0.11111111111111 1 0.41666666666667 0.4 0.38461538461538 0.41666666666667 0.38461538461538 0.41666666666667 0.83333333333333 0.5 0.41666666666667 0.66666666666667 
1262305704 0.5 0.11111111111111 1 0.41666666666667 0.4 0.42857142857143 0.46153846153846 0.38461538461538 0.41666666666667 0.83333333333333 0.5 0.41666666666667 0.66666666666667 
1262305804 0.5 0.11111111111111 1 0.46153846153846 0.4 0.4 0.42857142857143 0.42857142857143 0.41666666666667 0.83333333333333 0.5 0.41666666666667 0.66666666666667 
1262305904 0.5 0.1 1 0.42857142857143 0.4 0.4375 0.42857142857143 0.42857142857143 0.41666666666667 0.83333333333333 0.5 0.41666666666667 0.66666666666667 
1262306004 0.5 0.1 1 0.46666666666667 0.4 0.4375 0.42857142857143 0.4 0.41666666666667 0.625 0.41666666666667 0.41666666666667 0.66666666666667 
1262306104 0.5 0.18181818181818 1 0.46666666666667 0.4 0.4375 0.42857142857143 0.4375 0.41666666666667 0.625 0.41666666666667 0.41666666666667 0.4 
1262306204 0.5 0.25 1 0.46666666666667 0.4375 0.4375 0.46666666666667 0.4375 0.38461538461538 0.6 0.41666666666667 0.38461538461538 0.4 
1262306304 0.5 0.30769230769231 1 0.46666666666667 0.4375 0.4375 0.46666666666667 0.41176470588235 0.42857142857143 0.6 0.41666666666667 0.38461538461538 0.4 
1262306404 0.5 0.30769230769231 1 0.46666666666667 0.41176470588235 0.4375 0.46666666666667 0.41176470588235 0.42857142857143 0.6 0.41666666666667 0.42857142857143 0.42857142857143 
1262306504 0.5 0.35714285714286 1 0.46666666666667 0.41176470588235 0.4375 0.46666666666667 0.41176470588235 0.42857142857143 0.6 0.41666666666667 0.42857142857143 0.42857142857143 
1262306604 0.5 0.35714285714286 1 0.46666666666667 0.41176470588235 0.41176470588235 0.4375 0.41176470588235 0.46666666666667 0.6 0.46153846153846 0.46666666666667 0.42857142857143 
1262306704 0.5 0.4 1 0.46666666666667 0.41176470588235 0.41176470588235 0.4375 0.41176470588235 0.46666666666667 0.63636363636364 0.5 0.46666666666667 0.5 
1262306804 0.5 0.4 1 0.4375 0.41176470588235 0.41176470588235 0.4375 0.41176470588235 0.46666666666667 0.63636363636364 0.5 0.46666666666667 0.5 
1262306904 0.5 0.4 1 0.47058823529412 0.41176470588235 0.41176470588235 0.4375 0.41176470588235 0.4375 0.58333333333333 0.5 0.46666666666667 0.5 
1262307004 0.5 0.4 1 0.47058823529412 0.41176470588235 0.41176470588235 0.4375 0.41176470588235 0.4375 0.58333333333333 0.4375 0.46666666666667 0.5 
1262307104 0.5 0.4 1 0.47058823529412 0.41176470588235 0.41176470588235 0.4375 0.44444444444444 0.4375 0.58333333333333 0.4375 0.46666666666667 0.44444444444444 
1262307204 0.5 0.4 1 0.47058823529412 0.41176470588235 0.41176470588235 0.5 0.44444444444444 0.4375 0.58333333333333 0.4375 0.4375 0.44444444444444 
1262307255 0.5 0.4 1 0.47058823529412 0.41176470588235 0.41176470588235 0.5 0.44444444444444 0.4375 0.58333333333333 0.4375 0.4375 0.44444444444444 
1262307304 0.5 0.4 1 0.47058823529412 0.41176470588235 0.41176470588235 0.5 0.44444444444444 0.4375 0.58333333333333 0.4375 0.4375 0.44444444444444 
1262307355 0.5 0.4 1 0.47058823529412 0.47368421052632 0.41176470588235 0.5 0.44444444444444 0.4375 0.58333333333333 0.4375 0.4375 0.44444444444444 
1262307404 0.5 0.41176470588235 1 0.47058823529412 0.47368421052632 0.44444444444444 0.5 0.44444444444444 0.4375 0.58333333333333 0.4375 0.4375 0.54545454545455 
1262307455 0.5 0.41176470588235 1 0.47058823529412 0.47368421052632 0.44444444444444 0.5 0.44444444444444 0.4375 0.58333333333333 0.4375 0.4375 0.54545454545455 
1262307504 0.5 0.44444444444444 1 0.47058823529412 0.47368421052632 0.44444444444444 0.5 0.44444444444444 0.4375 0.58333333333333 0.4375 0.4375 0.58333333333333 
1262307523 0.5 0.44444444444444 1 0.47058823529412 0.47368421052632 0.44444444444444 0.5 0.44444444444444 0.4375 0.58333333333333 0.4375 0.4375 0.58333333333333 
1262307555 0.5 0.44444444444444 1 0.47058823529412 0.47368421052632 0.44444444444444 0.5 0.44444444444444 0.4375 0.58333333333333 0.4375 0.4375 0.58333333333333 
1262307604 0.5 0.44444444444444 1 0.47058823529412 0.47368421052632 0.44444444444444 0.5 0.47368421052632 0.47058823529412 0.61538461538462 0.5 0.4375 0.58333333333333 
1262307623 0.5 0.44444444444444 1 0.47058823529412 0.47368421052632 0.44444444444444 0.5 0.47368421052632 0.47058823529412 0.61538461538462 0.5 0.4375 0.58333333333333 
1262307648 0.5 0.44444444444444 1 0.47058823529412 0.47368421052632 0.44444444444444 0.5 0.47368421052632 0.47058823529412 0.61538461538462 0.5 0.4375 0.58333333333333 
1262307655 0.5 0.44444444444444 1 0.47058823529412 0.47368421052632 0.44444444444444 0.5 0.47368421052632 0.47058823529412 0.61538461538462 0.5 0.4375 0.58333333333333 
1262307704 0.5 0.44444444444444 1 0.47058823529412 0.47368421052632 0.44444444444444 0.5 0.47368421052632 0.5 0.61538461538462 0.5 0.4375 0.58333333333333 
1262307723 0.5 0.44444444444444 1 0.47058823529412 0.47368421052632 0.44444444444444 0.5 0.47368421052632 0.5 0.61538461538462 0.5 0.4375 0.58333333333333 
1262307748 0.5 0.44444444444444 1 0.47058823529412 0.47368421052632 0.44444444444444 0.5 0.47368421052632 0.5 0.61538461538462 0.5 0.4375 0.58333333333333 
1262307755 0.5 0.44444444444444 1 0.5 0.47368421052632 0.44444444444444 0.5 0.47368421052632 0.5 0.61538461538462 0.5 0.4375 0.58333333333333 
1262307804 0.5 0.47368421052632 1 0.5 0.47368421052632 0.44444444444444 0.5 0.47368421052632 0.5 0.61538461538462 0.5 0.47058823529412 0.58333333333333 
1262307823 0.5 0.47368421052632 1 0.5 0.47368421052632 0.44444444444444 0.5 0.47368421052632 0.5 0.61538461538462 0.5 0.47058823529412 0.58333333333333 
1262307848 0.5 0.47368421052632 1 0.5 0.47368421052632 0.44444444444444 0.5 0.47368421052632 0.5 0.61538461538462 0.5 0.47058823529412 0.58333333333333 
1262307855 0.5 0.47368421052632 1 0.5 0.47368421052632 0.44444444444444 0.5 0.47368421052632 0.5 0.61538461538462 0.5 0.47058823529412 0.58333333333333 
1262307904 0.5 0.47368421052632 1 0.5 0.47368421052632 0.45 0.5 0.47368421052632 0.5 0.61538461538462 0.5 0.47058823529412 0.58333333333333 
1262307923 0.5 0.47368421052632 1 0.5 0.47368421052632 0.45 0.47368421052632 0.47368421052632 0.5 0.61538461538462 0.5 0.47058823529412 0.58333333333333 
1262307948 0.5 0.47368421052632 1 0.5 0.47368421052632 0.45 0.47368421052632 0.47368421052632 0.5 0.61538461538462 0.5 0.47058823529412 0.58333333333333 
1262307955 0.5 0.47368421052632 1 0.5 0.42857142857143 0.45 0.47368421052632 0.47368421052632 0.5 0.61538461538462 0.5 0.47058823529412 0.58333333333333 
1262308004 0.5 0.47368421052632 1 0.5 0.42857142857143 0.42857142857143 0.47368421052632 0.47368421052632 0.5 0.64285714285714 0.5 0.47058823529412 0.58333333333333 
1262308023 0.5 0.47368421052632 1 0.5 0.42857142857143 0.42857142857143 0.45 0.47368421052632 0.5 0.64285714285714 0.5 0.47058823529412 0.58333333333333 
1262308048 0.5 0.47368421052632 1 0.5 0.42857142857143 0.42857142857143 0.45 0.47368421052632 0.5 0.64285714285714 0.5 0.47058823529412 0.58333333333333 
1262308055 0.5 0.47368421052632 1 0.5 0.42857142857143 0.42857142857143 0.45 0.47368421052632 0.5 0.64285714285714 0.5 0.47058823529412 0.58333333333333 
1262308062 0.5 0.47368421052632 1 0.5 0.42857142857143 0.42857142857143 0.45 0.47368421052632 0.5 0.64285714285714 0.5 0.47058823529412 0.58333333333333 
1262308104 0.5 0.47368421052632 1 0.5 0.42857142857143 0.42857142857143 0.45 0.47368421052632 0.5 0.64285714285714 0.5 0.5 0.58333333333333 
1262308123 0.5 0.47368421052632 1 0.5 0.42857142857143 0.42857142857143 0.45 0.47368421052632 0.5 0.64285714285714 0.5 0.5 0.58333333333333 
1262308148 0.5 0.47368421052632 1 0.5 0.42857142857143 0.42857142857143 0.45 0.47368421052632 0.5 0.64285714285714 0.5 0.5 0.58333333333333 
1262308155 0.5 0.47368421052632 1 0.5 0.42857142857143 0.42857142857143 0.45 0.47368421052632 0.5 0.64285714285714 0.5 0.5 0.58333333333333 
1262308162 0.5 0.47368421052632 1 0.47368421052632 0.42857142857143 0.42857142857143 0.45 0.47368421052632 0.5 0.64285714285714 0.5 0.5 0.58333333333333 
1262308204 0.5 0.47368421052632 1 0.47368421052632 0.42857142857143 0.42857142857143 0.45 0.47368421052632 0.5 0.64285714285714 0.5 0.5 0.61538461538462 
1262308219 0.5 0.47368421052632 1 0.47368421052632 0.42857142857143 0.42857142857143 0.45 0.47368421052632 0.5 0.64285714285714 0.5 0.5 0.61538461538462 
1262308223 0.5 0.47368421052632 1 0.47368421052632 0.42857142857143 0.42857142857143 0.45 0.47368421052632 0.5 0.64285714285714 0.5 0.5 0.61538461538462 
1262308239 0.5 0.47368421052632 1 0.47368421052632 0.42857142857143 0.42857142857143 0.45 0.47368421052632 0.5 0.64285714285714 0.5 0.5 0.61538461538462 
1262308248 0.5 0.47368421052632 1 0.47368421052632 0.42857142857143 0.42857142857143 0.45 0.47368421052632 0.5 0.64285714285714 0.5 0.5 0.61538461538462 
1262308251 0.5 0.47368421052632 1 0.47368421052632 0.42857142857143 0.42857142857143 0.45 0.47368421052632 0.5 0.64285714285714 0.5 0.5 0.61538461538462 
1262308255 0.5 0.47368421052632 1 0.47368421052632 0.42857142857143 0.42857142857143 0.45 0.47368421052632 0.5 0.64285714285714 0.5 0.5 0.61538461538462 
1262308262 0.5 0.47368421052632 1 0.47368421052632 0.42857142857143 0.42857142857143 0.45 0.47368421052632 0.5 0.64285714285714 0.5 0.5 0.61538461538462 
1262308304 0.5 0.47368421052632 1 0.47368421052632 0.42857142857143 0.42857142857143 0.45 0.47368421052632 0.5 0.6 0.5 0.5 0.61538461538462 
1262308319 0.5 0.47368421052632 1 0.47368421052632 0.42857142857143 0.42857142857143 0.45 0.47368421052632 0.5 0.6 0.5 0.5 0.61538461538462 
1262308323 0.5 0.47368421052632 1 0.47368421052632 0.42857142857143 0.42857142857143 0.45 0.47368421052632 0.5 0.6 0.5 0.5 0.61538461538462 
1262308339 0.5 0.47368421052632 1 0.47368421052632 0.42857142857143 0.42857142857143 0.45 0.47368421052632 0.5 0.6 0.5 0.5 0.61538461538462 
1262308348 0.5 0.47368421052632 1 0.47368421052632 0.42857142857143 0.42857142857143 0.45 0.47368421052632 0.5 0.6 0.5 0.5 0.61538461538462 
1262308351 0.5 0.47368421052632 1 0.47368421052632 0.42857142857143 0.42857142857143 0.45 0.47368421052632 0.5 0.6 0.5 0.5 0.61538461538462 
1262308355 0.5 0.47368421052632 1 0.47368421052632 0.42857142857143 0.42857142857143 0.45 0.47368421052632 0.5 0.6 0.5 0.5 0.61538461538462 
1262308362 0.5 0.47368421052632 1 0.45 0.42857142857143 0.42857142857143 0.45 0.47368421052632 0.5 0.6 0.5 0.5 0.61538461538462 
1262308404 0.5 0.42857142857143 1 0.45 0.42857142857143 0.42857142857143 0.45 0.47368421052632 0.5 0.5625 0.5 0.5 0.53333333333333 
1262308419 0.5 0.42857142857143 1 0.45 0.42857142857143 0.42857142857143 0.45 0.47368421052632 0.5 0.5625 0.5 0.5 0.53333333333333 
1262308423 0.5 0.42857142857143 1 0.45 0.42857142857143 0.42857142857143 0.45 0.47368421052632 0.5 0.5625 0.5 0.5 0.53333333333333 
1262308439 0.5 0.42857142857143 1 0.45 0.42857142857143 0.42857142857143 0.45 0.45 0.5 0.5625 0.5 0.5 0.53333333333333 
1262308448 0.5 0.42857142857143 1 0.45 0.42857142857143 0.42857142857143 0.45 0.45 0.5 0.5625 0.5 0.5 0.53333333333333 
1262308451 0.5 0.42857142857143 1 0.45 0.42857142857143 0.42857142857143 0.45 0.45 0.5 0.5625 0.5 0.5 0.53333333333333 
1262308455 0.5 0.42857142857143 1 0.45 0.42857142857143 0.42857142857143 0.45 0.45 0.5 0.5625 0.5 0.5 0.53333333333333 
1262308462 0.5 0.42857142857143 1 0.45 0.42857142857143 0.42857142857143 0.45 0.45 0.5 0.5625 0.5 0.5 0.53333333333333 
