arrived:	node2#19	1
arrived:	node3#7	1
arrived:	node3#9	1
arrived:	node2#1	1
arrived:	node3#25	1
arrived:	node2#5	1
arrived:	node2#2	1
arrived:	node3#4	1
arrived:	node2#22	1
arrived:	node2#6	1
arrived:	node2#9	1
arrived:	node2#15	1
arrived:	node2#30	1
arrived:	node3#30	1
arrived:	node3#2	1
arrived:	node3#1	1
arrived:	node3#17	1
arrived:	node2#3	1
arrived:	node2#12	1
NOTIFS:
node3	:	60	sent
node2	:	60	sent
SUBS:
on	node2
	node2	:	11	received
on	node3
	node3	:	8	received
1262304604 0.5 - - - - 0.5 - - - - - - - 
1262304704 0.5 - - - - 0.5 - - - - - - - 
1262304804 0.5 - - - - 0.5 - - - - - - - 
1262304904 0.5 - - - - 0.5 - - - - - - - 
1262305004 0.5 - - - 0.5 0.5 - - - - - - - 
1262305104 0.5 - - - 0.5 0.5 - - - - - - - 
1262305204 0.5 0.5 - - 0.5 0.5 0.5 - - - 0.5 - 0 
1262305304 0.5 0.5 - 1 0.54545454545455 0.5 0.5 - - - 0.5 - 0 
1262305404 0.5 0.5 - 1 0.58333333333333 0.5 0.5 - - - 0.5 - 0 
1262305504 0.5 0.5 - 1 0.58333333333333 0.5 0.5 - - - 0.5 - 0 
1262305604 0.5 0.5 - 1 0.58333333333333 0.5 0.54545454545455 - - - 0.5 - 0 
1262305609 0.5 0.5 - 1 0.58333333333333 0.5 0.54545454545455 - - - 0.5 - 0 
1262305704 0.5 0.5 - 1 0.58333333333333 0.5 0.54545454545455 - - - 0.5 - 0 
1262305709 0.5 0.5 - 1 0.58333333333333 0.5 0.54545454545455 - - - 0.5 - 0 
1262305804 0.5 0.5 - 1 0.58333333333333 0.5 0.58333333333333 - - - 0.5 - 0 
1262305809 0.5 0.5 - 1 0.58333333333333 0.54545454545455 0.58333333333333 - - - 0.5 - 0 
1262305904 0.5 0.5 - 1 0.61538461538462 0.54545454545455 0.58333333333333 0.54545454545455 - - 0.5 - 0 
1262305909 0.5 0.5 - 1 0.61538461538462 0.54545454545455 0.58333333333333 0.54545454545455 - - 0.5 - 0 
1262306004 0.5 0.5 - 1 0.61538461538462 0.54545454545455 0.58333333333333 0.54545454545455 - - 0.5 - 0 
1262306009 0.5 0.5 - 1 0.61538461538462 0.54545454545455 0.58333333333333 0.54545454545455 - - 0.5 - 0 
1262306104 0.5 0.5 - 1 0.61538461538462 0.54545454545455 0.61538461538462 0.54545454545455 - - 0.5 - 0 
1262306109 0.5 0.5 - 1 0.61538461538462 0.54545454545455 0.61538461538462 0.54545454545455 - - 0.5 - 0 
1262306204 0.5 0.5 - 0.72727272727273 0.61538461538462 0.54545454545455 0.64285714285714 0.54545454545455 1 - 0.6 0.57142857142857 0 
1262306209 0.5 0.5 - 0.72727272727273 0.61538461538462 0.54545454545455 0.64285714285714 0.54545454545455 1 - 0.6 0.57142857142857 0 
1262306304 0.5 0.5 - 0.72727272727273 0.57142857142857 0.54545454545455 0.64285714285714 0.54545454545455 1 1 0.6 0.57142857142857 0 
1262306309 0.5 0.5 - 0.72727272727273 0.57142857142857 0.54545454545455 0.64285714285714 0.54545454545455 1 1 0.6 0.57142857142857 0 
1262306404 0.5 0.5 - 0.72727272727273 0.57142857142857 0.54545454545455 0.64285714285714 0.54545454545455 1 1 0.6 0.57142857142857 0 
1262306409 0.5 0.5 - 0.72727272727273 0.57142857142857 0.53846153846154 0.64285714285714 0.54545454545455 1 1 0.6 0.57142857142857 0 
1262306504 0.5 0.5 1 0.66666666666667 0.6 0.53846153846154 0.6 0.58333333333333 1 1 0.6 0.57142857142857 0.33333333333333 
1262306509 0.5 0.5 1 0.66666666666667 0.6 0.5 0.6 0.58333333333333 1 1 0.6 0.57142857142857 0.33333333333333 
1262306604 0.5 0.25 1 0.69230769230769 0.6 0.5 0.6 0.57142857142857 1 1 0.6 0.57142857142857 0.33333333333333 
1262306609 0.5 0.25 1 0.69230769230769 0.6 0.5 0.6 0.57142857142857 1 1 0.6 0.57142857142857 0.33333333333333 
1262306704 0.5 0.25 1 0.64285714285714 0.6 0.5 0.625 0.57142857142857 1 1 0.6 0.57142857142857 0.33333333333333 
1262306709 0.5 0.25 1 0.64285714285714 0.6 0.5625 0.625 0.57142857142857 1 1 0.6 0.57142857142857 0.33333333333333 
1262306804 0.5 0.25 1 0.64285714285714 0.625 0.5625 0.625 0.5625 1 1 0.6 0.57142857142857 0.33333333333333 
1262306809 0.5 0.25 1 0.64285714285714 0.625 0.5625 0.625 0.5625 1 1 0.6 0.57142857142857 0.33333333333333 
1262306904 0.5 0.22222222222222 1 0.66666666666667 0.58823529411765 0.5625 0.625 0.5625 1 1 0.6 0.57142857142857 0.33333333333333 
1262306909 0.5 0.22222222222222 1 0.66666666666667 0.58823529411765 0.5625 0.625 0.5625 1 1 0.6 0.57142857142857 0.33333333333333 
1262307004 0.5 0.22222222222222 1 0.66666666666667 0.61111111111111 0.5625 0.625 0.58823529411765 1 1 0.6 0.57142857142857 0.33333333333333 
1262307009 0.5 0.22222222222222 1 0.66666666666667 0.61111111111111 0.58823529411765 0.625 0.58823529411765 1 1 0.6 0.57142857142857 0.33333333333333 
1262307104 0.5 0.22222222222222 1 0.66666666666667 0.61111111111111 0.58823529411765 0.64705882352941 0.58823529411765 1 1 0.6 0.57142857142857 0.45454545454545 
1262307109 0.5 0.22222222222222 1 0.66666666666667 0.61111111111111 0.55555555555556 0.64705882352941 0.58823529411765 1 1 0.6 0.57142857142857 0.45454545454545 
1262307204 0.5 0.22222222222222 1 0.66666666666667 0.61111111111111 0.55555555555556 0.64705882352941 0.58823529411765 1 1 0.6 0.6 0.45454545454545 
1262307209 0.5 0.22222222222222 1 0.66666666666667 0.61111111111111 0.55555555555556 0.64705882352941 0.58823529411765 1 1 0.6 0.6 0.45454545454545 
1262307304 0.5 0.22222222222222 1 0.625 0.61111111111111 0.55555555555556 0.57894736842105 0.58823529411765 0.66666666666667 1 0.53846153846154 0.6 0.45454545454545 
1262307309 0.5 0.22222222222222 1 0.625 0.61111111111111 0.55555555555556 0.57894736842105 0.58823529411765 0.66666666666667 1 0.53846153846154 0.6 0.45454545454545 
1262307338 0.5 0.22222222222222 1 0.625 0.61111111111111 0.55555555555556 0.57894736842105 0.58823529411765 0.66666666666667 0.5 0.53846153846154 0.6 0.45454545454545 
1262307404 0.5 0.22222222222222 1 0.625 0.61111111111111 0.55555555555556 0.55 0.58823529411765 0.72727272727273 0.5 0.57142857142857 0.64285714285714 0.45454545454545 
1262307409 0.5 0.22222222222222 1 0.625 0.61111111111111 0.55555555555556 0.55 0.58823529411765 0.72727272727273 0.5 0.57142857142857 0.64285714285714 0.45454545454545 
1262307438 0.5 0.22222222222222 1 0.625 0.61111111111111 0.55555555555556 0.55 0.58823529411765 0.72727272727273 0.7 0.57142857142857 0.64285714285714 0.45454545454545 
1262307477 0.5 0.22222222222222 1 0.625 0.61111111111111 0.55555555555556 0.55 0.58823529411765 0.72727272727273 0.7 0.57142857142857 0.64285714285714 0.45454545454545 
1262307504 0.5 0.22222222222222 1 0.625 0.61111111111111 0.55555555555556 0.55 0.58823529411765 0.66666666666667 0.7 0.57142857142857 0.6 0.41666666666667 
1262307509 0.5 0.22222222222222 1 0.625 0.61111111111111 0.55555555555556 0.55 0.58823529411765 0.66666666666667 0.7 0.57142857142857 0.6 0.41666666666667 
1262307538 0.5 0.22222222222222 1 0.625 0.61111111111111 0.55555555555556 0.55 0.58823529411765 0.66666666666667 0.7 0.57142857142857 0.6 0.41666666666667 
1262307577 0.5 0.22222222222222 1 0.625 0.61111111111111 0.55555555555556 0.55 0.58823529411765 0.66666666666667 0.7 0.57142857142857 0.6 0.41666666666667 
1262307604 0.5 0.22222222222222 1 0.625 0.61111111111111 0.55555555555556 0.55 0.55555555555556 0.66666666666667 0.7 0.53333333333333 0.6 0.46153846153846 
1262307609 0.5 0.22222222222222 1 0.625 0.61111111111111 0.55555555555556 0.55 0.55555555555556 0.66666666666667 0.7 0.53333333333333 0.6 0.46153846153846 
1262307638 0.5 0.22222222222222 1 0.625 0.61111111111111 0.55555555555556 0.55 0.55555555555556 0.66666666666667 0.7 0.53333333333333 0.6 0.46153846153846 
1262307677 0.5 0.22222222222222 1 0.625 0.61111111111111 0.55555555555556 0.55 0.55555555555556 0.66666666666667 0.7 0.53333333333333 0.6 0.46153846153846 
1262307704 0.5 0.22222222222222 1 0.625 0.61111111111111 0.55555555555556 0.55 0.55555555555556 0.66666666666667 0.7 0.53333333333333 0.6 0.5 
1262307709 0.5 0.22222222222222 1 0.625 0.61111111111111 0.52631578947368 0.55 0.55555555555556 0.66666666666667 0.7 0.53333333333333 0.6 0.5 
1262307738 0.5 0.22222222222222 1 0.625 0.61111111111111 0.52631578947368 0.55 0.55555555555556 0.66666666666667 0.63636363636364 0.53333333333333 0.6 0.5 
1262307777 0.5 0.33333333333333 1 0.625 0.61111111111111 0.52631578947368 0.55 0.55555555555556 0.66666666666667 0.63636363636364 0.53333333333333 0.6 0.5 
1262307804 0.5 0.33333333333333 1 0.625 0.61111111111111 0.52631578947368 0.55 0.55555555555556 0.66666666666667 0.63636363636364 0.5625 0.6 0.5 
1262307809 0.5 0.33333333333333 1 0.625 0.61111111111111 0.52631578947368 0.55 0.55555555555556 0.66666666666667 0.63636363636364 0.5625 0.6 0.5 
1262307838 0.5 0.33333333333333 1 0.625 0.61111111111111 0.52631578947368 0.55 0.55555555555556 0.66666666666667 0.63636363636364 0.5625 0.6 0.5 
1262307877 0.5 0.33333333333333 1 0.625 0.61111111111111 0.52631578947368 0.55 0.55555555555556 0.66666666666667 0.63636363636364 0.5625 0.6 0.5 
1262307904 0.5 0.33333333333333 1 0.625 0.57894736842105 0.52631578947368 0.55 0.55555555555556 0.66666666666667 0.63636363636364 0.5625 0.6 0.5 
1262307909 0.5 0.33333333333333 1 0.625 0.57894736842105 0.52631578947368 0.55 0.55555555555556 0.66666666666667 0.63636363636364 0.5625 0.6 0.5 
1262307938 0.5 0.33333333333333 1 0.625 0.57894736842105 0.52631578947368 0.55 0.55555555555556 0.66666666666667 0.63636363636364 0.5625 0.6 0.5 
1262307977 0.5 0.33333333333333 1 0.625 0.57894736842105 0.52631578947368 0.55 0.55555555555556 0.66666666666667 0.63636363636364 0.5625 0.6 0.5 
1262308004 0.5 0.33333333333333 1 0.625 0.55 0.52631578947368 0.55 0.55555555555556 0.66666666666667 0.63636363636364 0.5625 0.6 0.5 
1262308009 0.5 0.33333333333333 1 0.625 0.55 0.5 0.55 0.55555555555556 0.66666666666667 0.63636363636364 0.5625 0.6 0.5 
1262308038 0.5 0.33333333333333 1 0.625 0.55 0.5 0.55 0.55555555555556 0.66666666666667 0.63636363636364 0.5625 0.6 0.5 
1262308077 0.5 0.38461538461538 1 0.625 0.55 0.5 0.55 0.55555555555556 0.66666666666667 0.63636363636364 0.5625 0.6 0.5 
1262308104 0.5 0.38461538461538 1 0.58823529411765 0.55 0.5 0.55 0.52631578947368 0.66666666666667 0.63636363636364 0.5625 0.6 0.46666666666667 
1262308109 0.5 0.38461538461538 1 0.58823529411765 0.55 0.5 0.55 0.52631578947368 0.66666666666667 0.63636363636364 0.5625 0.6 0.46666666666667 
1262308138 0.5 0.38461538461538 1 0.58823529411765 0.55 0.5 0.55 0.52631578947368 0.66666666666667 0.63636363636364 0.5625 0.6 0.46666666666667 
1262308177 0.5 0.42857142857143 1 0.58823529411765 0.55 0.5 0.55 0.52631578947368 0.66666666666667 0.63636363636364 0.5625 0.6 0.46666666666667 
1262308204 0.5 0.42857142857143 1 0.58823529411765 0.52380952380952 0.5 0.52380952380952 0.52631578947368 0.66666666666667 0.63636363636364 0.5625 0.5625 0.5 
1262308209 0.5 0.42857142857143 1 0.58823529411765 0.52380952380952 0.5 0.52380952380952 0.52631578947368 0.66666666666667 0.63636363636364 0.5625 0.5625 0.5 
1262308238 0.5 0.42857142857143 1 0.58823529411765 0.52380952380952 0.5 0.52380952380952 0.52631578947368 0.66666666666667 0.58333333333333 0.5625 0.5625 0.5 
1262308277 0.5 0.42857142857143 1 0.58823529411765 0.52380952380952 0.5 0.52380952380952 0.52631578947368 0.66666666666667 0.58333333333333 0.5625 0.5625 0.5 
1262308304 0.5 0.42857142857143 1 0.55555555555556 0.52380952380952 0.5 0.52380952380952 0.52631578947368 0.69230769230769 0.58333333333333 0.5625 0.5625 0.5 
1262308309 0.5 0.42857142857143 1 0.55555555555556 0.52380952380952 0.5 0.52380952380952 0.52631578947368 0.69230769230769 0.58333333333333 0.5625 0.5625 0.5 
1262308338 0.5 0.42857142857143 1 0.55555555555556 0.52380952380952 0.5 0.52380952380952 0.52631578947368 0.69230769230769 0.58333333333333 0.5625 0.5625 0.5 
1262308352 0.5 0.42857142857143 1 0.55555555555556 0.52380952380952 0.5 0.52380952380952 0.52631578947368 0.69230769230769 0.58333333333333 0.5625 0.5625 0.5 
1262308404 0.5 0.42857142857143 1 0.55555555555556 0.5 0.5 0.5 0.52631578947368 0.69230769230769 0.58333333333333 0.52941176470588 0.5625 0.47058823529412 
1262308409 0.5 0.42857142857143 1 0.55555555555556 0.5 0.47619047619048 0.5 0.52631578947368 0.69230769230769 0.58333333333333 0.52941176470588 0.5625 0.47058823529412 
1262308438 0.5 0.42857142857143 1 0.55555555555556 0.5 0.47619047619048 0.5 0.52631578947368 0.69230769230769 0.61538461538462 0.52941176470588 0.5625 0.47058823529412 
1262308452 0.5 0.42857142857143 1 0.55555555555556 0.5 0.47619047619048 0.5 0.47619047619048 0.69230769230769 0.61538461538462 0.52941176470588 0.5625 0.47058823529412 
