arrived:	node2#19	1
arrived:	node3#7	1
arrived:	node3#9	1
arrived:	node2#1	1
arrived:	node3#25	1
arrived:	node2#5	1
arrived:	node2#2	1
arrived:	node3#4	1
arrived:	node2#6	1
arrived:	node2#9	1
arrived:	node2#12	1
arrived:	node2#7	1
arrived:	node3#5	1
arrived:	node3#2	1
arrived:	node3#1	1
arrived:	node2#4	1
arrived:	node3#17	1
arrived:	node2#3	1
NOTIFS:
node3	:	60	sent
node2	:	60	sent
SUBS:
on	node2
	node2	:	10	received
on	node3
	node3	:	8	received
1262304604 0.5 - - - - 0.5 - 0.5 - - - - - 
1262304704 0.5 - - 0.5 0.5 0.5 0.5 0.5 - - - - - 
1262304804 0.5 - - 0.5 0.5 0.5 0.5 0.5 - - - - - 
1262304904 0.5 0 - 0.5 0.45454545454545 0.5 0.5 0.5 - - - - 0 
1262305004 0.5 0 - 0.5 0.45454545454545 0.5 0.5 0.5 - - - - 0 
1262305104 0.5 0 - 0.5 0.45454545454545 0.5 0.54545454545455 0.5 - - - - 0 
1262305204 0.5 0 - 0.5 0.45454545454545 0.54545454545455 0.54545454545455 0.54545454545455 - - - - 0 
1262305304 0.5 0 - 0.5 0.45454545454545 0.58333333333333 0.54545454545455 0.54545454545455 - - - - 0 
1262305404 0.5 0 - 0.25 0.41666666666667 0.58333333333333 0.58333333333333 0.54545454545455 - - - 0.5 0 
1262305504 0.5 0 - 0.36363636363636 0.41666666666667 0.58333333333333 0.58333333333333 0.58333333333333 - - - 0.54545454545455 0 
1262305604 0.5 0 - 0.41666666666667 0.46153846153846 0.58333333333333 0.58333333333333 0.58333333333333 - - 1 0.54545454545455 0.75 
1262305704 0.5 0.125 - 0.41666666666667 0.46153846153846 0.61538461538462 0.61538461538462 0.58333333333333 - - 0.75 0.58333333333333 0.75 
1262305804 0.5 0.125 - 0.46153846153846 0.46153846153846 0.61538461538462 0.61538461538462 0.58333333333333 1 - 0.66666666666667 0.58333333333333 0.75 
1262305904 0.5 0.125 - 0.46153846153846 0.46153846153846 0.64285714285714 0.61538461538462 0.61538461538462 1 - 0.66666666666667 0.58333333333333 0.75 
1262305931 0.5 0.125 - 0.46153846153846 0.46153846153846 0.64285714285714 0.61538461538462 0.61538461538462 1 - 0.66666666666667 0.58333333333333 0.75 
1262306004 0.5 0.125 - 0.46666666666667 0.53333333333333 0.64285714285714 0.64285714285714 0.61538461538462 1 1 0.63636363636364 0.58333333333333 0.7 
1262306031 0.5 0.125 - 0.46666666666667 0.53333333333333 0.64285714285714 0.64285714285714 0.61538461538462 1 1 0.63636363636364 0.58333333333333 0.7 
1262306104 0.5 0.125 - 0.46666666666667 0.53333333333333 0.64285714285714 0.64285714285714 0.61538461538462 1 1 0.63636363636364 0.58333333333333 0.7 
1262306131 0.5 0.125 - 0.46666666666667 0.53333333333333 0.64285714285714 0.64285714285714 0.61538461538462 1 1 0.63636363636364 0.58333333333333 0.7 
1262306137 0.5 0.125 - 0.46666666666667 0.53333333333333 0.64285714285714 0.64285714285714 0.61538461538462 1 1 0.63636363636364 0.58333333333333 0.7 
1262306204 0.5 0.125 1 0.52941176470588 0.53333333333333 0.625 0.64285714285714 0.58823529411765 0.8 1 0.63636363636364 0.58333333333333 0.66666666666667 
1262306231 0.5 0.11111111111111 1 0.52941176470588 0.53333333333333 0.625 0.64285714285714 0.58823529411765 0.8 1 0.63636363636364 0.58333333333333 0.66666666666667 
1262306237 0.5 0.11111111111111 1 0.52941176470588 0.55555555555556 0.625 0.64285714285714 0.58823529411765 0.8 1 0.63636363636364 0.58333333333333 0.66666666666667 
1262306304 0.5 0.11111111111111 1 0.52941176470588 0.55555555555556 0.58823529411765 0.64285714285714 0.58823529411765 0.63636363636364 1 0.58333333333333 0.58333333333333 0.61538461538462 
1262306331 0.5 0.11111111111111 1 0.52941176470588 0.55555555555556 0.58823529411765 0.64285714285714 0.58823529411765 0.63636363636364 1 0.58333333333333 0.58333333333333 0.61538461538462 
1262306337 0.5 0.11111111111111 1 0.52941176470588 0.55555555555556 0.58823529411765 0.64285714285714 0.58823529411765 0.63636363636364 1 0.58333333333333 0.58333333333333 0.61538461538462 
1262306404 0.5 0.11111111111111 1 0.52941176470588 0.55555555555556 0.58823529411765 0.6 0.58823529411765 0.63636363636364 0.6 0.58333333333333 0.57142857142857 0.61538461538462 
1262306431 0.5 0.11111111111111 1 0.52941176470588 0.55555555555556 0.58823529411765 0.6 0.58823529411765 0.63636363636364 0.6 0.58333333333333 0.57142857142857 0.61538461538462 
1262306437 0.5 0.11111111111111 1 0.52941176470588 0.55555555555556 0.58823529411765 0.6 0.58823529411765 0.63636363636364 0.6 0.58333333333333 0.57142857142857 0.61538461538462 
1262306504 0.5 0.11111111111111 1 0.52941176470588 0.55555555555556 0.58823529411765 0.6 0.58823529411765 0.66666666666667 0.6 0.58333333333333 0.57142857142857 0.64285714285714 
1262306531 0.5 0.11111111111111 1 0.52941176470588 0.55555555555556 0.58823529411765 0.6 0.58823529411765 0.66666666666667 0.6 0.58333333333333 0.57142857142857 0.64285714285714 
1262306537 0.5 0.11111111111111 1 0.52941176470588 0.55555555555556 0.58823529411765 0.6 0.58823529411765 0.66666666666667 0.6 0.58333333333333 0.57142857142857 0.64285714285714 
1262306585 0.5 0.11111111111111 1 0.52941176470588 0.55555555555556 0.58823529411765 0.6 0.58823529411765 0.66666666666667 0.6 0.58333333333333 0.57142857142857 0.64285714285714 
1262306604 0.5 0.11111111111111 1 0.52941176470588 0.55555555555556 0.58823529411765 0.6 0.58823529411765 0.66666666666667 0.6 0.58333333333333 0.57142857142857 0.64285714285714 
1262306631 0.5 0.11111111111111 1 0.52941176470588 0.55555555555556 0.58823529411765 0.6 0.58823529411765 0.66666666666667 0.6 0.58333333333333 0.57142857142857 0.64285714285714 
1262306637 0.5 0.11111111111111 1 0.52941176470588 0.55555555555556 0.58823529411765 0.6 0.58823529411765 0.66666666666667 0.6 0.58333333333333 0.57142857142857 0.64285714285714 
1262306685 0.5 0.11111111111111 1 0.52941176470588 0.55555555555556 0.58823529411765 0.6 0.58823529411765 0.66666666666667 0.6 0.58333333333333 0.57142857142857 0.64285714285714 
1262306704 0.5 0.11111111111111 1 0.52941176470588 0.55555555555556 0.58823529411765 0.6 0.58823529411765 0.66666666666667 0.6 0.58333333333333 0.5625 0.64285714285714 
1262306731 0.5 0.11111111111111 1 0.52941176470588 0.55555555555556 0.58823529411765 0.6 0.58823529411765 0.66666666666667 0.6 0.58333333333333 0.5625 0.64285714285714 
1262306737 0.5 0.11111111111111 1 0.52941176470588 0.55555555555556 0.58823529411765 0.6 0.58823529411765 0.66666666666667 0.6 0.58333333333333 0.5625 0.64285714285714 
1262306785 0.5 0.11111111111111 1 0.52941176470588 0.55555555555556 0.58823529411765 0.6 0.58823529411765 0.66666666666667 0.6 0.58333333333333 0.5625 0.64285714285714 
1262306804 0.5 0.11111111111111 1 0.52941176470588 0.55555555555556 0.58823529411765 0.5625 0.58823529411765 0.57142857142857 0.6 0.58333333333333 0.58823529411765 0.6 
1262306831 0.5 0.11111111111111 1 0.52941176470588 0.55555555555556 0.58823529411765 0.5625 0.58823529411765 0.57142857142857 0.6 0.58333333333333 0.58823529411765 0.6 
1262306885 0.5 0.11111111111111 1 0.52941176470588 0.55555555555556 0.58823529411765 0.5625 0.58823529411765 0.57142857142857 0.6 0.58333333333333 0.58823529411765 0.6 
1262306904 0.5 0.11111111111111 1 0.52631578947368 0.55555555555556 0.58823529411765 0.55555555555556 0.58823529411765 0.57142857142857 0.6 0.58333333333333 0.58823529411765 0.6 
1262306931 0.5 0.1 1 0.52631578947368 0.55555555555556 0.58823529411765 0.55555555555556 0.58823529411765 0.57142857142857 0.6 0.58333333333333 0.58823529411765 0.6 
1262306976 0.5 0.1 1 0.52631578947368 0.55555555555556 0.58823529411765 0.55555555555556 0.58823529411765 0.57142857142857 0.6 0.58333333333333 0.58823529411765 0.6 
1262306985 0.5 0.1 1 0.52631578947368 0.55555555555556 0.58823529411765 0.55555555555556 0.58823529411765 0.57142857142857 0.6 0.58333333333333 0.58823529411765 0.6 
1262307004 0.5 0.1 1 0.52631578947368 0.55555555555556 0.58823529411765 0.55555555555556 0.55555555555556 0.57142857142857 0.6 0.57142857142857 0.55555555555556 0.6 
1262307031 0.5 0.30769230769231 1 0.52631578947368 0.55555555555556 0.58823529411765 0.55555555555556 0.55555555555556 0.57142857142857 0.6 0.57142857142857 0.55555555555556 0.6 
1262307076 0.5 0.30769230769231 1 0.52631578947368 0.55555555555556 0.58823529411765 0.55555555555556 0.55555555555556 0.57142857142857 0.6 0.57142857142857 0.55555555555556 0.6 
1262307085 0.5 0.30769230769231 1 0.52631578947368 0.55555555555556 0.58823529411765 0.55555555555556 0.55555555555556 0.57142857142857 0.6 0.57142857142857 0.55555555555556 0.6 
1262307104 0.5 0.30769230769231 1 0.52631578947368 0.55555555555556 0.58823529411765 0.55555555555556 0.55555555555556 0.57142857142857 0.63636363636364 0.57142857142857 0.55555555555556 0.6 
1262307131 0.5 0.30769230769231 1 0.52631578947368 0.55555555555556 0.58823529411765 0.55555555555556 0.55555555555556 0.57142857142857 0.63636363636364 0.57142857142857 0.55555555555556 0.6 
1262307176 0.5 0.30769230769231 1 0.52631578947368 0.55555555555556 0.58823529411765 0.55555555555556 0.55555555555556 0.57142857142857 0.63636363636364 0.57142857142857 0.55555555555556 0.6 
1262307185 0.5 0.30769230769231 1 0.52631578947368 0.55555555555556 0.58823529411765 0.55555555555556 0.55555555555556 0.57142857142857 0.63636363636364 0.57142857142857 0.55555555555556 0.6 
1262307204 0.5 0.30769230769231 1 0.52631578947368 0.55555555555556 0.57894736842105 0.57894736842105 0.55555555555556 0.57142857142857 0.63636363636364 0.6 0.55555555555556 0.6 
1262307231 0.5 0.30769230769231 1 0.52631578947368 0.55555555555556 0.57894736842105 0.57894736842105 0.55555555555556 0.57142857142857 0.63636363636364 0.6 0.55555555555556 0.6 
1262307276 0.5 0.30769230769231 1 0.52631578947368 0.55555555555556 0.57894736842105 0.57894736842105 0.55555555555556 0.57142857142857 0.63636363636364 0.6 0.55555555555556 0.6 
1262307285 0.5 0.30769230769231 1 0.52631578947368 0.55555555555556 0.57894736842105 0.57894736842105 0.55555555555556 0.57142857142857 0.63636363636364 0.6 0.55555555555556 0.6 
1262307304 0.5 0.30769230769231 1 0.52631578947368 0.55555555555556 0.57894736842105 0.6 0.57894736842105 0.6 0.63636363636364 0.625 0.55555555555556 0.5625 
1262307331 0.5 0.35714285714286 1 0.52631578947368 0.55555555555556 0.57894736842105 0.6 0.57894736842105 0.6 0.63636363636364 0.625 0.55555555555556 0.5625 
1262307376 0.5 0.35714285714286 1 0.52631578947368 0.57894736842105 0.57894736842105 0.6 0.57894736842105 0.6 0.63636363636364 0.625 0.55555555555556 0.5625 
1262307385 0.5 0.35714285714286 1 0.52631578947368 0.57894736842105 0.57894736842105 0.6 0.57894736842105 0.6 0.63636363636364 0.625 0.55555555555556 0.5625 
1262307404 0.5 0.35714285714286 1 0.55 0.57894736842105 0.57894736842105 0.6 0.57894736842105 0.6 0.63636363636364 0.58823529411765 0.55555555555556 0.5625 
1262307431 0.5 0.47058823529412 1 0.55 0.57894736842105 0.57894736842105 0.6 0.57894736842105 0.6 0.63636363636364 0.58823529411765 0.55555555555556 0.5625 
1262307476 0.5 0.47058823529412 1 0.55 0.57894736842105 0.57894736842105 0.6 0.57894736842105 0.6 0.63636363636364 0.58823529411765 0.55555555555556 0.5625 
1262307485 0.5 0.47058823529412 1 0.55 0.57894736842105 0.57894736842105 0.6 0.57894736842105 0.6 0.63636363636364 0.58823529411765 0.55555555555556 0.5625 
1262307504 0.5 0.47058823529412 1 0.55 0.57894736842105 0.57894736842105 0.61904761904762 0.57894736842105 0.55555555555556 0.64285714285714 0.58823529411765 0.55555555555556 0.5625 
1262307531 0.5 0.47058823529412 1 0.55 0.57894736842105 0.57894736842105 0.61904761904762 0.57894736842105 0.55555555555556 0.64285714285714 0.58823529411765 0.55555555555556 0.5625 
1262307576 0.5 0.47058823529412 1 0.55 0.57894736842105 0.57894736842105 0.61904761904762 0.57894736842105 0.55555555555556 0.64285714285714 0.58823529411765 0.55555555555556 0.5625 
1262307585 0.5 0.47058823529412 1 0.55 0.57894736842105 0.57894736842105 0.61904761904762 0.57894736842105 0.55555555555556 0.64285714285714 0.58823529411765 0.55555555555556 0.5625 
1262307604 0.5 0.47058823529412 1 0.55 0.57894736842105 0.57894736842105 0.61904761904762 0.57894736842105 0.55555555555556 0.64285714285714 0.58823529411765 0.55555555555556 0.5625 
1262307631 0.5 0.5 1 0.55 0.57894736842105 0.57894736842105 0.61904761904762 0.57894736842105 0.55555555555556 0.64285714285714 0.58823529411765 0.55555555555556 0.5625 
1262307676 0.5 0.5 1 0.55 0.55 0.57894736842105 0.61904761904762 0.57894736842105 0.55555555555556 0.64285714285714 0.58823529411765 0.55555555555556 0.5625 
1262307685 0.5 0.5 1 0.55 0.55 0.57894736842105 0.61904761904762 0.57894736842105 0.55555555555556 0.64285714285714 0.58823529411765 0.55555555555556 0.5625 
1262307704 0.5 0.5 1 0.55 0.55 0.61904761904762 0.61904761904762 0.57894736842105 0.55555555555556 0.64285714285714 0.61111111111111 0.55555555555556 0.5625 
1262307724 0.5 0.5 1 0.55 0.55 0.61904761904762 0.61904761904762 0.57894736842105 0.55555555555556 0.64285714285714 0.61111111111111 0.55555555555556 0.5625 
1262307731 0.5 0.5 1 0.55 0.55 0.61904761904762 0.61904761904762 0.57894736842105 0.55555555555556 0.64285714285714 0.61111111111111 0.55555555555556 0.5625 
1262307776 0.5 0.5 1 0.55 0.55 0.61904761904762 0.61904761904762 0.57894736842105 0.55555555555556 0.64285714285714 0.61111111111111 0.55555555555556 0.5625 
1262307785 0.5 0.5 1 0.55 0.55 0.61904761904762 0.61904761904762 0.57894736842105 0.55555555555556 0.64285714285714 0.61111111111111 0.55555555555556 0.5625 
1262307804 0.5 0.5 1 0.55 0.55 0.61904761904762 0.61904761904762 0.57894736842105 0.55555555555556 0.66666666666667 0.61111111111111 0.57894736842105 0.5625 
1262307824 0.5 0.5 1 0.55 0.55 0.61904761904762 0.61904761904762 0.57894736842105 0.55555555555556 0.66666666666667 0.61111111111111 0.57894736842105 0.5625 
1262307831 0.5 0.52631578947368 1 0.55 0.55 0.61904761904762 0.61904761904762 0.57894736842105 0.55555555555556 0.66666666666667 0.61111111111111 0.57894736842105 0.5625 
1262307876 0.5 0.52631578947368 1 0.55 0.57142857142857 0.61904761904762 0.61904761904762 0.57894736842105 0.55555555555556 0.66666666666667 0.61111111111111 0.57894736842105 0.5625 
1262307885 0.5 0.52631578947368 1 0.55 0.57142857142857 0.61904761904762 0.61904761904762 0.57894736842105 0.55555555555556 0.66666666666667 0.61111111111111 0.57894736842105 0.5625 
1262307904 0.5 0.52631578947368 1 0.57142857142857 0.57142857142857 0.61904761904762 0.61904761904762 0.57894736842105 0.55555555555556 0.66666666666667 0.61111111111111 0.6 0.58823529411765 
1262307924 0.5 0.52631578947368 1 0.57142857142857 0.57142857142857 0.61904761904762 0.61904761904762 0.57894736842105 0.55555555555556 0.66666666666667 0.61111111111111 0.6 0.58823529411765 
1262307931 0.5 0.55 1 0.57142857142857 0.57142857142857 0.61904761904762 0.61904761904762 0.57894736842105 0.55555555555556 0.66666666666667 0.61111111111111 0.6 0.58823529411765 
1262307976 0.5 0.55 1 0.57142857142857 0.57142857142857 0.61904761904762 0.61904761904762 0.57894736842105 0.55555555555556 0.66666666666667 0.61111111111111 0.6 0.58823529411765 
1262307985 0.5 0.55 1 0.57142857142857 0.57142857142857 0.61904761904762 0.61904761904762 0.57894736842105 0.55555555555556 0.66666666666667 0.61111111111111 0.6 0.58823529411765 
1262308004 0.5 0.55 1 0.57142857142857 0.57142857142857 0.61904761904762 0.61904761904762 0.6 0.55555555555556 0.72222222222222 0.63157894736842 0.61904761904762 0.63157894736842 
1262308024 0.5 0.55 1 0.57142857142857 0.57142857142857 0.61904761904762 0.61904761904762 0.6 0.57894736842105 0.72222222222222 0.63157894736842 0.61904761904762 0.63157894736842 
1262308031 0.5 0.57142857142857 1 0.57142857142857 0.57142857142857 0.61904761904762 0.61904761904762 0.6 0.57894736842105 0.72222222222222 0.63157894736842 0.61904761904762 0.63157894736842 
1262308076 0.5 0.57142857142857 1 0.57142857142857 0.57142857142857 0.61904761904762 0.61904761904762 0.6 0.57894736842105 0.72222222222222 0.63157894736842 0.61904761904762 0.63157894736842 
1262308085 0.5 0.57142857142857 1 0.57142857142857 0.57142857142857 0.61904761904762 0.61904761904762 0.6 0.57894736842105 0.72222222222222 0.63157894736842 0.61904761904762 0.63157894736842 
1262308104 0.5 0.57142857142857 1 0.57142857142857 0.57142857142857 0.59090909090909 0.61904761904762 0.61904761904762 0.57894736842105 0.72222222222222 0.65 0.61904761904762 0.6 
1262308124 0.5 0.57142857142857 1 0.57142857142857 0.57142857142857 0.59090909090909 0.61904761904762 0.61904761904762 0.6 0.72222222222222 0.65 0.61904761904762 0.6 
1262308131 0.5 0.57142857142857 1 0.57142857142857 0.57142857142857 0.59090909090909 0.61904761904762 0.61904761904762 0.6 0.72222222222222 0.65 0.61904761904762 0.6 
1262308176 0.5 0.57142857142857 1 0.57142857142857 0.57142857142857 0.59090909090909 0.61904761904762 0.61904761904762 0.6 0.72222222222222 0.65 0.61904761904762 0.6 
1262308185 0.5 0.57142857142857 1 0.57142857142857 0.57142857142857 0.59090909090909 0.61904761904762 0.61904761904762 0.6 0.72222222222222 0.65 0.61904761904762 0.6 
1262308204 0.5 0.57142857142857 1 0.59090909090909 0.57142857142857 0.59090909090909 0.61904761904762 0.59090909090909 0.6 0.68421052631579 0.65 0.61904761904762 0.6 
1262308231 0.5 0.59090909090909 1 0.59090909090909 0.57142857142857 0.59090909090909 0.61904761904762 0.59090909090909 0.6 0.68421052631579 0.65 0.61904761904762 0.6 
1262308276 0.5 0.59090909090909 1 0.59090909090909 0.59090909090909 0.59090909090909 0.61904761904762 0.59090909090909 0.6 0.68421052631579 0.65 0.61904761904762 0.6 
1262308285 0.5 0.59090909090909 1 0.59090909090909 0.59090909090909 0.59090909090909 0.61904761904762 0.59090909090909 0.6 0.68421052631579 0.65 0.61904761904762 0.6 
1262308304 0.5 0.59090909090909 1 0.59090909090909 0.59090909090909 0.59090909090909 0.61904761904762 0.60869565217391 0.6 0.68421052631579 0.65 0.61904761904762 0.61904761904762 
1262308327 0.5 0.59090909090909 1 0.59090909090909 0.59090909090909 0.59090909090909 0.61904761904762 0.60869565217391 0.6 0.68421052631579 0.65 0.61904761904762 0.61904761904762 
1262308331 0.5 0.59090909090909 1 0.59090909090909 0.59090909090909 0.59090909090909 0.61904761904762 0.60869565217391 0.6 0.68421052631579 0.65 0.61904761904762 0.61904761904762 
1262308376 0.5 0.59090909090909 1 0.59090909090909 0.59090909090909 0.59090909090909 0.61904761904762 0.60869565217391 0.6 0.68421052631579 0.65 0.61904761904762 0.61904761904762 
1262308385 0.5 0.59090909090909 1 0.59090909090909 0.59090909090909 0.59090909090909 0.61904761904762 0.60869565217391 0.6 0.68421052631579 0.65 0.61904761904762 0.61904761904762 
1262308404 0.5 0.59090909090909 1 0.59090909090909 0.59090909090909 0.59090909090909 0.59090909090909 0.60869565217391 0.6 0.68421052631579 0.65 0.61904761904762 0.61904761904762 
1262308427 0.5 0.59090909090909 1 0.59090909090909 0.59090909090909 0.59090909090909 0.59090909090909 0.60869565217391 0.61904761904762 0.68421052631579 0.65 0.61904761904762 0.61904761904762 
1262308431 0.5 0.59090909090909 1 0.59090909090909 0.59090909090909 0.59090909090909 0.59090909090909 0.60869565217391 0.61904761904762 0.68421052631579 0.65 0.61904761904762 0.61904761904762 
1262308476 0.5 0.59090909090909 1 0.59090909090909 0.59090909090909 0.59090909090909 0.59090909090909 0.60869565217391 0.61904761904762 0.68421052631579 0.65 0.61904761904762 0.61904761904762 
1262308485 0.5 0.59090909090909 1 0.59090909090909 0.59090909090909 0.59090909090909 0.59090909090909 0.60869565217391 0.61904761904762 0.68421052631579 0.65 0.61904761904762 0.61904761904762 
