arrived:	node2#19	1
arrived:	node3#7	1
arrived:	node3#9	1
arrived:	node2#1	1
arrived:	node3#25	1
arrived:	node2#5	1
arrived:	node2#20	1
arrived:	node2#2	1
arrived:	node3#4	1
arrived:	node2#6	1
arrived:	node2#9	1
arrived:	node2#7	1
arrived:	node3#5	1
arrived:	node3#3	1
arrived:	node3#52	1
arrived:	node3#46	1
arrived:	node3#2	1
arrived:	node3#1	1
arrived:	node2#4	1
arrived:	node2#3	1
arrived:	node2#30	1
arrived:	node2#8	1
NOTIFS:
node3	:	60	sent
node2	:	60	sent
SUBS:
on	node2
	node2	:	12	received
on	node3
	node3	:	10	received
1262304604 0.5 - - - - - - - - - - - - 
1262304704 0.5 - - - - - - - - - - - - 
1262304804 0.5 - - - - 0.5 - - - - - - - 
1262304904 0.5 - - - 0.5 0.5 - - - - - - - 
1262305004 0.5 - - 0.54545454545455 0.5 0.5 - - - - - - - 
1262305104 0.5 0 - 0.54545454545455 0.5 0.5 0.54545454545455 0.54545454545455 0.5 - - - 0.5 
1262305204 0.5 0 - 0.58333333333333 0.41666666666667 0.46153846153846 0.58333333333333 0.61538461538462 0.5 0.5 0.5 - 0.5 
1262305304 0.5 0 - 0.58333333333333 0.41666666666667 0.46153846153846 0.61538461538462 0.61538461538462 0.5 0.5 0.5 - 0.5 
1262305404 0.5 0 - 0.58333333333333 0.46153846153846 0.46153846153846 0.61538461538462 0.61538461538462 0.5 0.5 0.5 - 0.5 
1262305504 0.5 0 - 0.61538461538462 0.46153846153846 0.46153846153846 0.61538461538462 0.61538461538462 0.5 0.5 0.5 - 0.5 
1262305604 0.5 0 - 0.61538461538462 0.46153846153846 0.46153846153846 0.61538461538462 0.61538461538462 0.5 0.5 0.5 - 0.5 
1262305632 0.5 0 - 0.61538461538462 0.46153846153846 0.46153846153846 0.61538461538462 0.61538461538462 0.5 0.5 0.5 - 0.5 
1262305704 0.5 0 - 0.61538461538462 0.46153846153846 0.46153846153846 0.64285714285714 0.61538461538462 0.5 0.5 0.5 - 0.5 
1262305732 0.5 0 - 0.61538461538462 0.46153846153846 0.46153846153846 0.64285714285714 0.61538461538462 0.5 0.5 0.5 - 0.5 
1262305804 0.5 0 - 0.64285714285714 0.46153846153846 0.46153846153846 0.64285714285714 0.61538461538462 0.5 0.5 0.5 - 0.45454545454545 
1262305832 0.5 0 - 0.64285714285714 0.46153846153846 0.46153846153846 0.64285714285714 0.61538461538462 0.5 0.5 0.5 - 0.45454545454545 
1262305852 0.5 0 - 0.64285714285714 0.46153846153846 0.46153846153846 0.64285714285714 0.61538461538462 0.5 0.5 0.5 - 0.45454545454545 
1262305904 0.5 0 - 0.64285714285714 0.5 0.46153846153846 0.66666666666667 0.61538461538462 0.5 0.5 0.6 0.4 0.41666666666667 
1262305932 0.5 0 - 0.64285714285714 0.5 0.46153846153846 0.66666666666667 0.64285714285714 0.5 0.5 0.6 0.4 0.41666666666667 
1262305952 0.5 0 - 0.64285714285714 0.5 0.5 0.66666666666667 0.64285714285714 0.5 0.5 0.6 0.4 0.41666666666667 
1262306004 0.5 0 - 0.64285714285714 0.5 0.5 0.66666666666667 0.64285714285714 0.5 0.5 0.6 0.63636363636364 0.53333333333333 
1262306032 0.5 0 - 0.64285714285714 0.5 0.5 0.66666666666667 0.66666666666667 0.5 0.5 0.6 0.63636363636364 0.53333333333333 
1262306052 0.5 0 - 0.64285714285714 0.5 0.53333333333333 0.66666666666667 0.66666666666667 0.5 0.5 0.6 0.63636363636364 0.53333333333333 
1262306104 0.5 0 - 0.66666666666667 0.53333333333333 0.53333333333333 0.66666666666667 0.66666666666667 0.5 0.5 0.6 0.63636363636364 0.53333333333333 
1262306132 0.5 0 - 0.66666666666667 0.53333333333333 0.53333333333333 0.66666666666667 0.66666666666667 0.5 0.5 0.6 0.63636363636364 0.53333333333333 
1262306152 0.5 0 - 0.66666666666667 0.53333333333333 0.53333333333333 0.66666666666667 0.66666666666667 0.5 0.5 0.6 0.63636363636364 0.53333333333333 
1262306204 0.5 0 - 0.66666666666667 0.53333333333333 0.53333333333333 0.66666666666667 0.66666666666667 0.5 0.54545454545455 0.66666666666667 0.63636363636364 0.53333333333333 
1262306232 0.5 0 - 0.66666666666667 0.53333333333333 0.53333333333333 0.66666666666667 0.625 0.5 0.54545454545455 0.66666666666667 0.63636363636364 0.53333333333333 
1262306252 0.5 0 - 0.66666666666667 0.53333333333333 0.53333333333333 0.66666666666667 0.625 0.5 0.54545454545455 0.66666666666667 0.63636363636364 0.53333333333333 
1262306304 0.5 0 - 0.66666666666667 0.53333333333333 0.53333333333333 0.625 0.625 0.5 0.46153846153846 0.66666666666667 0.63636363636364 0.53333333333333 
1262306332 0.5 0 - 0.66666666666667 0.53333333333333 0.53333333333333 0.625 0.625 0.5 0.46153846153846 0.66666666666667 0.63636363636364 0.53333333333333 
1262306352 0.5 0 - 0.66666666666667 0.53333333333333 0.53333333333333 0.625 0.625 0.5 0.46153846153846 0.66666666666667 0.63636363636364 0.53333333333333 
1262306404 0.5 0 - 0.66666666666667 0.53333333333333 0.53333333333333 0.625 0.625 0.5 0.5 0.66666666666667 0.58333333333333 0.53333333333333 
1262306432 0.5 0 - 0.66666666666667 0.53333333333333 0.53333333333333 0.625 0.625 0.5 0.5 0.66666666666667 0.58333333333333 0.53333333333333 
1262306444 0.5 0 - 0.66666666666667 0.53333333333333 0.53333333333333 0.625 0.625 0.5 0.5 0.66666666666667 0.58333333333333 0.53333333333333 
1262306452 0.5 0 - 0.66666666666667 0.53333333333333 0.53333333333333 0.625 0.625 0.5 0.5 0.66666666666667 0.58333333333333 0.53333333333333 
1262306504 0.5 0 1 0.66666666666667 0.53333333333333 0.53333333333333 0.625 0.625 0.53333333333333 0.5 0.66666666666667 0.58333333333333 0.53333333333333 
1262306532 0.5 0 1 0.66666666666667 0.53333333333333 0.53333333333333 0.625 0.625 0.53333333333333 0.5 0.66666666666667 0.58333333333333 0.53333333333333 
1262306544 0.5 0 1 0.66666666666667 0.53333333333333 0.53333333333333 0.625 0.625 0.53333333333333 0.5 0.66666666666667 0.58333333333333 0.53333333333333 
1262306552 0.5 0 1 0.66666666666667 0.53333333333333 0.53333333333333 0.625 0.625 0.53333333333333 0.5 0.66666666666667 0.58333333333333 0.53333333333333 
1262306583 0.5 0 1 0.66666666666667 0.53333333333333 0.53333333333333 0.625 0.625 0.53333333333333 0.5 0.66666666666667 0.58333333333333 0.53333333333333 
1262306604 0.5 0 1 0.66666666666667 0.53333333333333 0.53333333333333 0.64705882352941 0.625 0.53333333333333 0.53333333333333 0.66666666666667 0.58333333333333 0.53333333333333 
1262306632 0.5 0 1 0.66666666666667 0.53333333333333 0.53333333333333 0.64705882352941 0.625 0.53333333333333 0.53333333333333 0.66666666666667 0.58333333333333 0.53333333333333 
1262306644 0.5 0 1 0.66666666666667 0.53333333333333 0.53333333333333 0.64705882352941 0.625 0.53333333333333 0.53333333333333 0.66666666666667 0.58333333333333 0.53333333333333 
1262306652 0.5 0 1 0.66666666666667 0.53333333333333 0.53333333333333 0.64705882352941 0.625 0.53333333333333 0.53333333333333 0.66666666666667 0.58333333333333 0.53333333333333 
1262306683 0.5 0 1 0.625 0.53333333333333 0.53333333333333 0.64705882352941 0.625 0.53333333333333 0.53333333333333 0.66666666666667 0.58333333333333 0.53333333333333 
1262306704 0.5 0 1 0.625 0.53333333333333 0.53333333333333 0.64705882352941 0.625 0.53333333333333 0.53333333333333 0.66666666666667 0.58333333333333 0.53333333333333 
1262306732 0.5 0 1 0.625 0.53333333333333 0.53333333333333 0.64705882352941 0.625 0.53333333333333 0.53333333333333 0.66666666666667 0.58333333333333 0.53333333333333 
1262306744 0.5 0 1 0.625 0.53333333333333 0.53333333333333 0.64705882352941 0.625 0.53333333333333 0.53333333333333 0.66666666666667 0.58333333333333 0.53333333333333 
1262306752 0.5 0 1 0.625 0.53333333333333 0.5 0.64705882352941 0.625 0.53333333333333 0.53333333333333 0.66666666666667 0.58333333333333 0.53333333333333 
1262306783 0.5 0 1 0.64705882352941 0.53333333333333 0.5 0.64705882352941 0.625 0.53333333333333 0.53333333333333 0.66666666666667 0.58333333333333 0.53333333333333 
1262306804 0.5 0 1 0.64705882352941 0.53333333333333 0.5 0.64705882352941 0.625 0.53333333333333 0.53333333333333 0.66666666666667 0.58333333333333 0.53333333333333 
1262306832 0.5 0 1 0.64705882352941 0.53333333333333 0.5 0.64705882352941 0.625 0.53333333333333 0.53333333333333 0.66666666666667 0.58333333333333 0.53333333333333 
1262306844 0.5 0 1 0.64705882352941 0.53333333333333 0.5 0.64705882352941 0.625 0.53333333333333 0.53333333333333 0.66666666666667 0.58333333333333 0.53333333333333 
1262306852 0.5 0 1 0.64705882352941 0.53333333333333 0.5 0.64705882352941 0.625 0.53333333333333 0.53333333333333 0.66666666666667 0.58333333333333 0.53333333333333 
1262306883 0.5 0 1 0.64705882352941 0.53333333333333 0.5 0.64705882352941 0.625 0.53333333333333 0.53333333333333 0.66666666666667 0.58333333333333 0.53333333333333 
1262306904 0.5 0 1 0.64705882352941 0.53333333333333 0.5 0.64705882352941 0.625 0.53333333333333 0.53333333333333 0.66666666666667 0.58333333333333 0.53333333333333 
1262306932 0.5 0 1 0.64705882352941 0.53333333333333 0.5 0.64705882352941 0.625 0.53333333333333 0.53333333333333 0.66666666666667 0.58333333333333 0.53333333333333 
1262306944 0.5 0 1 0.64705882352941 0.53333333333333 0.5 0.64705882352941 0.625 0.53333333333333 0.53333333333333 0.66666666666667 0.58333333333333 0.53333333333333 
1262306952 0.5 0 1 0.64705882352941 0.53333333333333 0.5 0.64705882352941 0.625 0.53333333333333 0.53333333333333 0.66666666666667 0.58333333333333 0.53333333333333 
1262306983 0.5 0 1 0.64705882352941 0.53333333333333 0.5 0.64705882352941 0.625 0.53333333333333 0.53333333333333 0.66666666666667 0.58333333333333 0.53333333333333 
1262307004 0.5 0 1 0.64705882352941 0.53333333333333 0.5 0.64705882352941 0.625 0.53333333333333 0.53333333333333 0.61538461538462 0.58333333333333 0.53333333333333 
1262307032 0.5 0 1 0.64705882352941 0.53333333333333 0.5 0.64705882352941 0.625 0.53333333333333 0.53333333333333 0.61538461538462 0.58333333333333 0.53333333333333 
1262307044 0.5 0 1 0.64705882352941 0.53333333333333 0.5 0.64705882352941 0.625 0.53333333333333 0.53333333333333 0.61538461538462 0.58333333333333 0.53333333333333 
1262307052 0.5 0 1 0.64705882352941 0.53333333333333 0.52941176470588 0.64705882352941 0.625 0.53333333333333 0.53333333333333 0.61538461538462 0.58333333333333 0.53333333333333 
1262307083 0.5 0 1 0.64705882352941 0.53333333333333 0.52941176470588 0.64705882352941 0.625 0.53333333333333 0.53333333333333 0.61538461538462 0.58333333333333 0.53333333333333 
1262307104 0.5 0 1 0.64705882352941 0.5 0.52941176470588 0.64705882352941 0.625 0.5 0.53333333333333 0.61538461538462 0.53846153846154 0.53333333333333 
1262307132 0.5 0 1 0.64705882352941 0.5 0.52941176470588 0.64705882352941 0.64705882352941 0.5 0.53333333333333 0.61538461538462 0.53846153846154 0.53333333333333 
1262307144 0.5 0 1 0.64705882352941 0.5 0.52941176470588 0.64705882352941 0.64705882352941 0.5 0.53333333333333 0.61538461538462 0.53846153846154 0.53333333333333 
1262307152 0.5 0 1 0.64705882352941 0.5 0.52941176470588 0.64705882352941 0.64705882352941 0.5 0.53333333333333 0.61538461538462 0.53846153846154 0.53333333333333 
1262307183 0.5 0 1 0.64705882352941 0.5 0.52941176470588 0.64705882352941 0.64705882352941 0.5 0.53333333333333 0.61538461538462 0.53846153846154 0.53333333333333 
1262307204 0.5 0 1 0.64705882352941 0.52941176470588 0.52941176470588 0.66666666666667 0.64705882352941 0.52941176470588 0.53333333333333 0.61538461538462 0.6 0.52941176470588 
1262307232 0.5 0 1 0.64705882352941 0.52941176470588 0.52941176470588 0.66666666666667 0.66666666666667 0.52941176470588 0.53333333333333 0.61538461538462 0.6 0.52941176470588 
1262307244 0.5 0 1 0.64705882352941 0.52941176470588 0.52941176470588 0.66666666666667 0.66666666666667 0.52941176470588 0.53333333333333 0.61538461538462 0.6 0.52941176470588 
1262307252 0.5 0 1 0.64705882352941 0.52941176470588 0.52941176470588 0.66666666666667 0.66666666666667 0.52941176470588 0.53333333333333 0.61538461538462 0.6 0.52941176470588 
1262307283 0.5 0 1 0.64705882352941 0.52941176470588 0.52941176470588 0.66666666666667 0.66666666666667 0.52941176470588 0.53333333333333 0.61538461538462 0.6 0.52941176470588 
1262307304 0.5 0 1 0.64705882352941 0.55555555555556 0.52941176470588 0.66666666666667 0.66666666666667 0.55555555555556 0.53333333333333 0.61538461538462 0.6 0.52941176470588 
1262307332 0.5 0 1 0.64705882352941 0.55555555555556 0.52941176470588 0.66666666666667 0.66666666666667 0.55555555555556 0.53333333333333 0.61538461538462 0.6 0.52941176470588 
1262307344 0.5 0 1 0.64705882352941 0.55555555555556 0.52941176470588 0.66666666666667 0.66666666666667 0.55555555555556 0.53333333333333 0.61538461538462 0.6 0.52941176470588 
1262307352 0.5 0 1 0.64705882352941 0.55555555555556 0.52941176470588 0.66666666666667 0.66666666666667 0.55555555555556 0.53333333333333 0.61538461538462 0.6 0.52941176470588 
1262307383 0.5 0 1 0.66666666666667 0.55555555555556 0.52941176470588 0.66666666666667 0.66666666666667 0.55555555555556 0.53333333333333 0.61538461538462 0.6 0.52941176470588 
1262307404 0.5 0 1 0.66666666666667 0.55555555555556 0.52941176470588 0.66666666666667 0.66666666666667 0.55555555555556 0.53333333333333 0.61538461538462 0.6 0.55555555555556 
1262307432 0.5 0 1 0.66666666666667 0.55555555555556 0.52941176470588 0.66666666666667 0.66666666666667 0.55555555555556 0.53333333333333 0.61538461538462 0.6 0.55555555555556 
1262307444 0.5 0 1 0.66666666666667 0.55555555555556 0.52941176470588 0.66666666666667 0.66666666666667 0.55555555555556 0.53333333333333 0.61538461538462 0.6 0.55555555555556 
1262307452 0.5 0 1 0.66666666666667 0.55555555555556 0.55555555555556 0.66666666666667 0.66666666666667 0.55555555555556 0.53333333333333 0.61538461538462 0.6 0.55555555555556 
1262307483 0.5 0 1 0.66666666666667 0.55555555555556 0.55555555555556 0.66666666666667 0.66666666666667 0.55555555555556 0.53333333333333 0.61538461538462 0.6 0.55555555555556 
1262307504 0.5 0 1 0.66666666666667 0.55555555555556 0.55555555555556 0.63157894736842 0.66666666666667 0.57894736842105 0.5 0.625 0.625 0.55555555555556 
1262307532 0.5 0 1 0.66666666666667 0.55555555555556 0.55555555555556 0.63157894736842 0.66666666666667 0.57894736842105 0.5 0.625 0.625 0.55555555555556 
1262307544 0.5 0 1 0.66666666666667 0.55555555555556 0.55555555555556 0.63157894736842 0.66666666666667 0.57894736842105 0.5 0.625 0.625 0.55555555555556 
1262307552 0.5 0 1 0.66666666666667 0.55555555555556 0.55555555555556 0.63157894736842 0.66666666666667 0.57894736842105 0.5 0.625 0.625 0.55555555555556 
1262307583 0.5 0 1 0.66666666666667 0.55555555555556 0.55555555555556 0.63157894736842 0.66666666666667 0.57894736842105 0.5 0.625 0.625 0.55555555555556 
1262307604 0.5 0 1 0.66666666666667 0.55555555555556 0.55555555555556 0.63157894736842 0.66666666666667 0.57894736842105 0.5 0.625 0.625 0.55555555555556 
1262307632 0.5 0 1 0.66666666666667 0.55555555555556 0.55555555555556 0.63157894736842 0.63157894736842 0.57894736842105 0.5 0.625 0.625 0.55555555555556 
1262307644 0.5 0 1 0.66666666666667 0.55555555555556 0.55555555555556 0.63157894736842 0.63157894736842 0.57894736842105 0.5 0.625 0.625 0.55555555555556 
1262307652 0.5 0 1 0.66666666666667 0.55555555555556 0.55555555555556 0.63157894736842 0.63157894736842 0.57894736842105 0.5 0.625 0.625 0.55555555555556 
1262307683 0.5 0 1 0.6 0.55555555555556 0.55555555555556 0.63157894736842 0.63157894736842 0.57894736842105 0.5 0.625 0.625 0.55555555555556 
1262307704 0.5 0 1 0.6 0.55555555555556 0.55555555555556 0.63157894736842 0.63157894736842 0.57894736842105 0.57894736842105 0.625 0.625 0.57894736842105 
1262307732 0.5 0 1 0.6 0.55555555555556 0.55555555555556 0.63157894736842 0.6 0.57894736842105 0.57894736842105 0.625 0.625 0.57894736842105 
1262307744 0.5 0 1 0.6 0.55555555555556 0.55555555555556 0.63157894736842 0.6 0.57894736842105 0.57894736842105 0.625 0.625 0.57894736842105 
1262307752 0.5 0 1 0.6 0.55555555555556 0.52631578947368 0.63157894736842 0.6 0.57894736842105 0.57894736842105 0.625 0.625 0.57894736842105 
1262307783 0.5 0 1 0.6 0.55555555555556 0.52631578947368 0.63157894736842 0.6 0.57894736842105 0.57894736842105 0.625 0.625 0.57894736842105 
1262307804 0.5 0 1 0.6 0.55555555555556 0.52631578947368 0.6 0.6 0.57894736842105 0.57894736842105 0.64705882352941 0.625 0.57894736842105 
1262307832 0.5 0 1 0.6 0.55555555555556 0.52631578947368 0.6 0.6 0.57894736842105 0.57894736842105 0.64705882352941 0.625 0.57894736842105 
1262307844 0.5 0 1 0.6 0.55555555555556 0.52631578947368 0.6 0.6 0.57894736842105 0.57894736842105 0.64705882352941 0.625 0.57894736842105 
1262307852 0.5 0 1 0.6 0.55555555555556 0.5 0.6 0.6 0.57894736842105 0.57894736842105 0.64705882352941 0.625 0.57894736842105 
1262307869 0.5 0 1 0.6 0.55555555555556 0.5 0.6 0.6 0.57894736842105 0.57894736842105 0.64705882352941 0.625 0.57894736842105 
1262307883 0.5 0 1 0.6 0.55555555555556 0.5 0.6 0.6 0.57894736842105 0.57894736842105 0.64705882352941 0.625 0.57894736842105 
1262307904 0.5 0 1 0.6 0.5 0.5 0.6 0.6 0.57894736842105 0.57894736842105 0.64705882352941 0.625 0.57894736842105 
1262307932 0.5 0 1 0.6 0.5 0.5 0.6 0.6 0.57894736842105 0.57894736842105 0.64705882352941 0.625 0.57894736842105 
1262307944 0.5 0 1 0.6 0.5 0.5 0.6 0.6 0.57894736842105 0.57894736842105 0.64705882352941 0.625 0.57894736842105 
1262307952 0.5 0 1 0.6 0.5 0.5 0.6 0.6 0.57894736842105 0.57894736842105 0.64705882352941 0.625 0.57894736842105 
1262307969 0.5 0 1 0.6 0.5 0.5 0.6 0.6 0.57894736842105 0.57894736842105 0.64705882352941 0.625 0.57894736842105 
1262307983 0.5 0 1 0.6 0.5 0.5 0.6 0.6 0.57894736842105 0.57894736842105 0.64705882352941 0.625 0.57894736842105 
1262308004 0.5 0 1 0.6 0.5 0.5 0.6 0.6 0.57894736842105 0.57894736842105 0.64705882352941 0.625 0.57894736842105 
1262308032 0.5 0 1 0.6 0.5 0.5 0.6 0.6 0.57894736842105 0.57894736842105 0.64705882352941 0.625 0.57894736842105 
1262308044 0.5 0 1 0.6 0.5 0.5 0.6 0.6 0.57894736842105 0.57894736842105 0.64705882352941 0.625 0.57894736842105 
1262308052 0.5 0 1 0.6 0.5 0.5 0.6 0.6 0.57894736842105 0.57894736842105 0.64705882352941 0.625 0.57894736842105 
1262308069 0.5 0 1 0.6 0.5 0.5 0.6 0.6 0.57894736842105 0.57894736842105 0.64705882352941 0.625 0.57894736842105 
1262308083 0.5 0 1 0.6 0.5 0.5 0.6 0.6 0.57894736842105 0.57894736842105 0.64705882352941 0.625 0.57894736842105 
1262308104 0.5 0 1 0.6 0.5 0.5 0.6 0.6 0.57894736842105 0.57894736842105 0.64705882352941 0.58823529411765 0.57894736842105 
1262308132 0.5 0 1 0.6 0.5 0.5 0.6 0.6 0.57894736842105 0.57894736842105 0.64705882352941 0.58823529411765 0.57894736842105 
1262308144 0.5 0.16666666666667 1 0.6 0.5 0.5 0.6 0.6 0.57894736842105 0.57894736842105 0.64705882352941 0.58823529411765 0.57894736842105 
1262308152 0.5 0.16666666666667 1 0.6 0.5 0.52380952380952 0.6 0.6 0.57894736842105 0.57894736842105 0.64705882352941 0.58823529411765 0.57894736842105 
1262308169 0.5 0.16666666666667 1 0.6 0.5 0.52380952380952 0.6 0.6 0.57894736842105 0.57894736842105 0.64705882352941 0.58823529411765 0.57894736842105 
1262308183 0.5 0.16666666666667 1 0.6 0.5 0.52380952380952 0.6 0.6 0.57894736842105 0.57894736842105 0.64705882352941 0.58823529411765 0.57894736842105 
1262308204 0.5 0.16666666666667 1 0.6 0.5 0.52380952380952 0.61904761904762 0.6 0.57894736842105 0.57894736842105 0.64705882352941 0.55555555555556 0.57894736842105 
1262308232 0.5 0.16666666666667 1 0.6 0.5 0.52380952380952 0.61904761904762 0.6 0.57894736842105 0.57894736842105 0.64705882352941 0.55555555555556 0.57894736842105 
1262308244 0.5 0.16666666666667 1 0.6 0.5 0.52380952380952 0.61904761904762 0.6 0.57894736842105 0.57894736842105 0.64705882352941 0.55555555555556 0.57894736842105 
1262308252 0.5 0.16666666666667 1 0.6 0.5 0.52380952380952 0.61904761904762 0.6 0.57894736842105 0.57894736842105 0.64705882352941 0.55555555555556 0.57894736842105 
1262308269 0.5 0.16666666666667 1 0.6 0.5 0.52380952380952 0.61904761904762 0.6 0.57894736842105 0.57894736842105 0.64705882352941 0.55555555555556 0.57894736842105 
1262308283 0.5 0.16666666666667 1 0.6 0.5 0.52380952380952 0.61904761904762 0.6 0.57894736842105 0.57894736842105 0.64705882352941 0.55555555555556 0.57894736842105 
1262308304 0.5 0.16666666666667 1 0.6 0.52380952380952 0.52380952380952 0.61904761904762 0.6 0.57894736842105 0.57894736842105 0.64705882352941 0.55555555555556 0.57894736842105 
1262308332 0.5 0.16666666666667 1 0.6 0.52380952380952 0.52380952380952 0.61904761904762 0.6 0.57894736842105 0.57894736842105 0.64705882352941 0.55555555555556 0.57894736842105 
1262308344 0.5 0.23076923076923 1 0.6 0.52380952380952 0.52380952380952 0.61904761904762 0.6 0.57894736842105 0.57894736842105 0.64705882352941 0.55555555555556 0.57894736842105 
1262308352 0.5 0.23076923076923 1 0.6 0.52380952380952 0.52380952380952 0.61904761904762 0.6 0.57894736842105 0.57894736842105 0.64705882352941 0.55555555555556 0.57894736842105 
1262308369 0.5 0.23076923076923 1 0.6 0.52380952380952 0.52380952380952 0.61904761904762 0.6 0.57894736842105 0.57894736842105 0.64705882352941 0.55555555555556 0.57894736842105 
1262308383 0.5 0.23076923076923 1 0.61904761904762 0.52380952380952 0.52380952380952 0.61904761904762 0.6 0.57894736842105 0.57894736842105 0.64705882352941 0.55555555555556 0.57894736842105 
1262308404 0.5 0.23076923076923 1 0.61904761904762 0.52380952380952 0.52380952380952 0.61904761904762 0.6 0.57894736842105 0.55 0.64705882352941 0.55555555555556 0.57894736842105 
1262308432 0.5 0.23076923076923 1 0.61904761904762 0.52380952380952 0.52380952380952 0.61904761904762 0.6 0.57894736842105 0.55 0.64705882352941 0.55555555555556 0.57894736842105 
1262308444 0.5 0.23076923076923 1 0.61904761904762 0.52380952380952 0.52380952380952 0.61904761904762 0.6 0.57894736842105 0.55 0.64705882352941 0.55555555555556 0.57894736842105 
1262308452 0.5 0.23076923076923 1 0.61904761904762 0.52380952380952 0.52380952380952 0.61904761904762 0.6 0.57894736842105 0.55 0.64705882352941 0.55555555555556 0.57894736842105 
1262308469 0.5 0.23076923076923 1 0.61904761904762 0.52380952380952 0.52380952380952 0.61904761904762 0.6 0.57894736842105 0.55 0.64705882352941 0.55555555555556 0.57894736842105 
1262308483 0.5 0.23076923076923 1 0.61904761904762 0.52380952380952 0.52380952380952 0.61904761904762 0.6 0.57894736842105 0.55 0.64705882352941 0.55555555555556 0.57894736842105 
