arrived:	node2#19	1
arrived:	node3#7	1
arrived:	node3#9	1
arrived:	node2#1	1
arrived:	node3#25	1
arrived:	node3#17	1
arrived:	node2#20	1
arrived:	node2#2	1
arrived:	node3#4	1
arrived:	node2#6	1
arrived:	node3#5	1
arrived:	node3#3	1
arrived:	node3#2	1
arrived:	node3#1	1
arrived:	node2#4	1
arrived:	node2#3	1
arrived:	node2#5	1
NOTIFS:
node3	:	60	sent
node2	:	60	sent
SUBS:
on	node2
	node2	:	8	received
on	node3
	node3	:	9	received
1262304604 0.5 - - - 0.5 - 0.5 - - - - - - 
1262304704 0.5 - - - 0.5 0.5 0.5 0.5 - - - - - 
1262304804 0.5 - - - 0.5 0.5 0.5 0.5 - - - - - 
1262304904 0.5 - - 0.5 0.5 0.5 0.5 0.5 - - - - - 
1262305004 0.5 - - 0.54545454545455 0.5 0.5 0.5 0.5 - - - - - 
1262305104 0.5 0 - 0.54545454545455 0.54545454545455 0.5 0.5 0.5 - - - - - 
1262305204 0.5 0 - 0.54545454545455 0.5 0.5 0.5 0.5 - - - 0.75 - 
1262305273 0.5 0 - 0.54545454545455 0.5 0.5 0.54545454545455 0.5 - - - 0.75 - 
1262305304 0.5 0 - 0.54545454545455 0.5 0.54545454545455 0.54545454545455 0.5 - 1 - 0.5 - 
1262305373 0.5 0 - 0.54545454545455 0.5 0.54545454545455 0.5 0.5 - 1 - 0.5 - 
1262305404 0.5 0 - 0.54545454545455 0.5 0.46153846153846 0.5 0.5 - 1 - 0.5 - 
1262305473 0.5 0 - 0.54545454545455 0.5 0.46153846153846 0.5 0.5 - 1 - 0.5 - 
1262305482 0.5 0 - 0.54545454545455 0.5 0.46153846153846 0.5 0.5 - 1 - 0.5 - 
1262305504 0.5 0 - 0.54545454545455 0.5 0.46153846153846 0.5 0.5 - 1 - 0.5 - 
1262305573 0.5 0 - 0.54545454545455 0.5 0.46153846153846 0.5 0.5 - 1 - 0.5 - 
1262305582 0.5 0 - 0.54545454545455 0.5 0.46153846153846 0.5 0.41666666666667 - 1 - 0.5 - 
1262305604 0.5 0 - 0.54545454545455 0.5 0.46153846153846 0.5 0.41666666666667 - 1 - 0.5 - 
1262305673 0.5 0 - 0.54545454545455 0.5 0.46153846153846 0.46153846153846 0.41666666666667 - 1 - 0.5 - 
1262305682 0.5 0 - 0.54545454545455 0.5 0.46153846153846 0.46153846153846 0.41666666666667 - 1 - 0.5 - 
1262305704 0.5 0 - 0.54545454545455 0.5 0.42857142857143 0.46153846153846 0.41666666666667 - 1 - 0.5 - 
1262305773 0.5 0 - 0.54545454545455 0.5 0.42857142857143 0.46153846153846 0.41666666666667 - 1 - 0.5 - 
1262305782 0.5 0 - 0.54545454545455 0.5 0.42857142857143 0.46153846153846 0.38461538461538 - 1 - 0.5 - 
1262305804 0.5 0 - 0.54545454545455 0.46153846153846 0.46666666666667 0.46153846153846 0.38461538461538 - 1 - 0.5 - 
1262305873 0.5 0 - 0.54545454545455 0.46153846153846 0.46666666666667 0.46153846153846 0.38461538461538 - 1 - 0.5 - 
1262305882 0.5 0 - 0.54545454545455 0.46153846153846 0.46666666666667 0.46153846153846 0.38461538461538 - 1 - 0.5 - 
1262305904 0.5 0 - 0.54545454545455 0.42857142857143 0.46666666666667 0.46153846153846 0.38461538461538 - 1 - 0.5 - 
1262305982 0.5 0 - 0.54545454545455 0.42857142857143 0.46666666666667 0.46153846153846 0.42857142857143 - 1 - 0.5 - 
1262306004 0.5 0 - 0.54545454545455 0.42857142857143 0.46666666666667 0.46153846153846 0.42857142857143 - 1 - 0.5 - 
1262306082 0.5 0 - 0.54545454545455 0.42857142857143 0.46666666666667 0.46153846153846 0.42857142857143 - 1 - 0.5 - 
1262306091 0.5 0 - 0.54545454545455 0.42857142857143 0.46666666666667 0.46153846153846 0.42857142857143 - 1 - 0.5 - 
1262306104 0.5 0 - 0.5 0.42857142857143 0.46666666666667 0.46153846153846 0.42857142857143 - 1 - 0.5 - 
1262306182 0.5 0 - 0.5 0.42857142857143 0.46666666666667 0.46153846153846 0.42857142857143 - 1 - 0.5 - 
1262306191 0.5 0 - 0.5 0.42857142857143 0.46666666666667 0.5 0.42857142857143 - 1 - 0.5 - 
1262306204 0.5 0 - 0.5 0.42857142857143 0.46666666666667 0.5 0.42857142857143 0.33333333333333 1 - 0.5 - 
1262306282 0.5 0 - 0.5 0.42857142857143 0.46666666666667 0.5 0.46666666666667 0.33333333333333 1 - 0.5 - 
1262306291 0.5 0 - 0.5 0.42857142857143 0.46666666666667 0.5 0.46666666666667 0.33333333333333 1 - 0.5 - 
1262306304 0.5 0 - 0.53846153846154 0.42857142857143 0.46666666666667 0.5 0.46666666666667 0.33333333333333 1 - 0.45454545454545 - 
1262306382 0.5 0 - 0.53846153846154 0.42857142857143 0.46666666666667 0.5 0.46666666666667 0.33333333333333 1 - 0.45454545454545 - 
1262306391 0.5 0 - 0.53846153846154 0.42857142857143 0.46666666666667 0.46666666666667 0.46666666666667 0.33333333333333 1 - 0.45454545454545 - 
1262306404 0.5 0 - 0.53846153846154 0.46666666666667 0.46666666666667 0.46666666666667 0.46666666666667 0.33333333333333 1 - 0.45454545454545 0.25 
1262306482 0.5 0 - 0.53846153846154 0.46666666666667 0.46666666666667 0.46666666666667 0.46666666666667 0.33333333333333 1 - 0.45454545454545 0.25 
1262306491 0.5 0 - 0.53846153846154 0.46666666666667 0.46666666666667 0.46666666666667 0.46666666666667 0.33333333333333 1 - 0.45454545454545 0.25 
1262306504 0.5 0 1 0.53846153846154 0.46666666666667 0.46666666666667 0.46666666666667 0.46666666666667 0.33333333333333 0.66666666666667 0.25 0.45454545454545 0.25 
1262306582 0.5 0 1 0.53846153846154 0.46666666666667 0.46666666666667 0.46666666666667 0.46666666666667 0.33333333333333 0.66666666666667 0.25 0.45454545454545 0.25 
1262306591 0.5 0 1 0.53846153846154 0.46666666666667 0.46666666666667 0.46666666666667 0.46666666666667 0.33333333333333 0.66666666666667 0.25 0.45454545454545 0.25 
1262306604 0.5 0 1 0.46666666666667 0.46666666666667 0.46666666666667 0.46666666666667 0.46666666666667 0.33333333333333 0.66666666666667 0.25 0.45454545454545 0.25 
1262306682 0.5 0 1 0.46666666666667 0.46666666666667 0.46666666666667 0.46666666666667 0.46666666666667 0.33333333333333 0.66666666666667 0.25 0.45454545454545 0.25 
1262306691 0.5 0 1 0.46666666666667 0.46666666666667 0.46666666666667 0.46666666666667 0.46666666666667 0.33333333333333 0.66666666666667 0.25 0.45454545454545 0.25 
1262306704 0.5 0 1 0.46666666666667 0.46666666666667 0.46666666666667 0.46666666666667 0.46666666666667 0.33333333333333 0.6 0.25 0.45454545454545 0.25 
1262306782 0.5 0 1 0.46666666666667 0.46666666666667 0.46666666666667 0.46666666666667 0.46666666666667 0.33333333333333 0.6 0.25 0.45454545454545 0.25 
1262306791 0.5 0 1 0.46666666666667 0.46666666666667 0.46666666666667 0.46666666666667 0.46666666666667 0.33333333333333 0.6 0.25 0.45454545454545 0.25 
1262306804 0.5 0 1 0.46666666666667 0.46666666666667 0.46666666666667 0.46666666666667 0.46666666666667 0.33333333333333 0.5 0.25 0.45454545454545 0.25 
1262306882 0.5 0 1 0.46666666666667 0.46666666666667 0.46666666666667 0.46666666666667 0.46666666666667 0.33333333333333 0.5 0.25 0.45454545454545 0.25 
1262306891 0.5 0 1 0.46666666666667 0.46666666666667 0.46666666666667 0.46666666666667 0.46666666666667 0.33333333333333 0.5 0.25 0.45454545454545 0.25 
1262306900 0.5 0 1 0.46666666666667 0.46666666666667 0.46666666666667 0.46666666666667 0.46666666666667 0.33333333333333 0.5 0.25 0.45454545454545 0.25 
1262306904 0.5 0 1 0.46666666666667 0.46666666666667 0.46666666666667 0.46666666666667 0.46666666666667 0.33333333333333 0.5 0.5 0.45454545454545 0.25 
1262306982 0.5 0 1 0.46666666666667 0.46666666666667 0.46666666666667 0.46666666666667 0.46666666666667 0.33333333333333 0.5 0.5 0.45454545454545 0.25 
1262306991 0.5 0 1 0.46666666666667 0.46666666666667 0.46666666666667 0.46666666666667 0.46666666666667 0.33333333333333 0.5 0.5 0.45454545454545 0.25 
1262307000 0.5 0 1 0.46666666666667 0.46666666666667 0.46666666666667 0.46666666666667 0.46666666666667 0.33333333333333 0.5 0.5 0.45454545454545 0.25 
1262307004 0.5 0 1 0.46666666666667 0.46666666666667 0.46666666666667 0.46666666666667 0.46666666666667 0.33333333333333 0.5 0.5 0.45454545454545 0.28571428571429 
1262307082 0.5 0 1 0.46666666666667 0.46666666666667 0.46666666666667 0.46666666666667 0.46666666666667 0.33333333333333 0.5 0.5 0.45454545454545 0.28571428571429 
1262307089 0.5 0 1 0.46666666666667 0.46666666666667 0.46666666666667 0.46666666666667 0.46666666666667 0.33333333333333 0.5 0.5 0.45454545454545 0.28571428571429 
1262307091 0.5 0 1 0.46666666666667 0.46666666666667 0.46666666666667 0.46666666666667 0.46666666666667 0.33333333333333 0.5 0.5 0.45454545454545 0.28571428571429 
1262307100 0.5 0 1 0.46666666666667 0.46666666666667 0.46666666666667 0.46666666666667 0.46666666666667 0.33333333333333 0.5 0.5 0.45454545454545 0.28571428571429 
1262307104 0.5 0 1 0.46666666666667 0.46666666666667 0.46666666666667 0.46666666666667 0.46666666666667 0.33333333333333 0.5 0.5 0.45454545454545 0.28571428571429 
1262307146 0.5 0 1 0.46666666666667 0.46666666666667 0.46666666666667 0.46666666666667 0.46666666666667 0.33333333333333 0.5 0.5 0.45454545454545 0.28571428571429 
1262307182 0.5 0 1 0.46666666666667 0.46666666666667 0.46666666666667 0.46666666666667 0.46666666666667 0.33333333333333 0.5 0.5 0.45454545454545 0.28571428571429 
1262307189 0.5 0 1 0.46666666666667 0.46666666666667 0.46666666666667 0.46666666666667 0.46666666666667 0.33333333333333 0.5 0.5 0.45454545454545 0.28571428571429 
1262307191 0.5 0 1 0.46666666666667 0.46666666666667 0.46666666666667 0.46666666666667 0.46666666666667 0.33333333333333 0.5 0.5 0.45454545454545 0.28571428571429 
1262307200 0.5 0 1 0.46666666666667 0.46666666666667 0.46666666666667 0.46666666666667 0.46666666666667 0.33333333333333 0.5 0.5 0.45454545454545 0.28571428571429 
1262307204 0.5 0 1 0.46666666666667 0.46666666666667 0.46666666666667 0.46666666666667 0.46666666666667 0.33333333333333 0.5 0.5 0.45454545454545 0.28571428571429 
1262307246 0.5 0 1 0.46666666666667 0.46666666666667 0.46666666666667 0.46666666666667 0.46666666666667 0.33333333333333 0.5 0.5 0.45454545454545 0.28571428571429 
1262307282 0.5 0 1 0.46666666666667 0.46666666666667 0.46666666666667 0.46666666666667 0.46666666666667 0.33333333333333 0.5 0.5 0.45454545454545 0.28571428571429 
1262307289 0.5 0 1 0.46666666666667 0.46666666666667 0.46666666666667 0.46666666666667 0.46666666666667 0.33333333333333 0.5 0.5 0.45454545454545 0.28571428571429 
1262307291 0.5 0 1 0.46666666666667 0.46666666666667 0.46666666666667 0.46666666666667 0.46666666666667 0.33333333333333 0.5 0.5 0.45454545454545 0.28571428571429 
1262307300 0.5 0 1 0.46666666666667 0.46666666666667 0.46666666666667 0.46666666666667 0.46666666666667 0.33333333333333 0.5 0.5 0.45454545454545 0.28571428571429 
1262307304 0.5 0 1 0.46666666666667 0.46666666666667 0.46666666666667 0.46666666666667 0.46666666666667 0.33333333333333 0.5 0.375 0.45454545454545 0.28571428571429 
1262307346 0.5 0 1 0.46666666666667 0.46666666666667 0.46666666666667 0.46666666666667 0.46666666666667 0.33333333333333 0.5 0.375 0.45454545454545 0.28571428571429 
1262307354 0.5 0 1 0.46666666666667 0.46666666666667 0.46666666666667 0.46666666666667 0.46666666666667 0.33333333333333 0.5 0.375 0.45454545454545 0.28571428571429 
1262307382 0.5 0 1 0.46666666666667 0.46666666666667 0.46666666666667 0.46666666666667 0.46666666666667 0.33333333333333 0.5 0.375 0.45454545454545 0.28571428571429 
1262307389 0.5 0 1 0.46666666666667 0.46666666666667 0.46666666666667 0.46666666666667 0.46666666666667 0.33333333333333 0.5 0.375 0.45454545454545 0.28571428571429 
1262307391 0.5 0 1 0.46666666666667 0.46666666666667 0.46666666666667 0.46666666666667 0.46666666666667 0.33333333333333 0.5 0.375 0.45454545454545 0.28571428571429 
1262307400 0.5 0 1 0.46666666666667 0.46666666666667 0.46666666666667 0.46666666666667 0.46666666666667 0.33333333333333 0.5 0.375 0.45454545454545 0.28571428571429 
1262307404 0.5 0 1 0.46666666666667 0.46666666666667 0.46666666666667 0.46666666666667 0.46666666666667 0.33333333333333 0.5 0.375 0.45454545454545 0.28571428571429 
1262307410 0.5 0 1 0.46666666666667 0.46666666666667 0.46666666666667 0.46666666666667 0.46666666666667 0.33333333333333 0.5 0.375 0.45454545454545 0.28571428571429 
1262307446 0.5 0 1 0.46666666666667 0.46666666666667 0.46666666666667 0.46666666666667 0.46666666666667 0.33333333333333 0.5 0.375 0.45454545454545 0.28571428571429 
1262307454 0.5 0 1 0.46666666666667 0.46666666666667 0.46666666666667 0.46666666666667 0.46666666666667 0.33333333333333 0.5 0.375 0.41666666666667 0.28571428571429 
1262307482 0.5 0 1 0.46666666666667 0.46666666666667 0.46666666666667 0.46666666666667 0.46666666666667 0.33333333333333 0.5 0.375 0.41666666666667 0.28571428571429 
1262307489 0.5 0 1 0.46666666666667 0.46666666666667 0.46666666666667 0.46666666666667 0.46666666666667 0.33333333333333 0.5 0.375 0.41666666666667 0.28571428571429 
1262307491 0.5 0 1 0.46666666666667 0.46666666666667 0.46666666666667 0.46666666666667 0.46666666666667 0.33333333333333 0.5 0.375 0.41666666666667 0.28571428571429 
1262307500 0.5 0 1 0.46666666666667 0.46666666666667 0.46666666666667 0.46666666666667 0.46666666666667 0.33333333333333 0.5 0.375 0.41666666666667 0.28571428571429 
1262307504 0.5 0 1 0.46666666666667 0.46666666666667 0.46666666666667 0.46666666666667 0.46666666666667 0.33333333333333 0.5 0.375 0.41666666666667 0.28571428571429 
1262307510 0.5 0 1 0.46666666666667 0.46666666666667 0.46666666666667 0.46666666666667 0.46666666666667 0.33333333333333 0.5 0.375 0.41666666666667 0.28571428571429 
1262307546 0.5 0 1 0.46666666666667 0.46666666666667 0.46666666666667 0.46666666666667 0.46666666666667 0.33333333333333 0.5 0.375 0.41666666666667 0.28571428571429 
1262307554 0.5 0 1 0.46666666666667 0.46666666666667 0.46666666666667 0.46666666666667 0.46666666666667 0.33333333333333 0.5 0.375 0.41666666666667 0.28571428571429 
1262307582 0.5 0 1 0.46666666666667 0.46666666666667 0.46666666666667 0.46666666666667 0.46666666666667 0.33333333333333 0.5 0.375 0.41666666666667 0.28571428571429 
1262307589 0.5 0 1 0.46666666666667 0.46666666666667 0.46666666666667 0.46666666666667 0.46666666666667 0.33333333333333 0.5 0.375 0.41666666666667 0.28571428571429 
1262307591 0.5 0 1 0.46666666666667 0.46666666666667 0.46666666666667 0.46666666666667 0.46666666666667 0.33333333333333 0.5 0.375 0.41666666666667 0.28571428571429 
1262307600 0.5 0 1 0.46666666666667 0.46666666666667 0.46666666666667 0.46666666666667 0.46666666666667 0.33333333333333 0.5 0.375 0.41666666666667 0.28571428571429 
1262307604 0.5 0 1 0.46666666666667 0.4375 0.46666666666667 0.46666666666667 0.46666666666667 0.33333333333333 0.5 0.375 0.41666666666667 0.28571428571429 
1262307610 0.5 0 1 0.46666666666667 0.4375 0.46666666666667 0.46666666666667 0.46666666666667 0.33333333333333 0.5 0.375 0.41666666666667 0.28571428571429 
1262307646 0.5 0 1 0.46666666666667 0.4375 0.46666666666667 0.46666666666667 0.46666666666667 0.33333333333333 0.5 0.375 0.41666666666667 0.28571428571429 
1262307654 0.5 0 1 0.46666666666667 0.4375 0.46666666666667 0.46666666666667 0.46666666666667 0.33333333333333 0.5 0.375 0.41666666666667 0.28571428571429 
1262307682 0.5 0 1 0.46666666666667 0.4375 0.46666666666667 0.46666666666667 0.46666666666667 0.33333333333333 0.5 0.375 0.41666666666667 0.28571428571429 
1262307691 0.5 0 1 0.46666666666667 0.4375 0.46666666666667 0.46666666666667 0.46666666666667 0.33333333333333 0.5 0.375 0.41666666666667 0.28571428571429 
1262307700 0.5 0 1 0.46666666666667 0.4375 0.46666666666667 0.46666666666667 0.46666666666667 0.33333333333333 0.5 0.375 0.41666666666667 0.28571428571429 
1262307704 0.5 0 1 0.46666666666667 0.4375 0.46666666666667 0.46666666666667 0.46666666666667 0.33333333333333 0.5 0.375 0.41666666666667 0.28571428571429 
1262307706 0.5 0 1 0.4375 0.4375 0.46666666666667 0.46666666666667 0.46666666666667 0.33333333333333 0.5 0.375 0.41666666666667 0.28571428571429 
1262307710 0.5 0 1 0.4375 0.4375 0.46666666666667 0.46666666666667 0.46666666666667 0.33333333333333 0.5 0.375 0.41666666666667 0.28571428571429 
1262307746 0.5 0 1 0.4375 0.4375 0.46666666666667 0.46666666666667 0.46666666666667 0.33333333333333 0.5 0.375 0.41666666666667 0.28571428571429 
1262307754 0.5 0 1 0.4375 0.4375 0.46666666666667 0.46666666666667 0.46666666666667 0.33333333333333 0.5 0.375 0.41666666666667 0.28571428571429 
1262307782 0.5 0 1 0.4375 0.4375 0.46666666666667 0.46666666666667 0.46666666666667 0.33333333333333 0.5 0.375 0.41666666666667 0.28571428571429 
1262307791 0.5 0 1 0.4375 0.4375 0.46666666666667 0.46666666666667 0.46666666666667 0.33333333333333 0.5 0.375 0.41666666666667 0.28571428571429 
1262307800 0.5 0 1 0.4375 0.4375 0.46666666666667 0.46666666666667 0.46666666666667 0.33333333333333 0.5 0.375 0.41666666666667 0.28571428571429 
1262307804 0.5 0 1 0.4375 0.4375 0.46666666666667 0.46666666666667 0.46666666666667 0.33333333333333 0.5 0.375 0.41666666666667 0.28571428571429 
1262307806 0.5 0 1 0.47058823529412 0.4375 0.46666666666667 0.46666666666667 0.46666666666667 0.33333333333333 0.5 0.375 0.41666666666667 0.28571428571429 
1262307810 0.5 0 1 0.47058823529412 0.4375 0.46666666666667 0.46666666666667 0.46666666666667 0.33333333333333 0.5 0.375 0.41666666666667 0.28571428571429 
1262307846 0.5 0 1 0.47058823529412 0.4375 0.46666666666667 0.46666666666667 0.46666666666667 0.33333333333333 0.5 0.375 0.41666666666667 0.28571428571429 
1262307854 0.5 0 1 0.47058823529412 0.4375 0.46666666666667 0.46666666666667 0.46666666666667 0.33333333333333 0.5 0.375 0.41666666666667 0.28571428571429 
1262307882 0.5 0 1 0.47058823529412 0.4375 0.46666666666667 0.46666666666667 0.4375 0.33333333333333 0.5 0.375 0.41666666666667 0.28571428571429 
1262307891 0.5 0 1 0.47058823529412 0.4375 0.46666666666667 0.4375 0.4375 0.33333333333333 0.5 0.375 0.41666666666667 0.28571428571429 
1262307900 0.5 0 1 0.47058823529412 0.4375 0.46666666666667 0.4375 0.4375 0.33333333333333 0.5 0.375 0.41666666666667 0.28571428571429 
1262307904 0.5 0 1 0.47058823529412 0.4375 0.4375 0.4375 0.4375 0.33333333333333 0.5 0.375 0.41666666666667 0.28571428571429 
1262307906 0.5 0 1 0.47058823529412 0.4375 0.4375 0.4375 0.4375 0.33333333333333 0.5 0.375 0.41666666666667 0.28571428571429 
1262307910 0.5 0 1 0.47058823529412 0.4375 0.4375 0.4375 0.4375 0.33333333333333 0.5 0.375 0.41666666666667 0.28571428571429 
1262307946 0.5 0 1 0.47058823529412 0.4375 0.4375 0.4375 0.4375 0.33333333333333 0.5 0.375 0.41666666666667 0.28571428571429 
1262307954 0.5 0 1 0.47058823529412 0.4375 0.4375 0.4375 0.4375 0.33333333333333 0.5 0.375 0.41666666666667 0.28571428571429 
1262307982 0.5 0 1 0.47058823529412 0.4375 0.4375 0.4375 0.4375 0.33333333333333 0.5 0.375 0.41666666666667 0.28571428571429 
1262307991 0.5 0 1 0.47058823529412 0.4375 0.4375 0.4375 0.4375 0.33333333333333 0.5 0.375 0.41666666666667 0.28571428571429 
1262308000 0.5 0 1 0.47058823529412 0.4375 0.4375 0.4375 0.4375 0.33333333333333 0.5 0.375 0.41666666666667 0.28571428571429 
1262308004 0.5 0 1 0.47058823529412 0.4375 0.4375 0.4375 0.4375 0.33333333333333 0.5 0.4 0.41666666666667 0.28571428571429 
1262308006 0.5 0 1 0.47058823529412 0.4375 0.4375 0.4375 0.4375 0.33333333333333 0.5 0.4 0.41666666666667 0.28571428571429 
1262308010 0.5 0 1 0.47058823529412 0.4375 0.4375 0.4375 0.4375 0.33333333333333 0.5 0.4 0.41666666666667 0.28571428571429 
1262308046 0.5 0 1 0.47058823529412 0.4375 0.4375 0.4375 0.4375 0.33333333333333 0.5 0.4 0.41666666666667 0.28571428571429 
1262308054 0.5 0 1 0.47058823529412 0.4375 0.4375 0.4375 0.4375 0.33333333333333 0.5 0.4 0.41666666666667 0.28571428571429 
1262308082 0.5 0 1 0.47058823529412 0.4375 0.4375 0.4375 0.4375 0.33333333333333 0.5 0.4 0.41666666666667 0.28571428571429 
1262308091 0.5 0 1 0.47058823529412 0.4375 0.4375 0.4375 0.4375 0.33333333333333 0.5 0.4 0.41666666666667 0.28571428571429 
1262308100 0.5 0 1 0.47058823529412 0.4375 0.4375 0.4375 0.4375 0.33333333333333 0.5 0.4 0.41666666666667 0.28571428571429 
1262308104 0.5 0 1 0.47058823529412 0.47058823529412 0.4375 0.4375 0.4375 0.33333333333333 0.5 0.36363636363636 0.41666666666667 0.28571428571429 
1262308106 0.5 0 1 0.47058823529412 0.47058823529412 0.4375 0.4375 0.4375 0.33333333333333 0.5 0.36363636363636 0.41666666666667 0.28571428571429 
1262308110 0.5 0 1 0.47058823529412 0.47058823529412 0.4375 0.4375 0.4375 0.33333333333333 0.5 0.36363636363636 0.41666666666667 0.28571428571429 
1262308127 0.5 0 1 0.47058823529412 0.47058823529412 0.4375 0.4375 0.4375 0.33333333333333 0.5 0.36363636363636 0.41666666666667 0.28571428571429 
1262308146 0.5 0 1 0.47058823529412 0.47058823529412 0.4375 0.4375 0.4375 0.33333333333333 0.5 0.36363636363636 0.41666666666667 0.28571428571429 
1262308182 0.5 0 1 0.47058823529412 0.47058823529412 0.4375 0.4375 0.4375 0.33333333333333 0.5 0.36363636363636 0.41666666666667 0.28571428571429 
1262308191 0.5 0 1 0.47058823529412 0.47058823529412 0.4375 0.47058823529412 0.4375 0.33333333333333 0.5 0.36363636363636 0.41666666666667 0.28571428571429 
1262308200 0.5 0 1 0.47058823529412 0.47058823529412 0.4375 0.47058823529412 0.4375 0.33333333333333 0.5 0.36363636363636 0.41666666666667 0.28571428571429 
1262308204 0.5 0 1 0.47058823529412 0.47058823529412 0.4375 0.47058823529412 0.4375 0.33333333333333 0.5 0.36363636363636 0.41666666666667 0.25 
1262308206 0.5 0 1 0.5 0.47058823529412 0.4375 0.47058823529412 0.4375 0.33333333333333 0.5 0.36363636363636 0.41666666666667 0.25 
1262308210 0.5 0 1 0.5 0.47058823529412 0.4375 0.47058823529412 0.4375 0.33333333333333 0.5 0.36363636363636 0.41666666666667 0.25 
1262308227 0.5 0 1 0.5 0.47058823529412 0.4375 0.47058823529412 0.4375 0.33333333333333 0.5 0.36363636363636 0.41666666666667 0.25 
1262308246 0.5 0 1 0.5 0.47058823529412 0.4375 0.47058823529412 0.4375 0.33333333333333 0.5 0.36363636363636 0.41666666666667 0.25 
1262308282 0.5 0 1 0.5 0.47058823529412 0.4375 0.47058823529412 0.47058823529412 0.33333333333333 0.5 0.36363636363636 0.41666666666667 0.25 
1262308291 0.5 0 1 0.5 0.47058823529412 0.4375 0.47058823529412 0.47058823529412 0.33333333333333 0.5 0.36363636363636 0.41666666666667 0.25 
1262308300 0.5 0 1 0.5 0.47058823529412 0.4375 0.47058823529412 0.47058823529412 0.33333333333333 0.5 0.36363636363636 0.41666666666667 0.25 
1262308304 0.5 0 1 0.5 0.47058823529412 0.47058823529412 0.47058823529412 0.47058823529412 0.33333333333333 0.5 0.36363636363636 0.41666666666667 0.36363636363636 
1262308306 0.5 0 1 0.5 0.47058823529412 0.47058823529412 0.47058823529412 0.47058823529412 0.33333333333333 0.5 0.36363636363636 0.41666666666667 0.36363636363636 
1262308310 0.5 0 1 0.5 0.47058823529412 0.47058823529412 0.47058823529412 0.47058823529412 0.33333333333333 0.5 0.36363636363636 0.41666666666667 0.36363636363636 
1262308316 0.5 0 1 0.5 0.47058823529412 0.47058823529412 0.47058823529412 0.47058823529412 0.33333333333333 0.5 0.36363636363636 0.41666666666667 0.36363636363636 
1262308327 0.5 0 1 0.5 0.47058823529412 0.47058823529412 0.47058823529412 0.47058823529412 0.33333333333333 0.5 0.36363636363636 0.41666666666667 0.36363636363636 
1262308337 0.5 0 1 0.5 0.47058823529412 0.47058823529412 0.47058823529412 0.47058823529412 0.33333333333333 0.5 0.36363636363636 0.41666666666667 0.36363636363636 
1262308346 0.5 0 1 0.5 0.47058823529412 0.47058823529412 0.47058823529412 0.47058823529412 0.33333333333333 0.5 0.36363636363636 0.41666666666667 0.36363636363636 
1262308382 0.5 0 1 0.5 0.47058823529412 0.47058823529412 0.47058823529412 0.47058823529412 0.33333333333333 0.5 0.36363636363636 0.41666666666667 0.36363636363636 
1262308391 0.5 0 1 0.5 0.47058823529412 0.47058823529412 0.47058823529412 0.47058823529412 0.33333333333333 0.5 0.36363636363636 0.41666666666667 0.36363636363636 
1262308400 0.5 0 1 0.5 0.47058823529412 0.47058823529412 0.47058823529412 0.47058823529412 0.33333333333333 0.5 0.36363636363636 0.41666666666667 0.36363636363636 
1262308404 0.5 0 1 0.5 0.47058823529412 0.5 0.47058823529412 0.47058823529412 0.33333333333333 0.5 0.36363636363636 0.41666666666667 0.41666666666667 
1262308406 0.5 0 1 0.5 0.47058823529412 0.5 0.47058823529412 0.47058823529412 0.33333333333333 0.5 0.36363636363636 0.41666666666667 0.41666666666667 
1262308410 0.5 0 1 0.5 0.47058823529412 0.5 0.47058823529412 0.47058823529412 0.33333333333333 0.5 0.36363636363636 0.41666666666667 0.41666666666667 
1262308416 0.5 0 1 0.5 0.47058823529412 0.5 0.47058823529412 0.47058823529412 0.33333333333333 0.5 0.36363636363636 0.41666666666667 0.41666666666667 
1262308427 0.5 0 1 0.5 0.47058823529412 0.5 0.47058823529412 0.47058823529412 0.33333333333333 0.5 0.36363636363636 0.41666666666667 0.41666666666667 
1262308437 0.5 0 1 0.5 0.47058823529412 0.5 0.47058823529412 0.47058823529412 0.33333333333333 0.5 0.36363636363636 0.41666666666667 0.41666666666667 
1262308446 0.5 0 1 0.5 0.47058823529412 0.5 0.47058823529412 0.47058823529412 0.33333333333333 0.5 0.36363636363636 0.41666666666667 0.41666666666667 
1262308482 0.5 0 1 0.5 0.47058823529412 0.5 0.47058823529412 0.47058823529412 0.33333333333333 0.5 0.36363636363636 0.41666666666667 0.41666666666667 
1262308491 0.5 0 1 0.5 0.47058823529412 0.5 0.5 0.47058823529412 0.33333333333333 0.5 0.36363636363636 0.41666666666667 0.41666666666667 
