arrived:	node2#19	1
arrived:	node3#7	1
arrived:	node3#9	1
arrived:	node2#1	1
arrived:	node3#25	1
arrived:	node2#5	1
arrived:	node2#2	1
arrived:	node3#4	1
arrived:	node2#22	1
arrived:	node2#6	1
arrived:	node2#9	1
arrived:	node2#14	1
arrived:	node2#7	1
arrived:	node3#10	1
arrived:	node3#2	1
arrived:	node3#1	1
arrived:	node3#46	1
arrived:	node3#17	1
arrived:	node2#30	1
arrived:	node2#12	1
NOTIFS:
node2	:	60	sent
node3	:	60	sent
SUBS:
on	node2
	node2	:	11	received
on	node3
	node3	:	9	received
1262304604 0.5 - - - - 0.5 - - - - - - - 
1262304704 0.5 - - 0.5 - 0.5 - - - - - - - 
1262304804 0.5 - - 0.5 - 0.5 - 0.5 - - - - - 
1262304904 0.5 0 - 0.5 0.5 0.5 - 0.5 - - 0.5 - - 
1262305004 0.5 0 - 0.5 0.5 0.5 0.5 0.5 - - 0.5 - - 
1262305104 0.5 0 - 0.5 0.5 0.5 0.5 0.54545454545455 - - 0.5 - - 
1262305204 0.5 0 - 0.5 0.5 0.54545454545455 0.5 0.54545454545455 0.5 - 0.5 - - 
1262305304 0.5 0 - 0.5 0.5 0.54545454545455 0.5 0.5 0.5 - 0.5 - - 
1262305404 0.5 0 - 0.57142857142857 0.5 0.53846153846154 0.5 0.53846153846154 0.5 - 0.5 - - 
1262305504 0.5 0 - 0.57142857142857 0.5 0.53846153846154 0.5 0.53846153846154 0.5 0.8 0.45454545454545 0.5 - 
1262305604 0.5 0.14285714285714 - 0.57142857142857 0.5 0.57142857142857 0.53846153846154 0.53846153846154 0.5 0.8 0.45454545454545 0.5 0 
1262305704 0.5 0.14285714285714 - 0.57142857142857 0.57142857142857 0.57142857142857 0.57142857142857 0.53846153846154 0.5 0.66666666666667 0.45454545454545 0.5 0.5 
1262305804 0.5 0.14285714285714 - 0.6 0.6 0.57142857142857 0.57142857142857 0.53846153846154 0.5 0.66666666666667 0.45454545454545 0.5 0.5 
1262305895 0.5 0.14285714285714 - 0.6 0.6 0.57142857142857 0.57142857142857 0.53846153846154 0.5 0.66666666666667 0.45454545454545 0.5 0.5 
1262305904 0.5 0.14285714285714 - 0.6 0.6 0.57142857142857 0.57142857142857 0.57142857142857 0.45454545454545 0.66666666666667 0.45454545454545 0.5 0.5 
1262305995 0.5 0.14285714285714 - 0.6 0.6 0.57142857142857 0.57142857142857 0.57142857142857 0.45454545454545 0.66666666666667 0.45454545454545 0.5 0.5 
1262306004 0.5 0.14285714285714 - 0.5625 0.6 0.57142857142857 0.57142857142857 0.57142857142857 0.45454545454545 0.66666666666667 0.53846153846154 0.5 0.71428571428571 
1262306095 0.5 0.14285714285714 - 0.5625 0.6 0.57142857142857 0.57142857142857 0.57142857142857 0.45454545454545 0.75 0.53846153846154 0.5 0.71428571428571 
1262306104 0.5 0.14285714285714 - 0.5625 0.6 0.6 0.6 0.57142857142857 0.45454545454545 0.75 0.53846153846154 0.5 0.71428571428571 
1262306195 0.5 0.14285714285714 - 0.5625 0.6 0.6 0.6 0.57142857142857 0.45454545454545 0.75 0.53846153846154 0.55555555555556 0.71428571428571 
1262306204 0.5 0.14285714285714 - 0.5625 0.6 0.6 0.6 0.57142857142857 0.45454545454545 0.75 0.53846153846154 0.55555555555556 0.71428571428571 
1262306295 0.5 0.14285714285714 - 0.5625 0.6 0.6 0.6 0.57142857142857 0.45454545454545 0.75 0.53846153846154 0.63636363636364 0.71428571428571 
1262306304 0.5 0.14285714285714 1 0.52941176470588 0.6 0.5625 0.6 0.57142857142857 0.5 0.75 0.53846153846154 0.63636363636364 0.71428571428571 
1262306395 0.5 0.14285714285714 1 0.52941176470588 0.6 0.5625 0.6 0.57142857142857 0.5 0.63636363636364 0.53846153846154 0.63636363636364 0.71428571428571 
1262306404 0.5 0.14285714285714 1 0.52941176470588 0.6 0.5625 0.6 0.6 0.5 0.63636363636364 0.57142857142857 0.63636363636364 0.71428571428571 
1262306495 0.5 0.14285714285714 1 0.52941176470588 0.6 0.5625 0.6 0.6 0.5 0.63636363636364 0.57142857142857 0.66666666666667 0.71428571428571 
1262306504 0.5 0.14285714285714 1 0.52941176470588 0.6 0.5625 0.6 0.6 0.5 0.63636363636364 0.57142857142857 0.66666666666667 0.71428571428571 
1262306563 0.5 0.14285714285714 1 0.52941176470588 0.6 0.5625 0.6 0.6 0.5 0.63636363636364 0.57142857142857 0.66666666666667 0.71428571428571 
1262306595 0.5 0.14285714285714 1 0.52941176470588 0.6 0.5625 0.6 0.6 0.5 0.63636363636364 0.57142857142857 0.66666666666667 0.71428571428571 
1262306604 0.5 0.14285714285714 1 0.52941176470588 0.6 0.5625 0.6 0.6 0.53846153846154 0.63636363636364 0.57142857142857 0.66666666666667 0.71428571428571 
1262306663 0.5 0.14285714285714 1 0.52941176470588 0.5625 0.5625 0.6 0.6 0.53846153846154 0.63636363636364 0.57142857142857 0.66666666666667 0.71428571428571 
1262306695 0.5 0.14285714285714 1 0.52941176470588 0.5625 0.5625 0.6 0.6 0.53846153846154 0.63636363636364 0.57142857142857 0.66666666666667 0.71428571428571 
1262306704 0.5 0.11111111111111 1 0.52941176470588 0.5625 0.5625 0.5625 0.5625 0.53846153846154 0.63636363636364 0.57142857142857 0.66666666666667 0.75 
1262306763 0.5 0.11111111111111 1 0.52941176470588 0.5625 0.5625 0.5625 0.5625 0.53846153846154 0.63636363636364 0.57142857142857 0.66666666666667 0.75 
1262306795 0.5 0.11111111111111 1 0.52941176470588 0.5625 0.5625 0.5625 0.5625 0.53846153846154 0.63636363636364 0.57142857142857 0.66666666666667 0.75 
1262306804 0.5 0.11111111111111 1 0.52941176470588 0.5625 0.52941176470588 0.5625 0.58823529411765 0.53846153846154 0.63636363636364 0.57142857142857 0.66666666666667 0.75 
1262306863 0.5 0.11111111111111 1 0.52941176470588 0.52941176470588 0.52941176470588 0.5625 0.58823529411765 0.53846153846154 0.63636363636364 0.57142857142857 0.66666666666667 0.75 
1262306895 0.5 0.11111111111111 1 0.52941176470588 0.52941176470588 0.52941176470588 0.5625 0.58823529411765 0.53846153846154 0.66666666666667 0.57142857142857 0.66666666666667 0.75 
1262306904 0.5 0.11111111111111 1 0.52941176470588 0.52941176470588 0.52941176470588 0.5625 0.58823529411765 0.53846153846154 0.66666666666667 0.57142857142857 0.66666666666667 0.75 
1262306963 0.5 0.11111111111111 1 0.52941176470588 0.52941176470588 0.52941176470588 0.5625 0.58823529411765 0.53846153846154 0.66666666666667 0.57142857142857 0.66666666666667 0.75 
1262306995 0.5 0.11111111111111 1 0.52941176470588 0.52941176470588 0.52941176470588 0.5625 0.58823529411765 0.53846153846154 0.66666666666667 0.57142857142857 0.66666666666667 0.75 
1262307004 0.5 0.11111111111111 1 0.52941176470588 0.52941176470588 0.55555555555556 0.5625 0.57894736842105 0.53846153846154 0.66666666666667 0.57142857142857 0.66666666666667 0.75 
1262307063 0.5 0.11111111111111 1 0.52941176470588 0.55555555555556 0.55555555555556 0.5625 0.57894736842105 0.53846153846154 0.66666666666667 0.57142857142857 0.66666666666667 0.75 
1262307095 0.5 0.11111111111111 1 0.52941176470588 0.55555555555556 0.55555555555556 0.5625 0.57894736842105 0.53846153846154 0.66666666666667 0.57142857142857 0.66666666666667 0.75 
1262307104 0.5 0.11111111111111 1 0.52941176470588 0.55555555555556 0.55555555555556 0.58823529411765 0.57894736842105 0.53846153846154 0.66666666666667 0.57142857142857 0.66666666666667 0.6 
1262307163 0.5 0.11111111111111 1 0.52941176470588 0.55555555555556 0.55555555555556 0.58823529411765 0.57894736842105 0.53846153846154 0.66666666666667 0.57142857142857 0.66666666666667 0.6 
1262307195 0.5 0.11111111111111 1 0.52941176470588 0.55555555555556 0.55555555555556 0.58823529411765 0.57894736842105 0.53846153846154 0.66666666666667 0.57142857142857 0.66666666666667 0.6 
1262307204 0.5 0.11111111111111 1 0.55555555555556 0.55555555555556 0.55555555555556 0.55555555555556 0.57894736842105 0.53846153846154 0.66666666666667 0.53333333333333 0.66666666666667 0.6 
1262307263 0.5 0.11111111111111 1 0.55555555555556 0.55555555555556 0.55555555555556 0.55555555555556 0.57894736842105 0.53846153846154 0.66666666666667 0.53333333333333 0.66666666666667 0.6 
1262307295 0.5 0.11111111111111 1 0.55555555555556 0.55555555555556 0.55555555555556 0.55555555555556 0.57894736842105 0.53846153846154 0.66666666666667 0.53333333333333 0.66666666666667 0.6 
1262307304 0.5 0.11111111111111 1 0.57894736842105 0.55555555555556 0.57894736842105 0.55555555555556 0.55 0.53846153846154 0.66666666666667 0.52941176470588 0.66666666666667 0.6 
1262307363 0.5 0.11111111111111 1 0.57894736842105 0.55555555555556 0.57894736842105 0.55555555555556 0.55 0.53846153846154 0.66666666666667 0.52941176470588 0.66666666666667 0.6 
1262307395 0.5 0.11111111111111 1 0.57894736842105 0.55555555555556 0.57894736842105 0.55555555555556 0.55 0.53846153846154 0.66666666666667 0.52941176470588 0.66666666666667 0.6 
1262307404 0.5 0.11111111111111 1 0.55 0.55555555555556 0.57894736842105 0.55555555555556 0.55 0.53846153846154 0.66666666666667 0.52941176470588 0.66666666666667 0.6 
1262307463 0.5 0.11111111111111 1 0.55 0.55555555555556 0.57894736842105 0.55555555555556 0.55 0.53846153846154 0.66666666666667 0.52941176470588 0.66666666666667 0.6 
1262307475 0.5 0.11111111111111 1 0.55 0.55555555555556 0.57894736842105 0.55555555555556 0.55 0.53846153846154 0.66666666666667 0.52941176470588 0.66666666666667 0.6 
1262307495 0.5 0.11111111111111 1 0.55 0.55555555555556 0.57894736842105 0.55555555555556 0.55 0.53846153846154 0.66666666666667 0.52941176470588 0.66666666666667 0.6 
1262307504 0.5 0.11111111111111 1 0.52380952380952 0.55555555555556 0.57894736842105 0.57894736842105 0.52380952380952 0.53846153846154 0.66666666666667 0.52941176470588 0.66666666666667 0.6 
1262307563 0.5 0.11111111111111 1 0.52380952380952 0.5 0.57894736842105 0.57894736842105 0.52380952380952 0.53846153846154 0.66666666666667 0.52941176470588 0.66666666666667 0.6 
1262307575 0.5 0.11111111111111 1 0.52380952380952 0.5 0.57894736842105 0.57894736842105 0.52380952380952 0.53846153846154 0.66666666666667 0.52941176470588 0.66666666666667 0.6 
1262307595 0.5 0.11111111111111 1 0.52380952380952 0.5 0.57894736842105 0.57894736842105 0.52380952380952 0.53846153846154 0.66666666666667 0.52941176470588 0.61538461538462 0.6 
1262307604 0.5 0.11111111111111 1 0.52380952380952 0.5 0.57894736842105 0.55 0.52380952380952 0.53846153846154 0.66666666666667 0.52941176470588 0.61538461538462 0.6 
1262307663 0.5 0.11111111111111 1 0.52380952380952 0.47619047619048 0.57894736842105 0.55 0.52380952380952 0.53846153846154 0.66666666666667 0.52941176470588 0.61538461538462 0.6 
1262307675 0.5 0.11111111111111 1 0.52380952380952 0.47619047619048 0.57894736842105 0.55 0.52380952380952 0.53846153846154 0.61538461538462 0.52941176470588 0.61538461538462 0.6 
1262307695 0.5 0.11111111111111 1 0.52380952380952 0.47619047619048 0.57894736842105 0.55 0.52380952380952 0.53846153846154 0.61538461538462 0.52941176470588 0.61538461538462 0.6 
1262307704 0.5 0.090909090909091 1 0.52380952380952 0.47619047619048 0.52380952380952 0.52380952380952 0.52380952380952 0.53846153846154 0.61538461538462 0.55555555555556 0.61538461538462 0.6 
1262307763 0.5 0.090909090909091 1 0.52380952380952 0.47619047619048 0.52380952380952 0.52380952380952 0.52380952380952 0.53846153846154 0.61538461538462 0.55555555555556 0.61538461538462 0.6 
1262307775 0.5 0.090909090909091 1 0.52380952380952 0.47619047619048 0.52380952380952 0.52380952380952 0.52380952380952 0.53846153846154 0.61538461538462 0.55555555555556 0.61538461538462 0.6 
1262307795 0.5 0.090909090909091 1 0.52380952380952 0.47619047619048 0.52380952380952 0.52380952380952 0.52380952380952 0.53846153846154 0.61538461538462 0.55555555555556 0.64285714285714 0.6 
1262307804 0.5 0.16666666666667 1 0.52380952380952 0.47619047619048 0.52380952380952 0.5 0.52380952380952 0.53846153846154 0.61538461538462 0.52631578947368 0.64285714285714 0.63636363636364 
1262307863 0.5 0.16666666666667 1 0.52380952380952 0.47619047619048 0.52380952380952 0.5 0.52380952380952 0.53846153846154 0.61538461538462 0.52631578947368 0.64285714285714 0.63636363636364 
1262307875 0.5 0.16666666666667 1 0.52380952380952 0.47619047619048 0.52380952380952 0.5 0.52380952380952 0.53846153846154 0.61538461538462 0.52631578947368 0.64285714285714 0.63636363636364 
1262307895 0.5 0.16666666666667 1 0.52380952380952 0.47619047619048 0.52380952380952 0.5 0.52380952380952 0.53846153846154 0.61538461538462 0.52631578947368 0.6 0.63636363636364 
1262307904 0.5 0.28571428571429 1 0.52380952380952 0.47619047619048 0.52380952380952 0.5 0.5 0.46666666666667 0.61538461538462 0.52631578947368 0.6 0.63636363636364 
1262307963 0.5 0.28571428571429 1 0.52380952380952 0.47619047619048 0.52380952380952 0.5 0.5 0.46666666666667 0.61538461538462 0.52631578947368 0.6 0.63636363636364 
1262307975 0.5 0.28571428571429 1 0.52380952380952 0.47619047619048 0.52380952380952 0.5 0.5 0.46666666666667 0.61538461538462 0.52631578947368 0.6 0.63636363636364 
1262307995 0.5 0.28571428571429 1 0.52380952380952 0.47619047619048 0.52380952380952 0.5 0.5 0.46666666666667 0.61538461538462 0.52631578947368 0.5625 0.63636363636364 
1262308004 0.5 0.33333333333333 1 0.5 0.47619047619048 0.47826086956522 0.5 0.47826086956522 0.5 0.61538461538462 0.52631578947368 0.5625 0.63636363636364 
1262308011 0.5 0.33333333333333 1 0.5 0.47619047619048 0.47826086956522 0.5 0.47826086956522 0.5 0.61538461538462 0.52631578947368 0.5625 0.63636363636364 
1262308063 0.5 0.33333333333333 1 0.5 0.47619047619048 0.47826086956522 0.5 0.47826086956522 0.5 0.61538461538462 0.52631578947368 0.5625 0.63636363636364 
1262308090 0.5 0.33333333333333 1 0.5 0.47619047619048 0.47826086956522 0.5 0.47826086956522 0.5 0.64285714285714 0.52631578947368 0.5625 0.63636363636364 
1262308095 0.5 0.33333333333333 1 0.5 0.47619047619048 0.47826086956522 0.5 0.47826086956522 0.5 0.64285714285714 0.52631578947368 0.5625 0.63636363636364 
1262308104 0.5 0.33333333333333 1 0.5 0.47619047619048 0.5 0.48 0.47826086956522 0.5 0.64285714285714 0.52631578947368 0.5625 0.58333333333333 
1262308111 0.5 0.33333333333333 1 0.5 0.47619047619048 0.5 0.48 0.47826086956522 0.5 0.64285714285714 0.52631578947368 0.5625 0.58333333333333 
1262308163 0.5 0.33333333333333 1 0.5 0.47619047619048 0.5 0.48 0.47826086956522 0.5 0.64285714285714 0.52631578947368 0.5625 0.58333333333333 
1262308190 0.5 0.33333333333333 1 0.5 0.47619047619048 0.5 0.48 0.47826086956522 0.5 0.64285714285714 0.52631578947368 0.5625 0.58333333333333 
1262308195 0.5 0.33333333333333 1 0.5 0.47619047619048 0.5 0.48 0.47826086956522 0.5 0.64285714285714 0.52631578947368 0.5625 0.58333333333333 
1262308204 0.5 0.41176470588235 1 0.5 0.47619047619048 0.5 0.48 0.47826086956522 0.5 0.64285714285714 0.52631578947368 0.5625 0.61538461538462 
1262308211 0.5 0.41176470588235 1 0.5 0.47619047619048 0.5 0.48 0.47826086956522 0.5 0.64285714285714 0.52631578947368 0.5625 0.61538461538462 
1262308263 0.5 0.41176470588235 1 0.5 0.47619047619048 0.5 0.48 0.47826086956522 0.5 0.64285714285714 0.52631578947368 0.5625 0.61538461538462 
1262308290 0.5 0.41176470588235 1 0.5 0.47619047619048 0.5 0.48 0.47826086956522 0.5 0.5625 0.52631578947368 0.5625 0.61538461538462 
1262308295 0.5 0.41176470588235 1 0.5 0.47619047619048 0.5 0.48 0.47826086956522 0.5 0.5625 0.52631578947368 0.5625 0.61538461538462 
1262308304 0.5 0.44444444444444 1 0.5 0.47619047619048 0.48 0.48 0.47826086956522 0.5 0.5625 0.52631578947368 0.5625 0.61538461538462 
1262308311 0.5 0.44444444444444 1 0.5 0.47619047619048 0.48 0.48 0.47826086956522 0.5 0.5625 0.52631578947368 0.5625 0.61538461538462 
1262308363 0.5 0.44444444444444 1 0.5 0.43478260869565 0.48 0.48 0.47826086956522 0.5 0.5625 0.52631578947368 0.5625 0.61538461538462 
1262308390 0.5 0.44444444444444 1 0.5 0.43478260869565 0.48 0.48 0.47826086956522 0.5 0.5625 0.52631578947368 0.5625 0.61538461538462 
1262308395 0.5 0.44444444444444 1 0.5 0.43478260869565 0.48 0.48 0.47826086956522 0.5 0.5625 0.52631578947368 0.5625 0.61538461538462 
1262308404 0.5 0.44444444444444 1 0.48 0.43478260869565 0.48 0.48 0.47826086956522 0.47058823529412 0.5625 0.52631578947368 0.5625 0.61538461538462 
1262308411 0.5 0.44444444444444 1 0.48 0.43478260869565 0.48 0.48 0.47826086956522 0.47058823529412 0.5625 0.52631578947368 0.5625 0.61538461538462 
1262308463 0.5 0.44444444444444 1 0.48 0.43478260869565 0.48 0.48 0.47826086956522 0.47058823529412 0.5625 0.52631578947368 0.5625 0.61538461538462 
1262308490 0.5 0.44444444444444 1 0.48 0.43478260869565 0.48 0.48 0.47826086956522 0.47058823529412 0.5625 0.52631578947368 0.5625 0.61538461538462 
1262308495 0.5 0.44444444444444 1 0.48 0.43478260869565 0.48 0.48 0.47826086956522 0.47058823529412 0.5625 0.52631578947368 0.5625 0.61538461538462 
