arrived:	node2#19	1
arrived:	node3#7	1
arrived:	node3#9	1
arrived:	node2#1	1
arrived:	node3#25	1
arrived:	node2#5	1
arrived:	node2#2	1
arrived:	node3#4	1
arrived:	node2#6	1
arrived:	node3#16	1
arrived:	node3#5	1
arrived:	node3#3	1
arrived:	node3#2	1
arrived:	node3#1	1
arrived:	node2#4	1
arrived:	node3#17	1
arrived:	node2#3	1
NOTIFS:
node3	:	60	sent
node2	:	60	sent
SUBS:
on	node2
	node2	:	7	received
on	node3
	node3	:	10	received
1262304604 0.5 - - 0.5 - - 0.5 0.5 - - - - - 
1262304704 0.5 - - 0.5 0.5 0.5 0.5 0.5 - - - - - 
1262304804 0.5 - - 0.5 0.5 0.5 0.5 0.5 - - - - - 
1262304904 0.5 0 - 0.45454545454545 0.5 0.5 0.54545454545455 0.5 - - - - - 
1262305004 0.5 0 - 0.45454545454545 0.5 0.5 0.54545454545455 0.5 - 0 - - - 
1262305104 0.5 0 - 0.45454545454545 0.5 0.45454545454545 0.5 0.45454545454545 - 0 - - - 
1262305204 0.5 0 - 0.45454545454545 0.5 0.5 0.46153846153846 0.5 - 0 - - - 
1262305304 0.5 0 - 0.45454545454545 0.5 0.5 0.46153846153846 0.5 - 0 - - - 
1262305404 0.5 0 - 0.45454545454545 0.5 0.5 0.46153846153846 0.46153846153846 - 0 - - - 
1262305504 0.5 0 - 0.5 0.5 0.5 0.42857142857143 0.46153846153846 - 0 - - - 
1262305604 0.5 0 - 0.5 0.5 0.46153846153846 0.42857142857143 0.46153846153846 - 0 - 0 - 
1262305704 0.5 0 - 0.46153846153846 0.46153846153846 0.46153846153846 0.42857142857143 0.46153846153846 - 0 - 0.66666666666667 0.5 
1262305804 0.5 0 - 0.46666666666667 0.46153846153846 0.42857142857143 0.46666666666667 0.42857142857143 - 0 - 0.66666666666667 0.5 
1262305904 0.5 0 - 0.4375 0.46153846153846 0.42857142857143 0.46666666666667 0.46666666666667 0.5 0 - 0.54545454545455 0.5 
1262306004 0.5 0 - 0.4375 0.46153846153846 0.42857142857143 0.46666666666667 0.4375 0.25 0 0.36363636363636 0.54545454545455 0.33333333333333 
1262306104 0.5 0 1 0.4375 0.46153846153846 0.42857142857143 0.46666666666667 0.4375 0.28571428571429 0 0.36363636363636 0.54545454545455 0.33333333333333 
1262306182 0.5 0 1 0.4375 0.46153846153846 0.42857142857143 0.46666666666667 0.4375 0.28571428571429 0 0.36363636363636 0.54545454545455 0.33333333333333 
1262306204 0.5 0 1 0.4375 0.42857142857143 0.42857142857143 0.4375 0.4375 0.28571428571429 0 0.36363636363636 0.54545454545455 0.33333333333333 
1262306282 0.5 0 1 0.41176470588235 0.42857142857143 0.42857142857143 0.4375 0.4375 0.28571428571429 0 0.36363636363636 0.54545454545455 0.33333333333333 
1262306304 0.5 0 1 0.41176470588235 0.46666666666667 0.42857142857143 0.4375 0.4375 0.28571428571429 0 0.36363636363636 0.54545454545455 0.25 
1262306382 0.5 0 1 0.41176470588235 0.46666666666667 0.42857142857143 0.4375 0.4375 0.28571428571429 0 0.36363636363636 0.54545454545455 0.25 
1262306404 0.5 0 1 0.41176470588235 0.4375 0.42857142857143 0.4375 0.4375 0.28571428571429 0.2 0.33333333333333 0.54545454545455 0.33333333333333 
1262306450 0.5 0 1 0.41176470588235 0.4375 0.42857142857143 0.4375 0.4375 0.28571428571429 0.2 0.33333333333333 0.54545454545455 0.33333333333333 
1262306482 0.5 0 1 0.41176470588235 0.4375 0.42857142857143 0.4375 0.4375 0.28571428571429 0.2 0.33333333333333 0.54545454545455 0.33333333333333 
1262306504 0.5 0 1 0.41176470588235 0.44444444444444 0.42857142857143 0.4375 0.4375 0.375 0.33333333333333 0.33333333333333 0.54545454545455 0.33333333333333 
1262306550 0.5 0 1 0.41176470588235 0.44444444444444 0.4375 0.4375 0.4375 0.375 0.33333333333333 0.33333333333333 0.54545454545455 0.33333333333333 
1262306582 0.5 0 1 0.44444444444444 0.44444444444444 0.4375 0.4375 0.4375 0.375 0.33333333333333 0.33333333333333 0.54545454545455 0.33333333333333 
1262306604 0.5 0 1 0.44444444444444 0.44444444444444 0.4375 0.4375 0.4375 0.375 0.33333333333333 0.33333333333333 0.54545454545455 0.33333333333333 
1262306639 0.5 0 1 0.44444444444444 0.44444444444444 0.4375 0.4375 0.41176470588235 0.375 0.33333333333333 0.33333333333333 0.54545454545455 0.33333333333333 
1262306650 0.5 0 1 0.44444444444444 0.44444444444444 0.4375 0.4375 0.41176470588235 0.375 0.33333333333333 0.33333333333333 0.54545454545455 0.33333333333333 
1262306704 0.5 0 1 0.44444444444444 0.44444444444444 0.4375 0.4375 0.41176470588235 0.375 0.28571428571429 0.33333333333333 0.54545454545455 0.33333333333333 
1262306739 0.5 0 1 0.44444444444444 0.44444444444444 0.4375 0.4375 0.41176470588235 0.375 0.28571428571429 0.33333333333333 0.54545454545455 0.33333333333333 
1262306750 0.5 0 1 0.44444444444444 0.44444444444444 0.4375 0.4375 0.41176470588235 0.375 0.28571428571429 0.33333333333333 0.54545454545455 0.33333333333333 
1262306804 0.5 0 1 0.44444444444444 0.44444444444444 0.4375 0.4375 0.41176470588235 0.5 0.45454545454545 0.33333333333333 0.58333333333333 0.44444444444444 
1262306828 0.5 0 1 0.44444444444444 0.44444444444444 0.4375 0.4375 0.41176470588235 0.5 0.45454545454545 0.33333333333333 0.58333333333333 0.44444444444444 
1262306839 0.5 0 1 0.44444444444444 0.44444444444444 0.4375 0.4375 0.41176470588235 0.5 0.45454545454545 0.33333333333333 0.58333333333333 0.44444444444444 
1262306850 0.5 0 1 0.44444444444444 0.44444444444444 0.41176470588235 0.4375 0.41176470588235 0.5 0.45454545454545 0.33333333333333 0.58333333333333 0.44444444444444 
1262306904 0.5 0 1 0.44444444444444 0.44444444444444 0.41176470588235 0.4375 0.41176470588235 0.5 0.45454545454545 0.38461538461538 0.53846153846154 0.44444444444444 
1262306928 0.5 0 1 0.44444444444444 0.44444444444444 0.41176470588235 0.4375 0.41176470588235 0.5 0.45454545454545 0.38461538461538 0.53846153846154 0.44444444444444 
1262306939 0.5 0 1 0.44444444444444 0.44444444444444 0.41176470588235 0.4375 0.41176470588235 0.5 0.45454545454545 0.38461538461538 0.53846153846154 0.44444444444444 
1262306950 0.5 0 1 0.44444444444444 0.44444444444444 0.41176470588235 0.4375 0.41176470588235 0.5 0.45454545454545 0.38461538461538 0.53846153846154 0.44444444444444 
1262306997 0.5 0 1 0.44444444444444 0.44444444444444 0.41176470588235 0.4375 0.41176470588235 0.5 0.45454545454545 0.38461538461538 0.53846153846154 0.44444444444444 
1262307004 0.5 0 1 0.44444444444444 0.44444444444444 0.41176470588235 0.41176470588235 0.41176470588235 0.5 0.45454545454545 0.38461538461538 0.5 0.44444444444444 
1262307017 0.5 0 1 0.44444444444444 0.44444444444444 0.41176470588235 0.41176470588235 0.41176470588235 0.5 0.45454545454545 0.38461538461538 0.5 0.4 
1262307028 0.5 0 1 0.44444444444444 0.44444444444444 0.41176470588235 0.41176470588235 0.41176470588235 0.5 0.45454545454545 0.38461538461538 0.5 0.4 
1262307039 0.5 0 1 0.44444444444444 0.44444444444444 0.41176470588235 0.41176470588235 0.41176470588235 0.5 0.45454545454545 0.38461538461538 0.5 0.4 
1262307041 0.5 0.090909090909091 1 0.44444444444444 0.44444444444444 0.41176470588235 0.41176470588235 0.41176470588235 0.5 0.45454545454545 0.38461538461538 0.5 0.4 
1262307097 0.5 0.090909090909091 1 0.44444444444444 0.44444444444444 0.41176470588235 0.41176470588235 0.41176470588235 0.41666666666667 0.45454545454545 0.38461538461538 0.5 0.4 
1262307104 0.5 0.090909090909091 1 0.44444444444444 0.44444444444444 0.41176470588235 0.44444444444444 0.41176470588235 0.41666666666667 0.53846153846154 0.38461538461538 0.5 0.4 
1262307117 0.5 0.090909090909091 1 0.44444444444444 0.44444444444444 0.41176470588235 0.44444444444444 0.41176470588235 0.41666666666667 0.53846153846154 0.38461538461538 0.5 0.4 
1262307128 0.5 0.090909090909091 1 0.44444444444444 0.44444444444444 0.41176470588235 0.44444444444444 0.41176470588235 0.41666666666667 0.53846153846154 0.38461538461538 0.5 0.4 
1262307139 0.5 0.090909090909091 1 0.44444444444444 0.44444444444444 0.41176470588235 0.44444444444444 0.44444444444444 0.41666666666667 0.53846153846154 0.38461538461538 0.5 0.4 
1262307141 0.5 0.33333333333333 1 0.44444444444444 0.44444444444444 0.41176470588235 0.44444444444444 0.44444444444444 0.41666666666667 0.53846153846154 0.38461538461538 0.5 0.4 
1262307190 0.5 0.33333333333333 1 0.44444444444444 0.44444444444444 0.41176470588235 0.44444444444444 0.44444444444444 0.41666666666667 0.53846153846154 0.38461538461538 0.5 0.4 
1262307197 0.5 0.33333333333333 1 0.44444444444444 0.44444444444444 0.41176470588235 0.44444444444444 0.44444444444444 0.41666666666667 0.53846153846154 0.38461538461538 0.5 0.4 
1262307204 0.5 0.33333333333333 1 0.44444444444444 0.44444444444444 0.41176470588235 0.44444444444444 0.44444444444444 0.41666666666667 0.46666666666667 0.38461538461538 0.5 0.4 
1262307217 0.5 0.33333333333333 1 0.44444444444444 0.44444444444444 0.41176470588235 0.44444444444444 0.44444444444444 0.41666666666667 0.46666666666667 0.38461538461538 0.5 0.4 
1262307228 0.5 0.33333333333333 1 0.44444444444444 0.44444444444444 0.41176470588235 0.44444444444444 0.44444444444444 0.41666666666667 0.46666666666667 0.38461538461538 0.5 0.4 
1262307239 0.5 0.33333333333333 1 0.44444444444444 0.44444444444444 0.41176470588235 0.44444444444444 0.44444444444444 0.41666666666667 0.46666666666667 0.38461538461538 0.5 0.4 
1262307241 0.5 0.33333333333333 1 0.44444444444444 0.44444444444444 0.41176470588235 0.44444444444444 0.44444444444444 0.41666666666667 0.46666666666667 0.38461538461538 0.5 0.4 
1262307290 0.5 0.33333333333333 1 0.44444444444444 0.44444444444444 0.44444444444444 0.44444444444444 0.44444444444444 0.41666666666667 0.46666666666667 0.38461538461538 0.5 0.4 
1262307297 0.5 0.33333333333333 1 0.44444444444444 0.44444444444444 0.44444444444444 0.44444444444444 0.44444444444444 0.41666666666667 0.46666666666667 0.38461538461538 0.5 0.4 
1262307304 0.5 0.33333333333333 1 0.44444444444444 0.44444444444444 0.44444444444444 0.44444444444444 0.44444444444444 0.41666666666667 0.46666666666667 0.4 0.5 0.4 
1262307317 0.5 0.33333333333333 1 0.44444444444444 0.44444444444444 0.44444444444444 0.44444444444444 0.44444444444444 0.41666666666667 0.46666666666667 0.4 0.5 0.5 
1262307328 0.5 0.33333333333333 1 0.44444444444444 0.44444444444444 0.44444444444444 0.44444444444444 0.44444444444444 0.41666666666667 0.46666666666667 0.4 0.5 0.5 
1262307339 0.5 0.33333333333333 1 0.44444444444444 0.44444444444444 0.44444444444444 0.44444444444444 0.44444444444444 0.41666666666667 0.46666666666667 0.4 0.5 0.5 
1262307341 0.5 0.41176470588235 1 0.44444444444444 0.44444444444444 0.44444444444444 0.44444444444444 0.44444444444444 0.41666666666667 0.46666666666667 0.4 0.5 0.5 
1262307390 0.5 0.41176470588235 1 0.44444444444444 0.44444444444444 0.44444444444444 0.44444444444444 0.44444444444444 0.41666666666667 0.46666666666667 0.4 0.5 0.5 
1262307397 0.5 0.41176470588235 1 0.44444444444444 0.44444444444444 0.44444444444444 0.44444444444444 0.44444444444444 0.41666666666667 0.46666666666667 0.4 0.5 0.5 
1262307404 0.5 0.41176470588235 1 0.44444444444444 0.44444444444444 0.44444444444444 0.44444444444444 0.44444444444444 0.41666666666667 0.46666666666667 0.41176470588235 0.5 0.5 
1262307417 0.5 0.41176470588235 1 0.44444444444444 0.44444444444444 0.44444444444444 0.44444444444444 0.44444444444444 0.41666666666667 0.46666666666667 0.41176470588235 0.5 0.53846153846154 
1262307428 0.5 0.41176470588235 1 0.44444444444444 0.44444444444444 0.44444444444444 0.44444444444444 0.44444444444444 0.41666666666667 0.46666666666667 0.41176470588235 0.5 0.53846153846154 
1262307439 0.5 0.41176470588235 1 0.44444444444444 0.44444444444444 0.44444444444444 0.44444444444444 0.44444444444444 0.41666666666667 0.46666666666667 0.41176470588235 0.5 0.53846153846154 
1262307441 0.5 0.44444444444444 1 0.44444444444444 0.44444444444444 0.44444444444444 0.44444444444444 0.44444444444444 0.41666666666667 0.46666666666667 0.41176470588235 0.5 0.53846153846154 
1262307490 0.5 0.44444444444444 1 0.44444444444444 0.44444444444444 0.44444444444444 0.44444444444444 0.44444444444444 0.41666666666667 0.46666666666667 0.41176470588235 0.5 0.53846153846154 
1262307497 0.5 0.44444444444444 1 0.44444444444444 0.44444444444444 0.44444444444444 0.44444444444444 0.44444444444444 0.41666666666667 0.46666666666667 0.41176470588235 0.5 0.53846153846154 
1262307504 0.5 0.44444444444444 1 0.44444444444444 0.44444444444444 0.44444444444444 0.44444444444444 0.44444444444444 0.41666666666667 0.46666666666667 0.41176470588235 0.5 0.53846153846154 
1262307507 0.5 0.44444444444444 1 0.44444444444444 0.44444444444444 0.44444444444444 0.44444444444444 0.44444444444444 0.41666666666667 0.46666666666667 0.41176470588235 0.5 0.53846153846154 
1262307517 0.5 0.44444444444444 1 0.44444444444444 0.44444444444444 0.44444444444444 0.44444444444444 0.44444444444444 0.41666666666667 0.46666666666667 0.41176470588235 0.5 0.53846153846154 
1262307528 0.5 0.44444444444444 1 0.47368421052632 0.44444444444444 0.44444444444444 0.44444444444444 0.44444444444444 0.41666666666667 0.46666666666667 0.41176470588235 0.5 0.53846153846154 
1262307539 0.5 0.44444444444444 1 0.47368421052632 0.44444444444444 0.44444444444444 0.44444444444444 0.44444444444444 0.41666666666667 0.46666666666667 0.41176470588235 0.5 0.53846153846154 
1262307541 0.5 0.44444444444444 1 0.47368421052632 0.44444444444444 0.44444444444444 0.44444444444444 0.44444444444444 0.41666666666667 0.46666666666667 0.41176470588235 0.5 0.53846153846154 
1262307590 0.5 0.44444444444444 1 0.47368421052632 0.44444444444444 0.44444444444444 0.44444444444444 0.44444444444444 0.41666666666667 0.46666666666667 0.41176470588235 0.5 0.53846153846154 
1262307597 0.5 0.44444444444444 1 0.47368421052632 0.44444444444444 0.44444444444444 0.44444444444444 0.44444444444444 0.42857142857143 0.46666666666667 0.41176470588235 0.5 0.53846153846154 
1262307604 0.5 0.44444444444444 1 0.47368421052632 0.44444444444444 0.44444444444444 0.44444444444444 0.44444444444444 0.42857142857143 0.46666666666667 0.41176470588235 0.5 0.53846153846154 
1262307607 0.5 0.44444444444444 1 0.47368421052632 0.44444444444444 0.44444444444444 0.44444444444444 0.44444444444444 0.42857142857143 0.46666666666667 0.41176470588235 0.5 0.53846153846154 
1262307617 0.5 0.44444444444444 1 0.47368421052632 0.44444444444444 0.44444444444444 0.44444444444444 0.44444444444444 0.42857142857143 0.46666666666667 0.41176470588235 0.5 0.53846153846154 
1262307628 0.5 0.44444444444444 1 0.47368421052632 0.44444444444444 0.44444444444444 0.44444444444444 0.44444444444444 0.42857142857143 0.46666666666667 0.41176470588235 0.5 0.53846153846154 
1262307639 0.5 0.44444444444444 1 0.47368421052632 0.44444444444444 0.44444444444444 0.44444444444444 0.44444444444444 0.42857142857143 0.46666666666667 0.41176470588235 0.5 0.53846153846154 
1262307641 0.5 0.44444444444444 1 0.47368421052632 0.44444444444444 0.44444444444444 0.44444444444444 0.44444444444444 0.42857142857143 0.46666666666667 0.41176470588235 0.5 0.53846153846154 
1262307690 0.5 0.44444444444444 1 0.47368421052632 0.44444444444444 0.44444444444444 0.44444444444444 0.44444444444444 0.42857142857143 0.46666666666667 0.41176470588235 0.5 0.53846153846154 
1262307697 0.5 0.44444444444444 1 0.47368421052632 0.44444444444444 0.44444444444444 0.44444444444444 0.44444444444444 0.42857142857143 0.46666666666667 0.41176470588235 0.5 0.53846153846154 
1262307704 0.5 0.44444444444444 1 0.47368421052632 0.5 0.44444444444444 0.5 0.44444444444444 0.42857142857143 0.46666666666667 0.41176470588235 0.5 0.53846153846154 
1262307707 0.5 0.44444444444444 1 0.47368421052632 0.5 0.44444444444444 0.5 0.44444444444444 0.42857142857143 0.46666666666667 0.41176470588235 0.5 0.53846153846154 
1262307717 0.5 0.44444444444444 1 0.47368421052632 0.5 0.44444444444444 0.5 0.44444444444444 0.42857142857143 0.46666666666667 0.41176470588235 0.5 0.57142857142857 
1262307728 0.5 0.44444444444444 1 0.47368421052632 0.5 0.44444444444444 0.5 0.44444444444444 0.42857142857143 0.46666666666667 0.41176470588235 0.5 0.57142857142857 
1262307739 0.5 0.44444444444444 1 0.47368421052632 0.5 0.44444444444444 0.5 0.44444444444444 0.42857142857143 0.46666666666667 0.41176470588235 0.5 0.57142857142857 
1262307741 0.5 0.44444444444444 1 0.47368421052632 0.5 0.44444444444444 0.5 0.44444444444444 0.42857142857143 0.46666666666667 0.41176470588235 0.5 0.57142857142857 
1262307790 0.5 0.44444444444444 1 0.47368421052632 0.5 0.44444444444444 0.5 0.44444444444444 0.42857142857143 0.46666666666667 0.41176470588235 0.5 0.57142857142857 
1262307797 0.5 0.44444444444444 1 0.47368421052632 0.5 0.44444444444444 0.5 0.44444444444444 0.42857142857143 0.46666666666667 0.41176470588235 0.5 0.57142857142857 
1262307804 0.5 0.44444444444444 1 0.47368421052632 0.5 0.44444444444444 0.5 0.44444444444444 0.42857142857143 0.46666666666667 0.41176470588235 0.5 0.57142857142857 
1262307807 0.5 0.44444444444444 1 0.47368421052632 0.5 0.44444444444444 0.5 0.44444444444444 0.42857142857143 0.46666666666667 0.41176470588235 0.5 0.57142857142857 
1262307817 0.5 0.44444444444444 1 0.47368421052632 0.5 0.44444444444444 0.5 0.44444444444444 0.42857142857143 0.46666666666667 0.41176470588235 0.5 0.57142857142857 
1262307828 0.5 0.44444444444444 1 0.47368421052632 0.5 0.44444444444444 0.5 0.44444444444444 0.42857142857143 0.46666666666667 0.41176470588235 0.5 0.57142857142857 
1262307839 0.5 0.44444444444444 1 0.47368421052632 0.5 0.44444444444444 0.5 0.47368421052632 0.42857142857143 0.46666666666667 0.41176470588235 0.5 0.57142857142857 
1262307841 0.5 0.44444444444444 1 0.47368421052632 0.5 0.44444444444444 0.5 0.47368421052632 0.42857142857143 0.46666666666667 0.41176470588235 0.5 0.57142857142857 
1262307890 0.5 0.44444444444444 1 0.47368421052632 0.5 0.47368421052632 0.5 0.47368421052632 0.42857142857143 0.46666666666667 0.41176470588235 0.5 0.57142857142857 
1262307897 0.5 0.44444444444444 1 0.47368421052632 0.5 0.47368421052632 0.5 0.47368421052632 0.42857142857143 0.46666666666667 0.41176470588235 0.5 0.57142857142857 
1262307904 0.5 0.44444444444444 1 0.47368421052632 0.5 0.47368421052632 0.5 0.47368421052632 0.42857142857143 0.46666666666667 0.41176470588235 0.5 0.57142857142857 
1262307907 0.5 0.44444444444444 1 0.47368421052632 0.5 0.47368421052632 0.5 0.47368421052632 0.42857142857143 0.46666666666667 0.41176470588235 0.5 0.57142857142857 
1262307917 0.5 0.44444444444444 1 0.47368421052632 0.5 0.47368421052632 0.5 0.47368421052632 0.42857142857143 0.46666666666667 0.41176470588235 0.5 0.57142857142857 
1262307928 0.5 0.44444444444444 1 0.47368421052632 0.5 0.47368421052632 0.5 0.47368421052632 0.42857142857143 0.46666666666667 0.41176470588235 0.5 0.57142857142857 
1262307939 0.5 0.44444444444444 1 0.47368421052632 0.5 0.47368421052632 0.5 0.47368421052632 0.42857142857143 0.46666666666667 0.41176470588235 0.5 0.57142857142857 
1262307941 0.5 0.44444444444444 1 0.47368421052632 0.5 0.47368421052632 0.5 0.47368421052632 0.42857142857143 0.46666666666667 0.41176470588235 0.5 0.57142857142857 
1262307990 0.5 0.44444444444444 1 0.47368421052632 0.5 0.47368421052632 0.5 0.47368421052632 0.42857142857143 0.46666666666667 0.41176470588235 0.5 0.57142857142857 
1262307997 0.5 0.44444444444444 1 0.47368421052632 0.5 0.47368421052632 0.5 0.47368421052632 0.42857142857143 0.46666666666667 0.41176470588235 0.5 0.57142857142857 
1262308004 0.5 0.44444444444444 1 0.47368421052632 0.5 0.47368421052632 0.5 0.47368421052632 0.42857142857143 0.46666666666667 0.41176470588235 0.5 0.57142857142857 
1262308007 0.5 0.44444444444444 1 0.47368421052632 0.5 0.47368421052632 0.5 0.47368421052632 0.42857142857143 0.46666666666667 0.41176470588235 0.5 0.57142857142857 
1262308017 0.5 0.44444444444444 1 0.47368421052632 0.5 0.47368421052632 0.5 0.47368421052632 0.42857142857143 0.46666666666667 0.41176470588235 0.5 0.57142857142857 
1262308028 0.5 0.44444444444444 1 0.47368421052632 0.5 0.47368421052632 0.5 0.47368421052632 0.42857142857143 0.46666666666667 0.41176470588235 0.5 0.57142857142857 
1262308039 0.5 0.44444444444444 1 0.47368421052632 0.5 0.47368421052632 0.5 0.47368421052632 0.42857142857143 0.46666666666667 0.41176470588235 0.5 0.57142857142857 
1262308041 0.5 0.47368421052632 1 0.47368421052632 0.5 0.47368421052632 0.5 0.47368421052632 0.42857142857143 0.46666666666667 0.41176470588235 0.5 0.57142857142857 
1262308090 0.5 0.47368421052632 1 0.47368421052632 0.5 0.5 0.5 0.47368421052632 0.42857142857143 0.46666666666667 0.41176470588235 0.5 0.57142857142857 
1262308097 0.5 0.47368421052632 1 0.47368421052632 0.5 0.5 0.5 0.47368421052632 0.46666666666667 0.46666666666667 0.41176470588235 0.5 0.57142857142857 
1262308104 0.5 0.47368421052632 1 0.47368421052632 0.5 0.5 0.5 0.47368421052632 0.46666666666667 0.46666666666667 0.41176470588235 0.5 0.57142857142857 
1262308117 0.5 0.47368421052632 1 0.47368421052632 0.5 0.5 0.5 0.47368421052632 0.46666666666667 0.46666666666667 0.41176470588235 0.5 0.57142857142857 
1262308128 0.5 0.47368421052632 1 0.5 0.5 0.5 0.5 0.47368421052632 0.46666666666667 0.46666666666667 0.41176470588235 0.5 0.57142857142857 
1262308139 0.5 0.47368421052632 1 0.5 0.5 0.5 0.5 0.5 0.46666666666667 0.46666666666667 0.41176470588235 0.5 0.57142857142857 
1262308141 0.5 0.5 1 0.5 0.5 0.5 0.5 0.5 0.46666666666667 0.46666666666667 0.41176470588235 0.5 0.57142857142857 
1262308190 0.5 0.5 1 0.5 0.5 0.5 0.5 0.5 0.46666666666667 0.46666666666667 0.41176470588235 0.5 0.57142857142857 
1262308197 0.5 0.5 1 0.5 0.5 0.5 0.5 0.5 0.46666666666667 0.46666666666667 0.41176470588235 0.5 0.57142857142857 
1262308204 0.5 0.5 1 0.5 0.5 0.5 0.5 0.5 0.46666666666667 0.46666666666667 0.41176470588235 0.52941176470588 0.57142857142857 
1262308217 0.5 0.5 1 0.5 0.5 0.5 0.5 0.5 0.46666666666667 0.46666666666667 0.41176470588235 0.52941176470588 0.57142857142857 
1262308228 0.5 0.5 1 0.5 0.5 0.5 0.5 0.5 0.46666666666667 0.46666666666667 0.41176470588235 0.52941176470588 0.57142857142857 
1262308239 0.5 0.5 1 0.5 0.5 0.5 0.5 0.5 0.46666666666667 0.46666666666667 0.41176470588235 0.52941176470588 0.57142857142857 
1262308241 0.5 0.5 1 0.5 0.5 0.5 0.5 0.5 0.46666666666667 0.46666666666667 0.41176470588235 0.52941176470588 0.57142857142857 
1262308252 0.5 0.5 1 0.5 0.5 0.5 0.5 0.5 0.46666666666667 0.46666666666667 0.41176470588235 0.52941176470588 0.57142857142857 
1262308290 0.5 0.5 1 0.5 0.5 0.5 0.5 0.5 0.46666666666667 0.46666666666667 0.41176470588235 0.52941176470588 0.57142857142857 
1262308297 0.5 0.5 1 0.5 0.5 0.5 0.5 0.5 0.46666666666667 0.46666666666667 0.41176470588235 0.52941176470588 0.57142857142857 
1262308304 0.5 0.5 1 0.5 0.5 0.5 0.5 0.5 0.46666666666667 0.46666666666667 0.41176470588235 0.52941176470588 0.57142857142857 
1262308317 0.5 0.5 1 0.5 0.5 0.5 0.5 0.5 0.46666666666667 0.46666666666667 0.41176470588235 0.52941176470588 0.57142857142857 
1262308328 0.5 0.5 1 0.5 0.5 0.5 0.5 0.5 0.46666666666667 0.46666666666667 0.41176470588235 0.52941176470588 0.57142857142857 
1262308339 0.5 0.5 1 0.5 0.5 0.5 0.5 0.5 0.46666666666667 0.46666666666667 0.41176470588235 0.52941176470588 0.57142857142857 
1262308341 0.5 0.5 1 0.5 0.5 0.5 0.5 0.5 0.46666666666667 0.46666666666667 0.41176470588235 0.52941176470588 0.57142857142857 
1262308352 0.5 0.5 1 0.5 0.5 0.5 0.5 0.5 0.46666666666667 0.5 0.41176470588235 0.52941176470588 0.57142857142857 
1262308390 0.5 0.5 1 0.5 0.5 0.5 0.5 0.5 0.46666666666667 0.5 0.41176470588235 0.52941176470588 0.57142857142857 
1262308397 0.5 0.5 1 0.5 0.5 0.5 0.5 0.5 0.52941176470588 0.5 0.41176470588235 0.52941176470588 0.57142857142857 
1262308404 0.5 0.5 1 0.5 0.5 0.5 0.5 0.5 0.52941176470588 0.5 0.47368421052632 0.52941176470588 0.57142857142857 
1262308413 0.5 0.5 1 0.5 0.5 0.5 0.5 0.5 0.52941176470588 0.5 0.47368421052632 0.52941176470588 0.57142857142857 
1262308417 0.5 0.5 1 0.5 0.5 0.5 0.5 0.5 0.52941176470588 0.5 0.47368421052632 0.52941176470588 0.6 
1262308428 0.5 0.5 1 0.47619047619048 0.5 0.5 0.5 0.5 0.52941176470588 0.5 0.47368421052632 0.52941176470588 0.6 
1262308439 0.5 0.5 1 0.47619047619048 0.5 0.5 0.5 0.5 0.52941176470588 0.5 0.47368421052632 0.52941176470588 0.6 
1262308441 0.5 0.5 1 0.47619047619048 0.5 0.5 0.5 0.5 0.52941176470588 0.5 0.47368421052632 0.52941176470588 0.6 
1262308452 0.5 0.5 1 0.47619047619048 0.5 0.5 0.5 0.5 0.52941176470588 0.5 0.47368421052632 0.52941176470588 0.6 
1262308490 0.5 0.5 1 0.47619047619048 0.5 0.47619047619048 0.5 0.5 0.52941176470588 0.5 0.47368421052632 0.52941176470588 0.6 
1262308497 0.5 0.5 1 0.47619047619048 0.5 0.47619047619048 0.5 0.5 0.52941176470588 0.5 0.47368421052632 0.52941176470588 0.6 
