arrived:	node2#19	1
arrived:	node3#9	1
arrived:	node2#3	1
arrived:	node3#5	1
arrived:	node2#1	1
arrived:	node3#25	1
arrived:	node2#5	1
arrived:	node2#20	1
arrived:	node2#2	1
arrived:	node3#4	1
arrived:	node3#2	1
arrived:	node3#1	1
arrived:	node2#4	1
arrived:	node3#3	1
arrived:	node2#30	1
arrived:	node3#7	1
NOTIFS:
node3	:	60	sent
node2	:	60	sent
SUBS:
on	node2
	node2	:	8	received
on	node3
	node3	:	8	received
1262304604 0.5 - - 0.5 - - 0.5 - - - - - - 
1262304704 0.5 - - 0.5 - - 0.5 0.5 - - - - - 
1262304804 0.5 - - 0.5 0.5 - 0.5 0.5 - - - - - 
1262304904 0.5 0 - 0.5 0.5 0.5 0.5 0.5 - 0.66666666666667 - - - 
1262305004 0.5 0 - 0.5 0.5 0.5 0.5 0.5 - 0.66666666666667 - - - 
1262305104 0.5 0 - 0.5 0.5 0.5 0.5 0.5 - 0.66666666666667 0.5 - - 
1262305204 0.5 0 - 0.5 0.5 0.5 0.5 0.5 - 0.66666666666667 0.5 - - 
1262305304 0.5 0 - 0.5 0.5 0.45454545454545 0.45454545454545 0.5 - 0.66666666666667 0.5 - - 
1262305404 0.5 0 - 0.45454545454545 0.5 0.45454545454545 0.45454545454545 0.45454545454545 - 0.66666666666667 0.5 - - 
1262305504 0.5 0 - 0.45454545454545 0.45454545454545 0.45454545454545 0.45454545454545 0.45454545454545 - 0.66666666666667 0.5 - - 
1262305604 0.5 0 - 0.45454545454545 0.5 0.45454545454545 0.45454545454545 0.45454545454545 - 0.66666666666667 0.5 - - 
1262305704 0.5 0 - 0.45454545454545 0.5 0.45454545454545 0.45454545454545 0.45454545454545 0.45454545454545 0.66666666666667 0.5 - - 
1262305733 0.5 0 - 0.45454545454545 0.5 0.45454545454545 0.45454545454545 0.45454545454545 0.45454545454545 0.66666666666667 0.5 - - 
1262305804 0.5 0 - 0.45454545454545 0.5 0.45454545454545 0.45454545454545 0.45454545454545 0.45454545454545 0.66666666666667 0.5 1 1 
1262305833 0.5 0 - 0.45454545454545 0.5 0.45454545454545 0.45454545454545 0.45454545454545 0.45454545454545 0.75 0.5 1 1 
1262305904 0.5 0 1 0.5 0.5 0.45454545454545 0.45454545454545 0.5 0.45454545454545 0.75 0.5 1 1 
1262305933 0.5 0 1 0.5 0.5 0.45454545454545 0.45454545454545 0.5 0.45454545454545 0.75 0.5 1 1 
1262306004 0.5 0 1 0.5 0.5 0.45454545454545 0.5 0.5 0.45454545454545 0.75 0.5 1 1 
1262306033 0.5 0 1 0.5 0.5 0.45454545454545 0.5 0.5 0.45454545454545 0.75 0.5 1 1 
1262306104 0.5 0 1 0.5 0.5 0.45454545454545 0.5 0.46153846153846 0.45454545454545 0.75 0.5 1 1 
1262306133 0.5 0 1 0.5 0.5 0.45454545454545 0.5 0.46153846153846 0.45454545454545 0.75 0.5 1 1 
1262306204 0.5 0 1 0.46153846153846 0.5 0.5 0.5 0.46153846153846 0.45454545454545 0.75 0.5 1 1 
1262306233 0.5 0 1 0.46153846153846 0.5 0.5 0.5 0.46153846153846 0.45454545454545 0.75 0.5 1 1 
1262306304 0.5 0 1 0.46153846153846 0.5 0.5 0.5 0.46153846153846 0.45454545454545 0.75 0.5 1 1 
1262306333 0.5 0 1 0.46153846153846 0.5 0.5 0.5 0.46153846153846 0.45454545454545 0.75 0.5 1 1 
1262306404 0.5 0 1 0.46153846153846 0.5 0.5 0.5 0.46153846153846 0.45454545454545 0.75 0.5 1 1 
1262306433 0.5 0 1 0.46153846153846 0.5 0.5 0.5 0.46153846153846 0.45454545454545 0.75 0.5 1 1 
1262306504 0.5 0 1 0.46153846153846 0.46153846153846 0.46153846153846 0.46153846153846 0.46153846153846 0.45454545454545 0.75 0.5 1 1 
1262306533 0.5 0 1 0.46153846153846 0.46153846153846 0.46153846153846 0.46153846153846 0.46153846153846 0.45454545454545 0.44444444444444 0.5 1 1 
1262306539 0.5 0 1 0.46153846153846 0.46153846153846 0.46153846153846 0.46153846153846 0.46153846153846 0.45454545454545 0.44444444444444 0.5 1 1 
1262306604 0.5 0 1 0.46153846153846 0.46153846153846 0.46153846153846 0.46153846153846 0.46153846153846 0.45454545454545 0.44444444444444 0.46153846153846 1 1 
1262306639 0.5 0 1 0.46153846153846 0.46153846153846 0.46153846153846 0.46153846153846 0.46153846153846 0.45454545454545 0.44444444444444 0.46153846153846 1 1 
1262306704 0.5 0 1 0.46153846153846 0.46153846153846 0.46153846153846 0.46153846153846 0.46153846153846 0.45454545454545 0.44444444444444 0.46153846153846 1 1 
1262306739 0.5 0 1 0.46153846153846 0.46153846153846 0.46153846153846 0.46153846153846 0.46153846153846 0.45454545454545 0.44444444444444 0.46153846153846 1 1 
1262306751 0.5 0 1 0.46153846153846 0.46153846153846 0.46153846153846 0.46153846153846 0.46153846153846 0.45454545454545 0.44444444444444 0.46153846153846 1 1 
1262306804 0.5 0 1 0.46153846153846 0.46153846153846 0.46153846153846 0.46153846153846 0.46153846153846 0.45454545454545 0.44444444444444 0.46153846153846 0.33333333333333 1 
1262306839 0.5 0 1 0.46153846153846 0.46153846153846 0.46153846153846 0.46153846153846 0.46153846153846 0.45454545454545 0.44444444444444 0.46153846153846 0.33333333333333 1 
1262306851 0.5 0 1 0.46153846153846 0.46153846153846 0.46153846153846 0.46153846153846 0.46153846153846 0.45454545454545 0.44444444444444 0.46153846153846 0.33333333333333 1 
1262306904 0.5 0 1 0.42857142857143 0.42857142857143 0.42857142857143 0.46153846153846 0.46153846153846 0.41666666666667 0.44444444444444 0.46153846153846 0.33333333333333 1 
1262306939 0.5 0 1 0.42857142857143 0.42857142857143 0.42857142857143 0.46153846153846 0.46153846153846 0.41666666666667 0.44444444444444 0.46153846153846 0.33333333333333 1 
1262306951 0.5 0 1 0.42857142857143 0.42857142857143 0.42857142857143 0.46153846153846 0.46153846153846 0.41666666666667 0.44444444444444 0.46153846153846 0.33333333333333 1 
1262307004 0.5 0 1 0.42857142857143 0.42857142857143 0.42857142857143 0.46153846153846 0.46153846153846 0.41666666666667 0.44444444444444 0.46153846153846 0.33333333333333 0.33333333333333 
1262307039 0.5 0 1 0.42857142857143 0.42857142857143 0.42857142857143 0.46153846153846 0.46153846153846 0.41666666666667 0.44444444444444 0.46153846153846 0.33333333333333 0.33333333333333 
1262307051 0.5 0 1 0.42857142857143 0.42857142857143 0.42857142857143 0.46153846153846 0.46153846153846 0.41666666666667 0.44444444444444 0.46153846153846 0.33333333333333 0.33333333333333 
1262307104 0.5 0 1 0.42857142857143 0.42857142857143 0.42857142857143 0.42857142857143 0.42857142857143 0.46153846153846 0.44444444444444 0.46153846153846 0.33333333333333 0.5 
1262307139 0.5 0 1 0.42857142857143 0.42857142857143 0.42857142857143 0.42857142857143 0.42857142857143 0.46153846153846 0.44444444444444 0.46153846153846 0.33333333333333 0.5 
1262307151 0.5 0 1 0.42857142857143 0.42857142857143 0.42857142857143 0.42857142857143 0.42857142857143 0.46153846153846 0.44444444444444 0.46153846153846 0.33333333333333 0.5 
1262307204 0.5 0 1 0.42857142857143 0.42857142857143 0.42857142857143 0.42857142857143 0.42857142857143 0.46153846153846 0.44444444444444 0.46153846153846 0.44444444444444 0.5 
1262307239 0.5 0 1 0.42857142857143 0.42857142857143 0.42857142857143 0.42857142857143 0.42857142857143 0.46153846153846 0.44444444444444 0.46153846153846 0.44444444444444 0.5 
1262307251 0.5 0 1 0.42857142857143 0.42857142857143 0.42857142857143 0.42857142857143 0.42857142857143 0.46153846153846 0.44444444444444 0.46153846153846 0.44444444444444 0.5 
1262307304 0.5 0 1 0.42857142857143 0.42857142857143 0.42857142857143 0.42857142857143 0.42857142857143 0.46153846153846 0.44444444444444 0.46153846153846 0.44444444444444 0.5 
1262307339 0.5 0 1 0.42857142857143 0.42857142857143 0.42857142857143 0.42857142857143 0.42857142857143 0.46153846153846 0.44444444444444 0.46153846153846 0.44444444444444 0.5 
1262307351 0.5 0 1 0.42857142857143 0.42857142857143 0.42857142857143 0.42857142857143 0.42857142857143 0.46153846153846 0.44444444444444 0.46153846153846 0.44444444444444 0.5 
1262307404 0.5 0 1 0.42857142857143 0.42857142857143 0.42857142857143 0.42857142857143 0.42857142857143 0.42857142857143 0.44444444444444 0.42857142857143 0.44444444444444 0.4 
1262307435 0.5 0 1 0.42857142857143 0.42857142857143 0.42857142857143 0.42857142857143 0.42857142857143 0.42857142857143 0.44444444444444 0.42857142857143 0.44444444444444 0.4 
1262307439 0.5 0 1 0.42857142857143 0.42857142857143 0.42857142857143 0.42857142857143 0.42857142857143 0.42857142857143 0.44444444444444 0.42857142857143 0.44444444444444 0.4 
1262307446 0.5 0 1 0.42857142857143 0.42857142857143 0.42857142857143 0.42857142857143 0.42857142857143 0.42857142857143 0.44444444444444 0.42857142857143 0.44444444444444 0.4 
1262307451 0.5 0 1 0.42857142857143 0.42857142857143 0.42857142857143 0.42857142857143 0.42857142857143 0.42857142857143 0.44444444444444 0.42857142857143 0.44444444444444 0.4 
1262307504 0.5 0 1 0.42857142857143 0.42857142857143 0.42857142857143 0.42857142857143 0.42857142857143 0.42857142857143 0.44444444444444 0.42857142857143 0.44444444444444 0.4 
1262307535 0.5 0 1 0.42857142857143 0.42857142857143 0.42857142857143 0.42857142857143 0.46666666666667 0.42857142857143 0.44444444444444 0.42857142857143 0.44444444444444 0.4 
1262307539 0.5 0 1 0.42857142857143 0.42857142857143 0.42857142857143 0.42857142857143 0.46666666666667 0.42857142857143 0.44444444444444 0.42857142857143 0.44444444444444 0.4 
1262307546 0.5 0 1 0.42857142857143 0.42857142857143 0.42857142857143 0.46666666666667 0.46666666666667 0.42857142857143 0.44444444444444 0.42857142857143 0.44444444444444 0.4 
1262307551 0.5 0 1 0.42857142857143 0.42857142857143 0.42857142857143 0.46666666666667 0.46666666666667 0.42857142857143 0.44444444444444 0.42857142857143 0.44444444444444 0.4 
1262307604 0.5 0 1 0.42857142857143 0.42857142857143 0.42857142857143 0.46666666666667 0.46666666666667 0.42857142857143 0.44444444444444 0.42857142857143 0.44444444444444 0.4 
1262307635 0.5 0 1 0.42857142857143 0.42857142857143 0.42857142857143 0.46666666666667 0.46666666666667 0.42857142857143 0.44444444444444 0.42857142857143 0.44444444444444 0.4 
1262307639 0.5 0 1 0.42857142857143 0.42857142857143 0.42857142857143 0.46666666666667 0.46666666666667 0.42857142857143 0.44444444444444 0.42857142857143 0.44444444444444 0.4 
1262307646 0.5 0 1 0.42857142857143 0.42857142857143 0.42857142857143 0.46666666666667 0.46666666666667 0.42857142857143 0.44444444444444 0.42857142857143 0.44444444444444 0.4 
1262307651 0.5 0 1 0.42857142857143 0.42857142857143 0.42857142857143 0.46666666666667 0.46666666666667 0.42857142857143 0.4 0.42857142857143 0.44444444444444 0.4 
1262307704 0.5 0 1 0.42857142857143 0.42857142857143 0.42857142857143 0.46666666666667 0.46666666666667 0.42857142857143 0.4 0.42857142857143 0.44444444444444 0.4 
1262307735 0.5 0 1 0.42857142857143 0.42857142857143 0.42857142857143 0.46666666666667 0.5 0.42857142857143 0.4 0.42857142857143 0.44444444444444 0.4 
1262307739 0.5 0 1 0.42857142857143 0.42857142857143 0.42857142857143 0.46666666666667 0.5 0.42857142857143 0.4 0.42857142857143 0.44444444444444 0.4 
1262307746 0.5 0 1 0.42857142857143 0.42857142857143 0.42857142857143 0.46666666666667 0.5 0.42857142857143 0.4 0.42857142857143 0.44444444444444 0.4 
1262307751 0.5 0 1 0.42857142857143 0.42857142857143 0.42857142857143 0.46666666666667 0.5 0.42857142857143 0.4 0.42857142857143 0.44444444444444 0.4 
1262307804 0.5 0 1 0.46666666666667 0.46666666666667 0.42857142857143 0.46666666666667 0.5 0.42857142857143 0.4 0.42857142857143 0.44444444444444 0.4 
1262307835 0.5 0 1 0.46666666666667 0.46666666666667 0.42857142857143 0.46666666666667 0.5 0.42857142857143 0.4 0.42857142857143 0.44444444444444 0.4 
1262307846 0.5 0 1 0.46666666666667 0.46666666666667 0.42857142857143 0.46666666666667 0.5 0.42857142857143 0.4 0.42857142857143 0.44444444444444 0.4 
1262307904 0.5 0 1 0.46666666666667 0.5 0.42857142857143 0.46666666666667 0.5 0.42857142857143 0.4 0.42857142857143 0.44444444444444 0.4 
1262307935 0.5 0 1 0.46666666666667 0.5 0.42857142857143 0.46666666666667 0.5 0.42857142857143 0.4 0.42857142857143 0.44444444444444 0.4 
1262307937 0.5 0 1 0.46666666666667 0.5 0.42857142857143 0.46666666666667 0.5 0.42857142857143 0.4 0.42857142857143 0.44444444444444 0.4 
1262307946 0.5 0 1 0.46666666666667 0.5 0.42857142857143 0.46666666666667 0.5 0.42857142857143 0.4 0.42857142857143 0.44444444444444 0.4 
1262307975 0.5 0 1 0.46666666666667 0.5 0.42857142857143 0.46666666666667 0.5 0.42857142857143 0.4 0.42857142857143 0.44444444444444 0.4 
1262308004 0.5 0 1 0.5 0.5 0.46666666666667 0.46666666666667 0.5 0.42857142857143 0.4 0.42857142857143 0.44444444444444 0.4 
1262308035 0.5 0 1 0.5 0.5 0.46666666666667 0.46666666666667 0.5 0.42857142857143 0.4 0.42857142857143 0.44444444444444 0.4 
1262308037 0.5 0 1 0.5 0.5 0.46666666666667 0.46666666666667 0.5 0.42857142857143 0.4 0.42857142857143 0.44444444444444 0.4 
1262308046 0.5 0 1 0.5 0.5 0.46666666666667 0.5 0.5 0.42857142857143 0.4 0.42857142857143 0.44444444444444 0.4 
1262308075 0.5 0 1 0.5 0.5 0.46666666666667 0.5 0.5 0.42857142857143 0.4 0.42857142857143 0.44444444444444 0.4 
1262308104 0.5 0 1 0.5 0.5 0.46666666666667 0.5 0.5 0.42857142857143 0.4 0.42857142857143 0.44444444444444 0.4 
1262308135 0.5 0 1 0.5 0.5 0.46666666666667 0.5 0.5 0.42857142857143 0.4 0.42857142857143 0.44444444444444 0.4 
1262308137 0.5 0 1 0.5 0.5 0.46666666666667 0.5 0.5 0.42857142857143 0.4 0.42857142857143 0.44444444444444 0.4 
1262308146 0.5 0 1 0.5 0.5 0.46666666666667 0.5 0.5 0.42857142857143 0.4 0.42857142857143 0.44444444444444 0.4 
1262308175 0.5 0 1 0.5 0.5 0.46666666666667 0.5 0.5 0.42857142857143 0.4 0.42857142857143 0.44444444444444 0.4 
1262308204 0.5 0 1 0.47058823529412 0.5 0.5 0.5 0.5 0.42857142857143 0.4 0.42857142857143 0.44444444444444 0.4 
1262308235 0.5 0 1 0.47058823529412 0.5 0.5 0.5 0.5 0.42857142857143 0.4 0.42857142857143 0.44444444444444 0.4 
1262308237 0.5 0 1 0.47058823529412 0.5 0.5 0.5 0.5 0.42857142857143 0.4 0.42857142857143 0.44444444444444 0.4 
1262308246 0.5 0 1 0.47058823529412 0.5 0.5 0.5 0.5 0.42857142857143 0.4 0.42857142857143 0.44444444444444 0.4 
1262308275 0.5 0 1 0.47058823529412 0.5 0.5 0.5 0.5 0.42857142857143 0.4 0.42857142857143 0.44444444444444 0.4 
1262308304 0.5 0 1 0.47058823529412 0.5 0.47058823529412 0.5 0.5 0.42857142857143 0.4 0.42857142857143 0.44444444444444 0.4 
1262308335 0.5 0 1 0.47058823529412 0.5 0.47058823529412 0.5 0.5 0.42857142857143 0.4 0.42857142857143 0.44444444444444 0.4 
1262308337 0.5 0 1 0.47058823529412 0.5 0.47058823529412 0.5 0.5 0.42857142857143 0.4 0.42857142857143 0.44444444444444 0.4 
1262308346 0.5 0 1 0.47058823529412 0.5 0.47058823529412 0.5 0.5 0.42857142857143 0.4 0.42857142857143 0.44444444444444 0.4 
1262308375 0.5 0 1 0.47058823529412 0.5 0.47058823529412 0.5 0.5 0.42857142857143 0.4 0.42857142857143 0.44444444444444 0.4 
1262308404 0.5 0 1 0.47058823529412 0.5 0.47058823529412 0.5 0.5 0.42857142857143 0.4 0.42857142857143 0.44444444444444 0.4 
1262308435 0.5 0 1 0.47058823529412 0.5 0.47058823529412 0.5 0.47058823529412 0.42857142857143 0.4 0.42857142857143 0.44444444444444 0.4 
1262308437 0.5 0 1 0.47058823529412 0.5 0.47058823529412 0.5 0.47058823529412 0.42857142857143 0.4 0.42857142857143 0.44444444444444 0.4 
1262308446 0.5 0 1 0.47058823529412 0.5 0.47058823529412 0.44444444444444 0.47058823529412 0.42857142857143 0.4 0.42857142857143 0.44444444444444 0.4 
1262308462 0.5 0 1 0.47058823529412 0.5 0.47058823529412 0.44444444444444 0.47058823529412 0.42857142857143 0.4 0.42857142857143 0.44444444444444 0.4 
1262308475 0.5 0 1 0.47058823529412 0.5 0.47058823529412 0.44444444444444 0.47058823529412 0.42857142857143 0.4 0.42857142857143 0.44444444444444 0.4 
