arrived:	node1#1	1
arrived:	node1#3	1
arrived:	node3#7	1
arrived:	node3#9	1
arrived:	node1#14	1
arrived:	node1#7	1
arrived:	node3#17	1
arrived:	node3#4	1
arrived:	node1#4	1
arrived:	node1#38	1
arrived:	node1#24	1
arrived:	node3#5	1
arrived:	node3#3	1
arrived:	node3#27	1
arrived:	node3#22	1
arrived:	node3#30	1
arrived:	node3#6	1
arrived:	node3#2	1
arrived:	node3#1	1
arrived:	node1#6	1
arrived:	node1#19	1
arrived:	node1#5	1
arrived:	node1#2	1
NOTIFS:
node1	:	60	sent
node3	:	60	sent
SUBS:
on	node1
	node1	:	11	received
on	node3
	node3	:	12	received
1262304604 - 0.5 - 0.5 - 0.5 - 0.5 - - - - 0.5 
1262304704 - 0.5 - 0.5 - 0.5 - 0.5 0.5 - - - 0.5 
1262304804 - 0.5 - 0.5 - 0.5 - 0.5 0.5 - - - 0.5 
1262304904 0 0.5 - 0.5 - 0.5 0.5 0.5 0.5 0.45454545454545 0.45454545454545 0.45454545454545 0.55555555555556 
1262305004 0 0.5 1 0.5 0.5 0.5 0.5 0.5 0.5 0.5 0.45454545454545 0.5 0.46153846153846 
1262305104 0 0.5 1 0.5 0.5 0.5 0.5 0.5 0.5 0.5 0.45454545454545 0.5 0.46153846153846 
1262305204 0 0.5 1 0.5 0.5 0.5 0.45454545454545 0.5 0.45454545454545 0.46153846153846 0.45454545454545 0.46153846153846 0.46153846153846 
1262305304 0 0.5 1 0.5 0.45454545454545 0.5 0.45454545454545 0.45454545454545 0.46153846153846 0.46153846153846 0.45454545454545 0.46153846153846 0.46153846153846 
1262305404 0 0.5 1 0.46153846153846 0.45454545454545 0.45454545454545 0.45454545454545 0.46153846153846 0.46153846153846 0.46153846153846 0.41666666666667 0.46153846153846 0.46153846153846 
1262305504 0 0.5 1 0.42857142857143 0.45454545454545 0.45454545454545 0.41666666666667 0.5 0.46153846153846 0.46153846153846 0.38461538461538 0.46153846153846 0.46153846153846 
1262305604 0 0.5 1 0.46666666666667 0.45454545454545 0.46153846153846 0.38461538461538 0.5 0.5 0.46153846153846 0.38461538461538 0.46153846153846 0.46153846153846 
1262305704 0 0.5 1 0.46666666666667 0.38461538461538 0.46153846153846 0.38461538461538 0.5 0.46666666666667 0.42857142857143 0.38461538461538 0.46153846153846 0.46153846153846 
1262305804 0 0.5 1 0.46666666666667 0.38461538461538 0.46153846153846 0.38461538461538 0.5 0.46666666666667 0.42857142857143 0.42857142857143 0.46153846153846 0.5 
1262305904 0 0.5 1 0.47058823529412 0.38461538461538 0.5 0.38461538461538 0.5 0.46666666666667 0.42857142857143 0.42857142857143 0.46153846153846 0.5 
1262306004 0 0.5 1 0.47058823529412 0.38461538461538 0.47058823529412 0.4375 0.5 0.46666666666667 0.42857142857143 0.46666666666667 0.46666666666667 0.5 
1262306104 0 0.5 1 0.47058823529412 0.42857142857143 0.47058823529412 0.4375 0.47058823529412 0.46666666666667 0.5 0.46666666666667 0.5 0.5 
1262306204 0 0.5 1 0.47058823529412 0.46666666666667 0.47058823529412 0.4375 0.47058823529412 0.5 0.47058823529412 0.46666666666667 0.5 0.5 
1262306304 0 0.5 1 0.44444444444444 0.5 0.47058823529412 0.4375 0.5 0.47058823529412 0.5 0.5 0.5 0.5 
1262306404 0 0.5 1 0.44444444444444 0.5 0.47058823529412 0.44444444444444 0.52631578947368 0.5 0.5 0.5 0.5 0.5 
1262306504 0 0.5 1 0.44444444444444 0.5 0.47058823529412 0.44444444444444 0.52631578947368 0.5 0.5 0.47058823529412 0.5 0.5 
1262306604 0 0.5 1 0.47368421052632 0.5 0.47058823529412 0.44444444444444 0.5 0.47368421052632 0.5 0.44444444444444 0.5 0.47368421052632 
1262306704 0 0.5 1 0.47368421052632 0.5 0.47058823529412 0.44444444444444 0.5 0.45 0.45 0.47368421052632 0.5 0.42857142857143 
1262306804 0 0.5 1 0.47368421052632 0.47368421052632 0.5 0.47368421052632 0.5 0.45 0.45 0.45 0.45 0.42857142857143 
1262306904 0 0.5 1 0.5 0.47368421052632 0.5 0.47368421052632 0.5 0.45 0.45 0.42857142857143 0.42857142857143 0.42857142857143 
1262307004 0 0.5 1 0.5 0.47619047619048 0.5 0.47368421052632 0.5 0.47619047619048 0.45 0.42857142857143 0.42857142857143 0.42857142857143 
1262307104 0 0.5 1 0.5 0.47619047619048 0.5 0.47368421052632 0.5 0.45454545454545 0.42857142857143 0.45454545454545 0.42857142857143 0.42857142857143 
1262307115 0 0.5 1 0.5 0.47619047619048 0.5 0.47368421052632 0.5 0.45454545454545 0.42857142857143 0.45454545454545 0.42857142857143 0.42857142857143 
1262307204 0 0.5 1 0.52380952380952 0.45454545454545 0.5 0.47368421052632 0.5 0.5 0.42857142857143 0.47826086956522 0.45454545454545 0.42857142857143 
1262307215 0 0.5 1 0.52380952380952 0.45454545454545 0.52380952380952 0.47368421052632 0.5 0.5 0.42857142857143 0.47826086956522 0.45454545454545 0.42857142857143 
1262307216 0 0.5 1 0.52380952380952 0.45454545454545 0.52380952380952 0.47368421052632 0.5 0.5 0.42857142857143 0.47826086956522 0.45454545454545 0.42857142857143 
1262307304 0 0.5 1 0.5 0.45454545454545 0.52380952380952 0.5 0.5 0.5 0.42857142857143 0.47826086956522 0.47826086956522 0.45454545454545 
1262307315 0 0.5 1 0.5 0.45454545454545 0.5 0.5 0.5 0.5 0.42857142857143 0.47826086956522 0.47826086956522 0.45454545454545 
1262307316 0 0.5 1 0.5 0.45454545454545 0.5 0.5 0.5 0.5 0.42857142857143 0.47826086956522 0.47826086956522 0.45454545454545 
1262307404 0 0.5 1 0.5 0.43478260869565 0.5 0.5 0.5 0.5 0.42857142857143 0.47826086956522 0.5 0.47826086956522 
1262307415 0 0.5 1 0.5 0.43478260869565 0.47826086956522 0.5 0.5 0.5 0.42857142857143 0.47826086956522 0.5 0.47826086956522 
1262307416 0 0.5 1 0.5 0.43478260869565 0.47826086956522 0.5 0.5 0.5 0.42857142857143 0.47826086956522 0.5 0.47826086956522 
1262307504 0 0.5 1 0.5 0.43478260869565 0.47826086956522 0.54545454545455 0.52173913043478 0.5 0.45454545454545 0.47826086956522 0.5 0.5 
1262307515 0 0.5 1 0.5 0.43478260869565 0.47826086956522 0.54545454545455 0.52173913043478 0.5 0.45454545454545 0.47826086956522 0.5 0.5 
1262307516 0 0.5 1 0.5 0.43478260869565 0.47826086956522 0.54545454545455 0.52173913043478 0.5 0.45454545454545 0.47826086956522 0.5 0.5 
1262307604 0 0.5 1 0.5 0.45833333333333 0.47826086956522 0.56521739130435 0.52173913043478 0.5 0.47826086956522 0.47826086956522 0.48 0.5 
1262307615 0 0.5 1 0.5 0.45833333333333 0.47826086956522 0.56521739130435 0.52173913043478 0.5 0.47826086956522 0.47826086956522 0.48 0.5 
1262307616 0 0.5 1 0.5 0.45833333333333 0.47826086956522 0.56521739130435 0.52173913043478 0.5 0.47826086956522 0.47826086956522 0.48 0.5 
1262307704 0 0.5 1 0.5 0.45833333333333 0.47826086956522 0.56521739130435 0.5 0.5 0.48 0.47826086956522 0.48 0.48 
1262307716 0 0.5 1 0.5 0.45833333333333 0.47826086956522 0.56521739130435 0.5 0.5 0.48 0.47826086956522 0.48 0.48 
1262307804 0 0.5 1 0.5 0.45833333333333 0.47826086956522 0.56521739130435 0.5 0.5 0.46153846153846 0.47826086956522 0.48 0.48 
1262307816 0 0.5 1 0.5 0.45833333333333 0.47826086956522 0.56521739130435 0.5 0.5 0.46153846153846 0.47826086956522 0.48 0.48 
1262307817 0 0.5 1 0.5 0.45833333333333 0.47826086956522 0.56521739130435 0.5 0.5 0.46153846153846 0.47826086956522 0.48 0.48 
1262307904 0 0.5 0.90909090909091 0.5 0.44 0.47826086956522 0.52 0.5 0.5 0.48148148148148 0.5 0.48 0.5 
1262307916 0 0.5 0.90909090909091 0.5 0.44 0.47826086956522 0.52 0.5 0.5 0.48148148148148 0.5 0.48 0.5 
1262308004 0 0.5 0.90909090909091 0.5 0.46153846153846 0.47826086956522 0.52 0.52 0.5 0.48148148148148 0.5 0.5 0.5 
1262308016 0 0.5 0.90909090909091 0.5 0.46153846153846 0.47826086956522 0.52 0.52 0.5 0.48148148148148 0.5 0.5 0.5 
1262308075 0 0.5 0.90909090909091 0.5 0.46153846153846 0.48 0.52 0.52 0.5 0.48148148148148 0.5 0.5 0.5 
1262308104 0 0.5 0.90909090909091 0.5 0.46153846153846 0.48 0.52 0.52 0.5 0.48148148148148 0.5 0.5 0.5 
1262308116 0 0.5 0.90909090909091 0.5 0.46153846153846 0.48 0.52 0.52 0.5 0.48148148148148 0.5 0.5 0.5 
1262308175 0 0.5 0.90909090909091 0.5 0.46153846153846 0.48 0.52 0.52 0.5 0.48148148148148 0.5 0.5 0.5 
1262308204 0 0.5 0.76923076923077 0.5 0.46153846153846 0.48 0.5 0.53846153846154 0.48148148148148 0.48148148148148 0.5 0.5 0.5 
1262308216 0 0.5 0.76923076923077 0.5 0.46153846153846 0.48 0.5 0.53846153846154 0.48148148148148 0.48148148148148 0.5 0.5 0.5 
1262308275 0 0.5 0.76923076923077 0.5 0.46153846153846 0.5 0.5 0.53846153846154 0.48148148148148 0.48148148148148 0.5 0.5 0.5 
1262308304 0 0.5 0.76923076923077 0.48148148148148 0.48148148148148 0.5 0.48148148148148 0.53846153846154 0.48148148148148 0.48148148148148 0.48148148148148 0.5 0.48148148148148 
1262308316 0 0.5 0.76923076923077 0.48148148148148 0.48148148148148 0.5 0.48148148148148 0.53846153846154 0.48148148148148 0.48148148148148 0.48148148148148 0.5 0.48148148148148 
1262308375 0 0.5 0.76923076923077 0.48148148148148 0.48148148148148 0.5 0.48148148148148 0.53846153846154 0.48148148148148 0.48148148148148 0.48148148148148 0.5 0.48148148148148 
1262308404 0 0.5 0.76923076923077 0.48148148148148 0.48148148148148 0.5 0.48148148148148 0.53846153846154 0.48148148148148 0.48148148148148 0.5 0.5 0.5 
1262308410 0 0.5 0.76923076923077 0.48148148148148 0.48148148148148 0.5 0.48148148148148 0.53846153846154 0.48148148148148 0.48148148148148 0.5 0.5 0.5 
1262308475 0 0.5 0.76923076923077 0.48148148148148 0.48148148148148 0.48148148148148 0.48148148148148 0.53846153846154 0.48148148148148 0.48148148148148 0.5 0.5 0.5 
1262308494 0.090909090909091 0.5 0.76923076923077 0.48148148148148 0.48148148148148 0.48148148148148 0.48148148148148 0.53846153846154 0.48148148148148 0.48148148148148 0.5 0.5 0.5 
