arrived:	node1#1	1
arrived:	node1#5	1
arrived:	node3#7	1
arrived:	node3#9	1
arrived:	node1#14	1
arrived:	node3#25	1
arrived:	node3#17	1
arrived:	node3#4	1
arrived:	node1#4	1
arrived:	node1#38	1
arrived:	node3#30	1
arrived:	node1#10	1
arrived:	node3#5	1
arrived:	node3#3	1
arrived:	node1#19	1
arrived:	node3#50	1
arrived:	node3#22	1
arrived:	node3#2	1
arrived:	node1#49	1
arrived:	node3#1	1
arrived:	node3#37	1
arrived:	node1#3	1
arrived:	node1#2	1
NOTIFS:
node1	:	60	sent
node3	:	60	sent
SUBS:
on	node1
	node1	:	10	received
on	node3
	node3	:	13	received
1262304604 - 0.5 - - - - - 0.5 - - 0.5 - - 
1262304704 - 0.5 - - - - - 0.5 - - 0.5 - - 
1262304804 - 0.5 - - - 0.5 - 0.5 - - 0.5 - - 
1262304904 - 0.5 - - - 0.45454545454545 - 0.5 - - 0.5 - - 
1262305004 - 0.5 - 0.45454545454545 0.45454545454545 0.45454545454545 0.5 0.45454545454545 - - 0.5 - 0.5 
1262305104 - 0.5 - 0.41666666666667 0.41666666666667 0.45454545454545 0.45454545454545 0.45454545454545 - - 0.5 - 0.41666666666667 
1262305204 - 0.5 - 0.46153846153846 0.41666666666667 0.45454545454545 0.45454545454545 0.45454545454545 - 0.5 0.5 0.5 0.46153846153846 
1262305304 - 0.5 - 0.46153846153846 0.41666666666667 0.46153846153846 0.5 0.5 - 0.5 0.5 0.5 0.46153846153846 
1262305404 - 0.5 - 0.46153846153846 0.46153846153846 0.46153846153846 0.46153846153846 0.53846153846154 - 0.5 0.45454545454545 0.5 0.46153846153846 
1262305504 - 0.5 - 0.5 0.5 0.5 0.46153846153846 0.5 0.83333333333333 0.5 0.45454545454545 0.54545454545455 0.46153846153846 
1262305604 0 0.5 1 0.5 0.5 0.5 0.5 0.5 0.625 0.5 0.45454545454545 0.5 0.46153846153846 
1262305704 0 0.5 1 0.5 0.5 0.5 0.5 0.5 0.625 0.5 0.45454545454545 0.5 0.46153846153846 
1262305804 0 0.5 1 0.5 0.5 0.5 0.5 0.5 0.625 0.5 0.45454545454545 0.5 0.46153846153846 
1262305904 0 0.5 1 0.5 0.5 0.5 0.5 0.5 0.63636363636364 0.5 0.5 0.53846153846154 0.46153846153846 
1262306004 0 0.5 1 0.5 0.5 0.5 0.5 0.5 0.63636363636364 0.46153846153846 0.5 0.5 0.53333333333333 
1262306104 0 0.5 1 0.5 0.5 0.5 0.5 0.5 0.53846153846154 0.46153846153846 0.46666666666667 0.5 0.5 
1262306202 0 0.5 1 0.5 0.5 0.5 0.5 0.5 0.53846153846154 0.46153846153846 0.46666666666667 0.5 0.5 
1262306204 0 0.5 1 0.53333333333333 0.5 0.5 0.5 0.5 0.53846153846154 0.46153846153846 0.5 0.5 0.5 
1262306302 0 0.5 1 0.53333333333333 0.5 0.5 0.5 0.5 0.53846153846154 0.46153846153846 0.5 0.5 0.5 
1262306304 0 0.5 1 0.5 0.5 0.5 0.5 0.5 0.53846153846154 0.5 0.5 0.5 0.5 
1262306402 0 0.5 1 0.5 0.5 0.5 0.5 0.5 0.53846153846154 0.5 0.5 0.5 0.5 
1262306404 0 0.5 1 0.5 0.53333333333333 0.53333333333333 0.5 0.47058823529412 0.53846153846154 0.5 0.5 0.5 0.5 
1262306502 0 0.5 1 0.5 0.53333333333333 0.53333333333333 0.5 0.47058823529412 0.53846153846154 0.5 0.5 0.5 0.5 
1262306504 0 0.5 1 0.5 0.5 0.53333333333333 0.5 0.47058823529412 0.53846153846154 0.46666666666667 0.5 0.5 0.47058823529412 
1262306602 0 0.5 1 0.5 0.5 0.53333333333333 0.47058823529412 0.47058823529412 0.53846153846154 0.46666666666667 0.5 0.5 0.47058823529412 
1262306604 0 0.5 1 0.5 0.5 0.53333333333333 0.47058823529412 0.47058823529412 0.53846153846154 0.46666666666667 0.5 0.5 0.47058823529412 
1262306702 0 0.5 1 0.5 0.5 0.53333333333333 0.47058823529412 0.47058823529412 0.53846153846154 0.46666666666667 0.5 0.5 0.47058823529412 
1262306704 0 0.5 1 0.47058823529412 0.44444444444444 0.5 0.47058823529412 0.47058823529412 0.5 0.47058823529412 0.44444444444444 0.5 0.44444444444444 
1262306802 0 0.5 1 0.47058823529412 0.44444444444444 0.5 0.44444444444444 0.47058823529412 0.5 0.47058823529412 0.44444444444444 0.5 0.44444444444444 
1262306804 0 0.5 1 0.45 0.45 0.44444444444444 0.44444444444444 0.47058823529412 0.41176470588235 0.45 0.42105263157895 0.44444444444444 0.44444444444444 
1262306904 0 0.5 1 0.45 0.45 0.44444444444444 0.44444444444444 0.47058823529412 0.41176470588235 0.45 0.42105263157895 0.47368421052632 0.44444444444444 
1262307004 0 0.5 1 0.42857142857143 0.45 0.45 0.44444444444444 0.47058823529412 0.44444444444444 0.45 0.42105263157895 0.47368421052632 0.42105263157895 
1262307011 0 0.5 1 0.42857142857143 0.45 0.45 0.44444444444444 0.44444444444444 0.44444444444444 0.45 0.42105263157895 0.47368421052632 0.42105263157895 
1262307104 0 0.5 1 0.42857142857143 0.42857142857143 0.45 0.44444444444444 0.44444444444444 0.44444444444444 0.45 0.45 0.45 0.42105263157895 
1262307111 0 0.5 1 0.42857142857143 0.42857142857143 0.45 0.47368421052632 0.42105263157895 0.44444444444444 0.45 0.45 0.45 0.42105263157895 
1262307204 0 0.5 1 0.42857142857143 0.42857142857143 0.45 0.47368421052632 0.42105263157895 0.44444444444444 0.45 0.45 0.45 0.42105263157895 
1262307211 0 0.5 1 0.42857142857143 0.42857142857143 0.45 0.47368421052632 0.42857142857143 0.44444444444444 0.45 0.45 0.45 0.42105263157895 
1262307300 0 0.5 1 0.42857142857143 0.42857142857143 0.45 0.47368421052632 0.42857142857143 0.44444444444444 0.45 0.45 0.45 0.42105263157895 
1262307304 0 0.5 1 0.42857142857143 0.42857142857143 0.45 0.47368421052632 0.42857142857143 0.47368421052632 0.45 0.45 0.45 0.45 
1262307311 0 0.5 1 0.42857142857143 0.42857142857143 0.45 0.47368421052632 0.42857142857143 0.47368421052632 0.45 0.45 0.45 0.45 
1262307400 0 0.5 1 0.42857142857143 0.42857142857143 0.45 0.47368421052632 0.42857142857143 0.47368421052632 0.45 0.45 0.45 0.45 
1262307404 0 0.5 1 0.42857142857143 0.43478260869565 0.45 0.47368421052632 0.42857142857143 0.47619047619048 0.47619047619048 0.45 0.45 0.45454545454545 
1262307411 0 0.5 1 0.42857142857143 0.43478260869565 0.45 0.47619047619048 0.42857142857143 0.47619047619048 0.47619047619048 0.45 0.45 0.45454545454545 
1262307421 0 0.5 1 0.42857142857143 0.43478260869565 0.45 0.47619047619048 0.42857142857143 0.47619047619048 0.47619047619048 0.45 0.45 0.45454545454545 
1262307500 0 0.5 1 0.42857142857143 0.43478260869565 0.45454545454545 0.47619047619048 0.42857142857143 0.47619047619048 0.47619047619048 0.45 0.45 0.45454545454545 
1262307504 0 0.5 1 0.43478260869565 0.45833333333333 0.45454545454545 0.47619047619048 0.42857142857143 0.47619047619048 0.45833333333333 0.43478260869565 0.45 0.45454545454545 
1262307511 0 0.5 1 0.43478260869565 0.45833333333333 0.45454545454545 0.43478260869565 0.42857142857143 0.47619047619048 0.45833333333333 0.43478260869565 0.45 0.45454545454545 
1262307521 0 0.5 1 0.43478260869565 0.45833333333333 0.45454545454545 0.43478260869565 0.43478260869565 0.47619047619048 0.45833333333333 0.43478260869565 0.45 0.45454545454545 
1262307600 0 0.5 1 0.43478260869565 0.45833333333333 0.45833333333333 0.43478260869565 0.43478260869565 0.47619047619048 0.45833333333333 0.43478260869565 0.45 0.45454545454545 
1262307604 0 0.5 1 0.43478260869565 0.44 0.45833333333333 0.43478260869565 0.43478260869565 0.45833333333333 0.45833333333333 0.45833333333333 0.45 0.45833333333333 
1262307611 0 0.5 1 0.43478260869565 0.44 0.45833333333333 0.41666666666667 0.43478260869565 0.45833333333333 0.45833333333333 0.45833333333333 0.45 0.45833333333333 
1262307700 0 0.5 1 0.43478260869565 0.44 0.45833333333333 0.41666666666667 0.43478260869565 0.45833333333333 0.45833333333333 0.45833333333333 0.45 0.45833333333333 
1262307704 0 0.5 1 0.43478260869565 0.44 0.45833333333333 0.41666666666667 0.43478260869565 0.44 0.45833333333333 0.42307692307692 0.45 0.45833333333333 
1262307711 0 0.5 1 0.43478260869565 0.44 0.45833333333333 0.41666666666667 0.43478260869565 0.44 0.45833333333333 0.42307692307692 0.45 0.45833333333333 
1262307748 0 0.5 1 0.43478260869565 0.44 0.45833333333333 0.41666666666667 0.45833333333333 0.44 0.48 0.42307692307692 0.45 0.45833333333333 
1262307800 0 0.5 1 0.43478260869565 0.44 0.45833333333333 0.41666666666667 0.45833333333333 0.44 0.48 0.42307692307692 0.45 0.45833333333333 
1262307804 0.083333333333333 0.5 1 0.43478260869565 0.44 0.45833333333333 0.41666666666667 0.45833333333333 0.44 0.48 0.42307692307692 0.45454545454545 0.44 
1262307811 0.083333333333333 0.5 1 0.43478260869565 0.44 0.45833333333333 0.41666666666667 0.45833333333333 0.44 0.48 0.42307692307692 0.45454545454545 0.44 
1262307848 0.083333333333333 0.5 1 0.45833333333333 0.44 0.45833333333333 0.41666666666667 0.42307692307692 0.44 0.48 0.42307692307692 0.45454545454545 0.44 
1262307900 0.083333333333333 0.5 1 0.45833333333333 0.44 0.45833333333333 0.41666666666667 0.42307692307692 0.44 0.48 0.42307692307692 0.45454545454545 0.44 
1262307904 0.15384615384615 0.5 1 0.45833333333333 0.44 0.45833333333333 0.41666666666667 0.42307692307692 0.44 0.48 0.42307692307692 0.43478260869565 0.44 
1262307911 0.15384615384615 0.5 1 0.45833333333333 0.44 0.45833333333333 0.4 0.42307692307692 0.44 0.48 0.42307692307692 0.43478260869565 0.44 
1262307948 0.15384615384615 0.5 1 0.45833333333333 0.44 0.45833333333333 0.4 0.42307692307692 0.44 0.46153846153846 0.42307692307692 0.43478260869565 0.44 
1262308000 0.15384615384615 0.5 1 0.45833333333333 0.44 0.44 0.4 0.42307692307692 0.44 0.46153846153846 0.42307692307692 0.43478260869565 0.44 
1262308004 0.21428571428571 0.5 0.78571428571429 0.45833333333333 0.44 0.44 0.4 0.42307692307692 0.44 0.46153846153846 0.42307692307692 0.44 0.42307692307692 
1262308011 0.21428571428571 0.5 0.78571428571429 0.45833333333333 0.44 0.44 0.4 0.42307692307692 0.44 0.46153846153846 0.42307692307692 0.44 0.42307692307692 
1262308048 0.21428571428571 0.5 0.78571428571429 0.44 0.44 0.44 0.4 0.42307692307692 0.44 0.44444444444444 0.42307692307692 0.44 0.42307692307692 
1262308100 0.21428571428571 0.5 0.78571428571429 0.44 0.44 0.44 0.4 0.42307692307692 0.44 0.44444444444444 0.42307692307692 0.44 0.42307692307692 
1262308104 0.21428571428571 0.5 0.78571428571429 0.44 0.44 0.44 0.4 0.42307692307692 0.44 0.44444444444444 0.42307692307692 0.42307692307692 0.42307692307692 
1262308111 0.21428571428571 0.5 0.78571428571429 0.44 0.44 0.44 0.4 0.42307692307692 0.44 0.44444444444444 0.42307692307692 0.42307692307692 0.42307692307692 
1262308148 0.21428571428571 0.5 0.78571428571429 0.44 0.44 0.44 0.4 0.42307692307692 0.44 0.44444444444444 0.42307692307692 0.42307692307692 0.42307692307692 
1262308151 0.21428571428571 0.5 0.78571428571429 0.44 0.44 0.44 0.4 0.42307692307692 0.44 0.44444444444444 0.42307692307692 0.42307692307692 0.42307692307692 
1262308200 0.21428571428571 0.5 0.78571428571429 0.44 0.44 0.44 0.4 0.42307692307692 0.44 0.44444444444444 0.42307692307692 0.42307692307692 0.42307692307692 
1262308204 0.26666666666667 0.5 0.78571428571429 0.44 0.44 0.44 0.4 0.42307692307692 0.44 0.44444444444444 0.42307692307692 0.42307692307692 0.44444444444444 
1262308211 0.26666666666667 0.5 0.78571428571429 0.44 0.44 0.44 0.42307692307692 0.42307692307692 0.44 0.44444444444444 0.42307692307692 0.42307692307692 0.44444444444444 
1262308248 0.26666666666667 0.5 0.78571428571429 0.44 0.44 0.44 0.42307692307692 0.42307692307692 0.44 0.44444444444444 0.42307692307692 0.42307692307692 0.44444444444444 
1262308251 0.26666666666667 0.5 0.6875 0.44 0.44 0.44 0.42307692307692 0.42307692307692 0.44 0.44444444444444 0.42307692307692 0.42307692307692 0.44444444444444 
1262308300 0.26666666666667 0.5 0.6875 0.44 0.44 0.42307692307692 0.42307692307692 0.42307692307692 0.44 0.44444444444444 0.42307692307692 0.42307692307692 0.44444444444444 
1262308304 0.3125 0.5 0.6875 0.44 0.42307692307692 0.42307692307692 0.42307692307692 0.42307692307692 0.44 0.44444444444444 0.44444444444444 0.44444444444444 0.44444444444444 
1262308311 0.3125 0.5 0.6875 0.44 0.42307692307692 0.42307692307692 0.42307692307692 0.42307692307692 0.44 0.44444444444444 0.44444444444444 0.44444444444444 0.44444444444444 
1262308348 0.3125 0.5 0.6875 0.44 0.42307692307692 0.42307692307692 0.42307692307692 0.42307692307692 0.44 0.46428571428571 0.44444444444444 0.44444444444444 0.44444444444444 
1262308351 0.3125 0.5 0.64705882352941 0.44 0.42307692307692 0.42307692307692 0.42307692307692 0.42307692307692 0.44 0.46428571428571 0.44444444444444 0.44444444444444 0.44444444444444 
1262308400 0.3125 0.5 0.64705882352941 0.44 0.42307692307692 0.42307692307692 0.42307692307692 0.42307692307692 0.44 0.46428571428571 0.44444444444444 0.44444444444444 0.44444444444444 
1262308404 0.42105263157895 0.5 0.64705882352941 0.44 0.42307692307692 0.42307692307692 0.42307692307692 0.42307692307692 0.44 0.46428571428571 0.42857142857143 0.42857142857143 0.44444444444444 
1262308411 0.42105263157895 0.5 0.64705882352941 0.44 0.42307692307692 0.42307692307692 0.42307692307692 0.42307692307692 0.44 0.46428571428571 0.42857142857143 0.42857142857143 0.44444444444444 
1262308448 0.42105263157895 0.5 0.64705882352941 0.44 0.42307692307692 0.42307692307692 0.42307692307692 0.42307692307692 0.44 0.44827586206897 0.42857142857143 0.42857142857143 0.44444444444444 
1262308451 0.42105263157895 0.5 0.64705882352941 0.44 0.42307692307692 0.42307692307692 0.42307692307692 0.42307692307692 0.44 0.44827586206897 0.42857142857143 0.42857142857143 0.44444444444444 
