arrived:	node1#1	1
arrived:	node1#5	1
arrived:	node3#7	1
arrived:	node3#9	1
arrived:	node1#14	1
arrived:	node1#7	1
arrived:	node3#17	1
arrived:	node3#4	1
arrived:	node1#4	1
arrived:	node3#30	1
arrived:	node1#16	1
arrived:	node3#5	1
arrived:	node3#3	1
arrived:	node3#2	1
arrived:	node3#1	1
arrived:	node1#19	1
arrived:	node1#3	1
arrived:	node1#32	1
arrived:	node1#2	1
NOTIFS:
node3	:	60	sent
node1	:	60	sent
SUBS:
on	node1
	node1	:	10	received
on	node3
	node3	:	9	received
1262304604 - 0.5 - - - - - - - - - - - 
1262304704 - 0.5 - - - - 0.5 0.5 - - - - - 
1262304804 - 0.5 - 0.5 - - 0.5 0.5 0.5 - 0.5 - - 
1262304904 - 0.5 - 0.5 - 0.5 0.5 0.45454545454545 0.5 - 0.5 0.5 0.5 
1262305004 - 0.5 - 0.5 - 0.5 0.5 0.5 0.5 - 0.5 0.5 0.5 
1262305104 0 0.5 - 0.46153846153846 0.45454545454545 0.5 0.5 0.5 0.5 - 0.5 0.45454545454545 0.5 
1262305204 0 0.5 - 0.46153846153846 0.45454545454545 0.5 0.5 0.5 0.5 - 0.5 0.45454545454545 0.5 
1262305304 0 0.5 - 0.46153846153846 0.46153846153846 0.5 0.5 0.5 0.45454545454545 0.33333333333333 0.45454545454545 0.45454545454545 0.33333333333333 
1262305404 0 0.5 - 0.46153846153846 0.46153846153846 0.5 0.46153846153846 0.5 0.45454545454545 0.33333333333333 0.45454545454545 0.45454545454545 0.33333333333333 
1262305504 0 0.5 - 0.46153846153846 0.5 0.5 0.53333333333333 0.5 0.41666666666667 0.45454545454545 0.5 0.45454545454545 0.58333333333333 
1262305604 0 0.5 - 0.46153846153846 0.5 0.53333333333333 0.53333333333333 0.5 0.46153846153846 0.45454545454545 0.5 0.45454545454545 0.58333333333333 
1262305704 0 0.5 - 0.46153846153846 0.5 0.53333333333333 0.53333333333333 0.46153846153846 0.46153846153846 0.45454545454545 0.5 0.45454545454545 0.58333333333333 
1262305804 0 0.5 - 0.5 0.5 0.5625 0.53333333333333 0.5 0.46153846153846 0.53846153846154 0.53846153846154 0.45454545454545 0.57142857142857 
1262305904 0 0.5 - 0.53333333333333 0.5 0.5625 0.53333333333333 0.53333333333333 0.5 0.53846153846154 0.53846153846154 0.45454545454545 0.57142857142857 
1262306004 0 0.5 1 0.5625 0.53333333333333 0.5625 0.5625 0.5 0.5 0.5 0.5 0.45454545454545 0.57142857142857 
1262306104 0 0.5 1 0.5625 0.53333333333333 0.5625 0.5 0.52941176470588 0.5 0.5 0.5 0.5 0.57142857142857 
1262306204 0 0.5 1 0.5625 0.53333333333333 0.5625 0.5 0.52941176470588 0.5 0.5 0.5 0.5 0.57142857142857 
1262306304 0 0.5 1 0.52941176470588 0.52941176470588 0.52941176470588 0.5 0.52941176470588 0.5 0.5 0.5 0.5 0.57142857142857 
1262306404 0 0.5 1 0.5 0.52941176470588 0.52941176470588 0.5 0.52941176470588 0.46666666666667 0.5 0.5 0.5 0.52941176470588 
1262306504 0 0.5 1 0.5 0.55555555555556 0.52941176470588 0.5 0.52941176470588 0.5 0.55555555555556 0.5 0.5 0.55555555555556 
1262306604 0 0.5 1 0.5 0.55555555555556 0.52941176470588 0.47368421052632 0.52941176470588 0.5 0.55555555555556 0.5 0.5 0.55555555555556 
1262306648 0 0.5 1 0.5 0.55555555555556 0.52941176470588 0.47368421052632 0.52941176470588 0.5 0.55555555555556 0.5 0.5 0.55555555555556 
1262306704 0 0.5 1 0.5 0.52631578947368 0.52631578947368 0.47368421052632 0.52941176470588 0.5 0.55555555555556 0.5 0.52941176470588 0.55555555555556 
1262306748 0 0.5 1 0.5 0.52631578947368 0.52631578947368 0.47368421052632 0.52941176470588 0.5 0.55555555555556 0.46666666666667 0.52941176470588 0.55555555555556 
1262306804 0 0.5 1 0.52631578947368 0.52631578947368 0.52631578947368 0.47368421052632 0.52941176470588 0.47058823529412 0.55555555555556 0.46666666666667 0.55555555555556 0.55555555555556 
1262306848 0 0.5 1 0.52631578947368 0.52631578947368 0.52631578947368 0.47368421052632 0.52941176470588 0.47058823529412 0.55555555555556 0.5 0.55555555555556 0.55555555555556 
1262306904 0 0.5 1 0.5 0.52631578947368 0.55 0.5 0.52631578947368 0.47058823529412 0.55555555555556 0.5 0.52631578947368 0.55555555555556 
1262306948 0 0.5 1 0.5 0.52631578947368 0.55 0.5 0.52631578947368 0.47058823529412 0.55555555555556 0.47058823529412 0.52631578947368 0.55555555555556 
1262307004 0 0.5 1 0.5 0.5 0.55 0.5 0.52631578947368 0.47058823529412 0.55555555555556 0.47058823529412 0.52631578947368 0.57894736842105 
1262307048 0 0.5 1 0.5 0.5 0.55 0.5 0.52631578947368 0.47058823529412 0.55555555555556 0.52631578947368 0.52631578947368 0.57894736842105 
1262307104 0 0.5 1 0.52380952380952 0.52380952380952 0.52380952380952 0.5 0.52380952380952 0.47058823529412 0.55555555555556 0.52631578947368 0.52631578947368 0.57894736842105 
1262307114 0 0.5 1 0.52380952380952 0.52380952380952 0.52380952380952 0.5 0.52380952380952 0.47058823529412 0.55555555555556 0.52631578947368 0.52631578947368 0.57894736842105 
1262307148 0 0.5 1 0.52380952380952 0.52380952380952 0.52380952380952 0.5 0.52380952380952 0.47058823529412 0.55555555555556 0.55 0.52631578947368 0.57894736842105 
1262307204 0 0.5 1 0.52380952380952 0.52380952380952 0.52380952380952 0.5 0.52380952380952 0.5 0.55555555555556 0.55 0.52631578947368 0.55 
1262307214 0 0.5 1 0.52380952380952 0.52380952380952 0.52380952380952 0.5 0.52380952380952 0.5 0.55555555555556 0.55 0.52631578947368 0.55 
1262307248 0 0.5 1 0.52380952380952 0.52380952380952 0.52380952380952 0.5 0.52380952380952 0.5 0.55555555555556 0.55 0.52631578947368 0.55 
1262307304 0.16666666666667 0.5 1 0.52173913043478 0.5 0.52380952380952 0.52380952380952 0.52380952380952 0.55 0.55555555555556 0.55 0.52631578947368 0.52173913043478 
1262307314 0.16666666666667 0.5 1 0.52173913043478 0.5 0.52380952380952 0.52380952380952 0.52380952380952 0.55 0.52631578947368 0.55 0.52631578947368 0.52173913043478 
1262307348 0.16666666666667 0.5 1 0.52173913043478 0.5 0.52380952380952 0.52380952380952 0.52380952380952 0.55 0.52631578947368 0.55 0.52631578947368 0.52173913043478 
1262307404 0.16666666666667 0.5 1 0.52173913043478 0.52173913043478 0.54545454545455 0.52380952380952 0.52380952380952 0.55 0.52631578947368 0.55 0.52631578947368 0.52173913043478 
1262307414 0.16666666666667 0.5 1 0.52173913043478 0.52173913043478 0.54545454545455 0.52380952380952 0.52380952380952 0.55 0.55 0.55 0.52631578947368 0.52173913043478 
1262307448 0.16666666666667 0.5 1 0.52173913043478 0.52173913043478 0.54545454545455 0.52380952380952 0.52380952380952 0.55 0.55 0.52380952380952 0.52631578947368 0.52173913043478 
1262307504 0.23076923076923 0.5 1 0.52173913043478 0.54166666666667 0.54545454545455 0.52380952380952 0.52380952380952 0.55 0.55 0.52380952380952 0.52631578947368 0.52173913043478 
1262307514 0.23076923076923 0.5 1 0.52173913043478 0.54166666666667 0.54545454545455 0.52380952380952 0.52380952380952 0.55 0.55 0.52380952380952 0.52631578947368 0.52173913043478 
1262307548 0.23076923076923 0.5 1 0.52173913043478 0.54166666666667 0.54545454545455 0.52380952380952 0.52380952380952 0.55 0.55 0.52380952380952 0.52631578947368 0.52173913043478 
1262307604 0.28571428571429 0.5 1 0.52173913043478 0.54166666666667 0.54545454545455 0.52380952380952 0.54545454545455 0.55 0.55 0.52380952380952 0.55 0.52173913043478 
1262307614 0.28571428571429 0.5 1 0.52173913043478 0.54166666666667 0.54545454545455 0.52380952380952 0.54545454545455 0.55 0.55 0.52380952380952 0.55 0.52173913043478 
1262307648 0.28571428571429 0.5 1 0.52173913043478 0.54166666666667 0.54545454545455 0.52380952380952 0.54545454545455 0.55 0.55 0.52380952380952 0.55 0.52173913043478 
1262307704 0.375 0.5 1 0.52173913043478 0.54166666666667 0.54545454545455 0.52173913043478 0.54545454545455 0.52380952380952 0.55 0.52380952380952 0.54545454545455 0.52173913043478 
1262307714 0.375 0.5 1 0.52173913043478 0.54166666666667 0.54545454545455 0.52173913043478 0.54545454545455 0.52380952380952 0.55 0.52380952380952 0.54545454545455 0.52173913043478 
1262307748 0.375 0.5 1 0.52173913043478 0.54166666666667 0.54545454545455 0.52173913043478 0.54545454545455 0.52380952380952 0.55 0.52380952380952 0.54545454545455 0.52173913043478 
1262307804 0.375 0.5 0.90909090909091 0.54166666666667 0.54166666666667 0.54545454545455 0.5 0.54545454545455 0.5 0.55 0.52380952380952 0.54545454545455 0.52173913043478 
1262307814 0.375 0.5 0.90909090909091 0.54166666666667 0.54166666666667 0.54545454545455 0.5 0.54545454545455 0.5 0.52380952380952 0.52380952380952 0.54545454545455 0.52173913043478 
1262307848 0.375 0.5 0.90909090909091 0.54166666666667 0.54166666666667 0.54545454545455 0.5 0.54545454545455 0.5 0.52380952380952 0.52380952380952 0.54545454545455 0.52173913043478 
1262307904 0.41176470588235 0.5 0.83333333333333 0.52 0.54166666666667 0.54545454545455 0.52 0.52173913043478 0.5 0.52380952380952 0.52380952380952 0.52173913043478 0.52173913043478 
1262307914 0.41176470588235 0.5 0.83333333333333 0.52 0.54166666666667 0.54545454545455 0.52 0.52173913043478 0.5 0.52380952380952 0.52380952380952 0.52173913043478 0.52173913043478 
1262307948 0.41176470588235 0.5 0.83333333333333 0.52 0.54166666666667 0.54545454545455 0.52 0.52173913043478 0.5 0.52380952380952 0.5 0.52173913043478 0.52173913043478 
1262308004 0.41176470588235 0.5 0.71428571428571 0.53846153846154 0.54166666666667 0.56521739130435 0.52 0.56 0.52173913043478 0.52380952380952 0.5 0.52173913043478 0.52 
1262308014 0.41176470588235 0.5 0.71428571428571 0.53846153846154 0.54166666666667 0.56521739130435 0.52 0.56 0.52173913043478 0.54545454545455 0.5 0.52173913043478 0.52 
1262308048 0.41176470588235 0.5 0.71428571428571 0.53846153846154 0.54166666666667 0.56521739130435 0.52 0.56 0.52173913043478 0.54545454545455 0.52173913043478 0.52173913043478 0.52 
1262308104 0.41176470588235 0.5 0.66666666666667 0.51851851851852 0.52 0.56521739130435 0.53846153846154 0.56 0.52173913043478 0.54545454545455 0.52173913043478 0.5 0.52 
1262308114 0.41176470588235 0.5 0.66666666666667 0.51851851851852 0.52 0.56521739130435 0.53846153846154 0.56 0.52173913043478 0.54545454545455 0.52173913043478 0.5 0.52 
1262308148 0.41176470588235 0.5 0.66666666666667 0.51851851851852 0.52 0.56521739130435 0.53846153846154 0.56 0.52173913043478 0.54545454545455 0.52173913043478 0.5 0.52 
1262308204 0.41176470588235 0.5 0.66666666666667 0.51851851851852 0.53846153846154 0.54166666666667 0.51851851851852 0.56 0.52173913043478 0.54545454545455 0.52173913043478 0.5 0.52 
1262308214 0.41176470588235 0.5 0.66666666666667 0.51851851851852 0.53846153846154 0.54166666666667 0.51851851851852 0.56 0.52173913043478 0.56521739130435 0.52173913043478 0.5 0.52 
1262308248 0.41176470588235 0.5 0.66666666666667 0.51851851851852 0.53846153846154 0.54166666666667 0.51851851851852 0.56 0.52173913043478 0.56521739130435 0.52173913043478 0.5 0.52 
1262308304 0.41176470588235 0.5 0.625 0.53571428571429 0.53846153846154 0.54166666666667 0.51851851851852 0.55555555555556 0.52173913043478 0.56521739130435 0.52173913043478 0.5 0.52 
1262308314 0.41176470588235 0.5 0.625 0.53571428571429 0.53846153846154 0.54166666666667 0.51851851851852 0.55555555555556 0.52173913043478 0.56521739130435 0.52173913043478 0.5 0.52 
1262308348 0.41176470588235 0.5 0.625 0.53571428571429 0.53846153846154 0.54166666666667 0.51851851851852 0.55555555555556 0.52173913043478 0.56521739130435 0.54166666666667 0.5 0.52 
1262308404 0.41176470588235 0.5 0.58823529411765 0.53571428571429 0.53846153846154 0.54166666666667 0.51851851851852 0.55555555555556 0.52173913043478 0.56521739130435 0.54166666666667 0.5 0.53846153846154 
1262308414 0.41176470588235 0.5 0.58823529411765 0.53571428571429 0.53846153846154 0.54166666666667 0.51851851851852 0.55555555555556 0.52173913043478 0.56 0.54166666666667 0.5 0.53846153846154 
1262308448 0.41176470588235 0.5 0.58823529411765 0.53571428571429 0.53846153846154 0.54166666666667 0.51851851851852 0.55555555555556 0.52173913043478 0.56 0.56 0.5 0.53846153846154 
