arrived:	node1#1	1
arrived:	node1#5	1
arrived:	node3#7	1
arrived:	node3#9	1
arrived:	node1#14	1
arrived:	node1#7	1
arrived:	node3#17	1
arrived:	node3#4	1
arrived:	node1#4	1
arrived:	node3#5	1
arrived:	node3#3	1
arrived:	node3#2	1
arrived:	node3#1	1
arrived:	node1#19	1
arrived:	node1#3	1
arrived:	node3#6	1
arrived:	node1#2	1
NOTIFS:
node1	:	60	sent
node3	:	60	sent
SUBS:
on	node1
	node1	:	8	received
on	node3
	node3	:	9	received
1262304604 - 0.5 - 0.5 0.5 - 0.5 - - 0.5 - - - 
1262304704 - 0.5 - 0.5 0.5 0.5 0.5 - - 0.5 0.5 0.5 0.5 
1262304804 - 0.5 - 0.5 0.5 0.5 0.5 - - 0.5 0.5 0.5 0.5 
1262304904 - 0.5 - 0.5 0.5 0.5 0.5 0.5 - 0.5 0.5 0.5 0.36363636363636 
1262305004 - 0.5 - 0.45454545454545 0.45454545454545 0.45454545454545 0.45454545454545 0.45454545454545 0.45454545454545 0.5 0.5 0.5 0.41666666666667 
1262305104 - 0.5 - 0.41666666666667 0.45454545454545 0.45454545454545 0.41666666666667 0.41666666666667 0.46153846153846 0.45454545454545 0.5 0.41666666666667 0.38461538461538 
1262305204 0 0.5 0 0.41666666666667 0.45454545454545 0.45454545454545 0.41666666666667 0.41666666666667 0.46153846153846 0.5 0.36363636363636 0.41666666666667 0.38461538461538 
1262305301 0 0.5 0 0.41666666666667 0.45454545454545 0.45454545454545 0.41666666666667 0.41666666666667 0.46153846153846 0.5 0.36363636363636 0.41666666666667 0.38461538461538 
1262305304 0 0.5 0.5 0.41666666666667 0.45454545454545 0.45454545454545 0.46153846153846 0.46153846153846 0.46153846153846 0.46153846153846 0.41666666666667 0.46153846153846 0.38461538461538 
1262305401 0 0.5 0.5 0.41666666666667 0.45454545454545 0.45454545454545 0.46153846153846 0.46153846153846 0.46153846153846 0.46153846153846 0.41666666666667 0.46153846153846 0.38461538461538 
1262305404 0 0.5 0.5 0.41666666666667 0.45454545454545 0.45454545454545 0.5 0.46153846153846 0.46153846153846 0.5 0.41666666666667 0.5 0.38461538461538 
1262305490 0 0.5 0.5 0.41666666666667 0.45454545454545 0.45454545454545 0.5 0.46153846153846 0.46153846153846 0.5 0.41666666666667 0.5 0.38461538461538 
1262305501 0 0.5 0.5 0.41666666666667 0.45454545454545 0.45454545454545 0.5 0.46153846153846 0.46153846153846 0.5 0.41666666666667 0.5 0.38461538461538 
1262305504 0 0.5 0.5 0.41666666666667 0.53846153846154 0.45454545454545 0.5 0.46666666666667 0.46153846153846 0.46666666666667 0.41666666666667 0.5 0.42857142857143 
1262305590 0 0.5 0.5 0.41666666666667 0.53846153846154 0.45454545454545 0.5 0.46666666666667 0.46153846153846 0.46666666666667 0.41666666666667 0.5 0.42857142857143 
1262305601 0 0.5 0.5 0.41666666666667 0.53846153846154 0.45454545454545 0.5 0.46666666666667 0.46153846153846 0.46666666666667 0.41666666666667 0.5 0.42857142857143 
1262305604 0 0.5 0.5 0.41666666666667 0.5 0.45454545454545 0.5 0.46666666666667 0.46153846153846 0.46666666666667 0.5 0.46666666666667 0.46666666666667 
1262305690 0 0.5 0.5 0.41666666666667 0.5 0.41666666666667 0.5 0.46666666666667 0.46153846153846 0.46666666666667 0.5 0.46666666666667 0.46666666666667 
1262305701 0 0.5 0.5 0.41666666666667 0.5 0.41666666666667 0.5 0.46666666666667 0.46153846153846 0.46666666666667 0.5 0.46666666666667 0.46666666666667 
1262305704 0 0.5 0.71428571428571 0.41666666666667 0.46666666666667 0.41666666666667 0.5 0.5 0.46666666666667 0.46666666666667 0.5 0.46666666666667 0.4375 
1262305790 0 0.5 0.71428571428571 0.41666666666667 0.46666666666667 0.46153846153846 0.5 0.5 0.46666666666667 0.46666666666667 0.5 0.46666666666667 0.4375 
1262305801 0 0.5 0.71428571428571 0.42857142857143 0.46666666666667 0.46153846153846 0.5 0.5 0.46666666666667 0.46666666666667 0.5 0.46666666666667 0.4375 
1262305804 0 0.5 0.71428571428571 0.42857142857143 0.46666666666667 0.46153846153846 0.46666666666667 0.5 0.5 0.46666666666667 0.5 0.46666666666667 0.4375 
1262305890 0 0.5 0.71428571428571 0.42857142857143 0.46666666666667 0.42857142857143 0.46666666666667 0.5 0.5 0.46666666666667 0.5 0.46666666666667 0.4375 
1262305901 0 0.5 0.71428571428571 0.46666666666667 0.46666666666667 0.42857142857143 0.46666666666667 0.5 0.5 0.46666666666667 0.5 0.46666666666667 0.4375 
1262305904 0 0.5 0.71428571428571 0.46666666666667 0.46666666666667 0.42857142857143 0.46666666666667 0.5 0.5 0.46666666666667 0.46666666666667 0.5 0.4375 
1262305990 0 0.5 0.71428571428571 0.46666666666667 0.46666666666667 0.46666666666667 0.46666666666667 0.5 0.5 0.46666666666667 0.46666666666667 0.5 0.4375 
1262306001 0 0.5 0.71428571428571 0.46666666666667 0.46666666666667 0.46666666666667 0.46666666666667 0.5 0.5 0.46666666666667 0.46666666666667 0.5 0.4375 
1262306004 0 0.5 0.8 0.46666666666667 0.46666666666667 0.46666666666667 0.46666666666667 0.47058823529412 0.5 0.47058823529412 0.47058823529412 0.47058823529412 0.47058823529412 
1262306090 0 0.5 0.8 0.46666666666667 0.46666666666667 0.5 0.46666666666667 0.47058823529412 0.5 0.47058823529412 0.47058823529412 0.47058823529412 0.47058823529412 
1262306101 0 0.5 0.8 0.5 0.46666666666667 0.5 0.46666666666667 0.47058823529412 0.5 0.47058823529412 0.47058823529412 0.47058823529412 0.47058823529412 
1262306104 0 0.5 0.8 0.5 0.46666666666667 0.5 0.46666666666667 0.47058823529412 0.5 0.47058823529412 0.47058823529412 0.47058823529412 0.47058823529412 
1262306190 0 0.5 0.8 0.5 0.46666666666667 0.47058823529412 0.46666666666667 0.47058823529412 0.5 0.47058823529412 0.47058823529412 0.47058823529412 0.47058823529412 
1262306201 0 0.5 0.8 0.47058823529412 0.46666666666667 0.47058823529412 0.46666666666667 0.47058823529412 0.5 0.47058823529412 0.47058823529412 0.47058823529412 0.47058823529412 
1262306204 0 0.5 0.8 0.47058823529412 0.46666666666667 0.47058823529412 0.46666666666667 0.47058823529412 0.5 0.47058823529412 0.47058823529412 0.47058823529412 0.47058823529412 
1262306290 0 0.5 0.8 0.47058823529412 0.46666666666667 0.44444444444444 0.46666666666667 0.47058823529412 0.5 0.47058823529412 0.47058823529412 0.47058823529412 0.47058823529412 
1262306301 0 0.5 0.8 0.44444444444444 0.46666666666667 0.44444444444444 0.46666666666667 0.47058823529412 0.5 0.47058823529412 0.47058823529412 0.47058823529412 0.47058823529412 
1262306304 0 0.5 0.8 0.44444444444444 0.5 0.44444444444444 0.46666666666667 0.44444444444444 0.5 0.47058823529412 0.47058823529412 0.44444444444444 0.44444444444444 
1262306390 0 0.5 0.8 0.44444444444444 0.5 0.44444444444444 0.46666666666667 0.44444444444444 0.5 0.47058823529412 0.47058823529412 0.44444444444444 0.44444444444444 
1262306401 0 0.5 0.8 0.44444444444444 0.5 0.44444444444444 0.46666666666667 0.44444444444444 0.5 0.47058823529412 0.47058823529412 0.44444444444444 0.44444444444444 
1262306404 0 0.5 0.8 0.44444444444444 0.5 0.44444444444444 0.46666666666667 0.44444444444444 0.47058823529412 0.47058823529412 0.47058823529412 0.44444444444444 0.44444444444444 
1262306490 0 0.5 0.8 0.44444444444444 0.5 0.44444444444444 0.46666666666667 0.44444444444444 0.47058823529412 0.47058823529412 0.47058823529412 0.44444444444444 0.44444444444444 
1262306501 0 0.5 0.8 0.44444444444444 0.5 0.44444444444444 0.46666666666667 0.44444444444444 0.47058823529412 0.47058823529412 0.47058823529412 0.44444444444444 0.44444444444444 
1262306504 0 0.5 0.8 0.44444444444444 0.5 0.44444444444444 0.5 0.44444444444444 0.47058823529412 0.47058823529412 0.44444444444444 0.44444444444444 0.44444444444444 
1262306526 0 0.5 0.8 0.44444444444444 0.5 0.44444444444444 0.5 0.44444444444444 0.47058823529412 0.47058823529412 0.44444444444444 0.44444444444444 0.44444444444444 
1262306590 0 0.5 0.8 0.44444444444444 0.5 0.44444444444444 0.5 0.44444444444444 0.47058823529412 0.47058823529412 0.44444444444444 0.44444444444444 0.44444444444444 
1262306601 0 0.5 0.8 0.44444444444444 0.5 0.44444444444444 0.5 0.44444444444444 0.47058823529412 0.47058823529412 0.44444444444444 0.44444444444444 0.44444444444444 
1262306604 0 0.5 0.66666666666667 0.44444444444444 0.5 0.44444444444444 0.5 0.44444444444444 0.47058823529412 0.47058823529412 0.44444444444444 0.44444444444444 0.44444444444444 
1262306626 0 0.5 0.66666666666667 0.44444444444444 0.5 0.44444444444444 0.5 0.44444444444444 0.47058823529412 0.47058823529412 0.44444444444444 0.44444444444444 0.44444444444444 
1262306690 0 0.5 0.66666666666667 0.44444444444444 0.5 0.44444444444444 0.5 0.44444444444444 0.47058823529412 0.47058823529412 0.44444444444444 0.44444444444444 0.44444444444444 
1262306701 0 0.5 0.66666666666667 0.42105263157895 0.5 0.44444444444444 0.5 0.44444444444444 0.47058823529412 0.47058823529412 0.44444444444444 0.44444444444444 0.44444444444444 
1262306704 0 0.5 0.66666666666667 0.42105263157895 0.5 0.44444444444444 0.47058823529412 0.44444444444444 0.47058823529412 0.42105263157895 0.42105263157895 0.44444444444444 0.44444444444444 
1262306726 0 0.5 0.66666666666667 0.42105263157895 0.5 0.44444444444444 0.47058823529412 0.44444444444444 0.47058823529412 0.42105263157895 0.42105263157895 0.44444444444444 0.44444444444444 
1262306790 0.16666666666667 0.5 0.66666666666667 0.42105263157895 0.5 0.47368421052632 0.47058823529412 0.44444444444444 0.47058823529412 0.42105263157895 0.42105263157895 0.44444444444444 0.44444444444444 
1262306801 0.16666666666667 0.5 0.66666666666667 0.4 0.5 0.47368421052632 0.47058823529412 0.44444444444444 0.47058823529412 0.42105263157895 0.42105263157895 0.44444444444444 0.44444444444444 
1262306804 0.16666666666667 0.5 0.66666666666667 0.4 0.5 0.47368421052632 0.44444444444444 0.44444444444444 0.47058823529412 0.4 0.4 0.44444444444444 0.42105263157895 
1262306805 0.16666666666667 0.5 0.66666666666667 0.4 0.5 0.47368421052632 0.44444444444444 0.44444444444444 0.47058823529412 0.4 0.4 0.44444444444444 0.42105263157895 
1262306826 0.16666666666667 0.5 0.66666666666667 0.4 0.47368421052632 0.47368421052632 0.44444444444444 0.44444444444444 0.47058823529412 0.4 0.4 0.44444444444444 0.42105263157895 
1262306890 0.23076923076923 0.5 0.66666666666667 0.4 0.47368421052632 0.47368421052632 0.44444444444444 0.44444444444444 0.47058823529412 0.4 0.4 0.44444444444444 0.42105263157895 
1262306901 0.23076923076923 0.5 0.66666666666667 0.4 0.47368421052632 0.47368421052632 0.44444444444444 0.44444444444444 0.47058823529412 0.4 0.4 0.44444444444444 0.42105263157895 
1262306904 0.23076923076923 0.5 0.66666666666667 0.4 0.47368421052632 0.47368421052632 0.47368421052632 0.44444444444444 0.47058823529412 0.4 0.4 0.42105263157895 0.42105263157895 
1262306905 0.23076923076923 0.5 0.57142857142857 0.4 0.47368421052632 0.47368421052632 0.47368421052632 0.44444444444444 0.47058823529412 0.4 0.4 0.42105263157895 0.42105263157895 
1262306926 0.23076923076923 0.5 0.57142857142857 0.4 0.47368421052632 0.47368421052632 0.47368421052632 0.44444444444444 0.47058823529412 0.4 0.4 0.42105263157895 0.42105263157895 
1262306990 0.23076923076923 0.5 0.57142857142857 0.4 0.47368421052632 0.5 0.47368421052632 0.44444444444444 0.47058823529412 0.4 0.4 0.42105263157895 0.42105263157895 
1262307001 0.23076923076923 0.5 0.57142857142857 0.45454545454545 0.47368421052632 0.5 0.47368421052632 0.44444444444444 0.47058823529412 0.4 0.4 0.42105263157895 0.42105263157895 
1262307004 0.23076923076923 0.5 0.57142857142857 0.45454545454545 0.47368421052632 0.5 0.47368421052632 0.44444444444444 0.47058823529412 0.42857142857143 0.4 0.42105263157895 0.45 
1262307005 0.23076923076923 0.5 0.53333333333333 0.45454545454545 0.47368421052632 0.5 0.47368421052632 0.44444444444444 0.47058823529412 0.42857142857143 0.4 0.42105263157895 0.45 
1262307026 0.23076923076923 0.5 0.53333333333333 0.45454545454545 0.47368421052632 0.5 0.47368421052632 0.44444444444444 0.47058823529412 0.42857142857143 0.4 0.42105263157895 0.45 
1262307090 0.23076923076923 0.5 0.53333333333333 0.45454545454545 0.47368421052632 0.5 0.47368421052632 0.44444444444444 0.47058823529412 0.42857142857143 0.4 0.42105263157895 0.45 
1262307101 0.23076923076923 0.5 0.53333333333333 0.43478260869565 0.47368421052632 0.5 0.47368421052632 0.44444444444444 0.47058823529412 0.42857142857143 0.4 0.42105263157895 0.45 
1262307104 0.23076923076923 0.5 0.53333333333333 0.43478260869565 0.47368421052632 0.5 0.47619047619048 0.44444444444444 0.47368421052632 0.43478260869565 0.4 0.45 0.45 
1262307105 0.23076923076923 0.5 0.53333333333333 0.43478260869565 0.47368421052632 0.5 0.47619047619048 0.44444444444444 0.47368421052632 0.43478260869565 0.4 0.45 0.45 
1262307126 0.23076923076923 0.5 0.53333333333333 0.43478260869565 0.47619047619048 0.5 0.47619047619048 0.44444444444444 0.47368421052632 0.43478260869565 0.4 0.45 0.45 
1262307190 0.23076923076923 0.5 0.53333333333333 0.43478260869565 0.47619047619048 0.5 0.47619047619048 0.44444444444444 0.47368421052632 0.43478260869565 0.4 0.45 0.45 
1262307202 0.23076923076923 0.5 0.53333333333333 0.45833333333333 0.47619047619048 0.5 0.47619047619048 0.44444444444444 0.47368421052632 0.43478260869565 0.4 0.45 0.45 
1262307204 0.23076923076923 0.5 0.53333333333333 0.45833333333333 0.47619047619048 0.5 0.5 0.44444444444444 0.42857142857143 0.43478260869565 0.45454545454545 0.43478260869565 0.42857142857143 
1262307205 0.23076923076923 0.5 0.5 0.45833333333333 0.47619047619048 0.5 0.5 0.44444444444444 0.42857142857143 0.43478260869565 0.45454545454545 0.43478260869565 0.42857142857143 
1262307226 0.23076923076923 0.5 0.5 0.45833333333333 0.47619047619048 0.5 0.5 0.5 0.42857142857143 0.43478260869565 0.45454545454545 0.43478260869565 0.42857142857143 
1262307290 0.23076923076923 0.5 0.5 0.45833333333333 0.47619047619048 0.52380952380952 0.5 0.5 0.42857142857143 0.43478260869565 0.45454545454545 0.43478260869565 0.42857142857143 
1262307302 0.23076923076923 0.5 0.5 0.45833333333333 0.47619047619048 0.52380952380952 0.5 0.5 0.42857142857143 0.43478260869565 0.45454545454545 0.43478260869565 0.42857142857143 
1262307304 0.23076923076923 0.5 0.5 0.45833333333333 0.47619047619048 0.52380952380952 0.5 0.5 0.42857142857143 0.43478260869565 0.43478260869565 0.43478260869565 0.43478260869565 
1262307305 0.23076923076923 0.5 0.47058823529412 0.45833333333333 0.47619047619048 0.52380952380952 0.5 0.5 0.42857142857143 0.43478260869565 0.43478260869565 0.43478260869565 0.43478260869565 
1262307326 0.23076923076923 0.5 0.47058823529412 0.45833333333333 0.47826086956522 0.52380952380952 0.5 0.5 0.42857142857143 0.43478260869565 0.43478260869565 0.43478260869565 0.43478260869565 
1262307388 0.23076923076923 0.5 0.47058823529412 0.45833333333333 0.47826086956522 0.52380952380952 0.5 0.5 0.42857142857143 0.43478260869565 0.43478260869565 0.43478260869565 0.43478260869565 
1262307390 0.28571428571429 0.5 0.47058823529412 0.45833333333333 0.47826086956522 0.52380952380952 0.5 0.5 0.42857142857143 0.43478260869565 0.43478260869565 0.43478260869565 0.43478260869565 
1262307402 0.28571428571429 0.5 0.47058823529412 0.45833333333333 0.47826086956522 0.52380952380952 0.5 0.5 0.42857142857143 0.43478260869565 0.43478260869565 0.43478260869565 0.43478260869565 
1262307404 0.28571428571429 0.5 0.47058823529412 0.45833333333333 0.47826086956522 0.52380952380952 0.5 0.5 0.42857142857143 0.43478260869565 0.43478260869565 0.43478260869565 0.43478260869565 
1262307405 0.28571428571429 0.5 0.47058823529412 0.45833333333333 0.47826086956522 0.52380952380952 0.5 0.5 0.42857142857143 0.43478260869565 0.43478260869565 0.43478260869565 0.43478260869565 
1262307426 0.28571428571429 0.5 0.47058823529412 0.45833333333333 0.47826086956522 0.52380952380952 0.5 0.47826086956522 0.42857142857143 0.43478260869565 0.43478260869565 0.43478260869565 0.43478260869565 
1262307488 0.28571428571429 0.5 0.47058823529412 0.45833333333333 0.47826086956522 0.52380952380952 0.5 0.47826086956522 0.42857142857143 0.43478260869565 0.43478260869565 0.43478260869565 0.43478260869565 
1262307490 0.33333333333333 0.5 0.47058823529412 0.45833333333333 0.47826086956522 0.5 0.5 0.47826086956522 0.42857142857143 0.43478260869565 0.43478260869565 0.43478260869565 0.43478260869565 
1262307491 0.33333333333333 0.5 0.47058823529412 0.45833333333333 0.47826086956522 0.5 0.5 0.47826086956522 0.45454545454545 0.43478260869565 0.43478260869565 0.43478260869565 0.43478260869565 
1262307502 0.33333333333333 0.5 0.47058823529412 0.45833333333333 0.47826086956522 0.5 0.5 0.47826086956522 0.45454545454545 0.43478260869565 0.43478260869565 0.43478260869565 0.43478260869565 
1262307504 0.33333333333333 0.5 0.47058823529412 0.45833333333333 0.47826086956522 0.5 0.5 0.47826086956522 0.45454545454545 0.43478260869565 0.45833333333333 0.43478260869565 0.45833333333333 
1262307505 0.33333333333333 0.5 0.47058823529412 0.45833333333333 0.47826086956522 0.5 0.5 0.47826086956522 0.45454545454545 0.43478260869565 0.45833333333333 0.43478260869565 0.45833333333333 
1262307526 0.33333333333333 0.5 0.47058823529412 0.45833333333333 0.47826086956522 0.5 0.5 0.47826086956522 0.45454545454545 0.43478260869565 0.45833333333333 0.43478260869565 0.45833333333333 
1262307588 0.33333333333333 0.5 0.47058823529412 0.45833333333333 0.47826086956522 0.5 0.5 0.47826086956522 0.45454545454545 0.43478260869565 0.45833333333333 0.43478260869565 0.45833333333333 
1262307590 0.33333333333333 0.5 0.47058823529412 0.45833333333333 0.47826086956522 0.52173913043478 0.5 0.47826086956522 0.45454545454545 0.43478260869565 0.45833333333333 0.43478260869565 0.45833333333333 
1262307591 0.33333333333333 0.5 0.47058823529412 0.45833333333333 0.47826086956522 0.52173913043478 0.5 0.47826086956522 0.45833333333333 0.43478260869565 0.45833333333333 0.43478260869565 0.45833333333333 
1262307602 0.33333333333333 0.5 0.47058823529412 0.45833333333333 0.47826086956522 0.52173913043478 0.5 0.47826086956522 0.45833333333333 0.43478260869565 0.45833333333333 0.43478260869565 0.45833333333333 
1262307604 0.33333333333333 0.5 0.47058823529412 0.45833333333333 0.47826086956522 0.52173913043478 0.45833333333333 0.47826086956522 0.45833333333333 0.43478260869565 0.45833333333333 0.45833333333333 0.44 
1262307605 0.33333333333333 0.5 0.44444444444444 0.45833333333333 0.47826086956522 0.52173913043478 0.45833333333333 0.47826086956522 0.45833333333333 0.43478260869565 0.45833333333333 0.45833333333333 0.44 
1262307626 0.33333333333333 0.5 0.44444444444444 0.45833333333333 0.45833333333333 0.52173913043478 0.45833333333333 0.47826086956522 0.45833333333333 0.43478260869565 0.45833333333333 0.45833333333333 0.44 
1262307688 0.33333333333333 0.5 0.44444444444444 0.45833333333333 0.45833333333333 0.52173913043478 0.45833333333333 0.47826086956522 0.45833333333333 0.43478260869565 0.45833333333333 0.45833333333333 0.44 
1262307690 0.375 0.5 0.44444444444444 0.45833333333333 0.45833333333333 0.48 0.45833333333333 0.47826086956522 0.45833333333333 0.43478260869565 0.45833333333333 0.45833333333333 0.44 
1262307691 0.375 0.5 0.44444444444444 0.45833333333333 0.45833333333333 0.48 0.45833333333333 0.47826086956522 0.45833333333333 0.43478260869565 0.45833333333333 0.45833333333333 0.44 
1262307702 0.375 0.5 0.44444444444444 0.45833333333333 0.45833333333333 0.48 0.45833333333333 0.47826086956522 0.45833333333333 0.43478260869565 0.45833333333333 0.45833333333333 0.44 
1262307704 0.375 0.5 0.44444444444444 0.45833333333333 0.45833333333333 0.48 0.45833333333333 0.47826086956522 0.45833333333333 0.48 0.45833333333333 0.46153846153846 0.44 
1262307705 0.375 0.5 0.44444444444444 0.45833333333333 0.45833333333333 0.48 0.45833333333333 0.47826086956522 0.45833333333333 0.48 0.45833333333333 0.46153846153846 0.44 
1262307726 0.375 0.5 0.44444444444444 0.45833333333333 0.45833333333333 0.48 0.45833333333333 0.47826086956522 0.45833333333333 0.48 0.45833333333333 0.46153846153846 0.44 
1262307788 0.375 0.5 0.44444444444444 0.45833333333333 0.45833333333333 0.48 0.45833333333333 0.47826086956522 0.45833333333333 0.48 0.45833333333333 0.46153846153846 0.44 
1262307790 0.375 0.5 0.44444444444444 0.45833333333333 0.45833333333333 0.46153846153846 0.45833333333333 0.47826086956522 0.45833333333333 0.48 0.45833333333333 0.46153846153846 0.44 
1262307791 0.375 0.5 0.44444444444444 0.45833333333333 0.45833333333333 0.46153846153846 0.45833333333333 0.47826086956522 0.45833333333333 0.48 0.45833333333333 0.46153846153846 0.44 
1262307802 0.375 0.5 0.44444444444444 0.45833333333333 0.45833333333333 0.46153846153846 0.45833333333333 0.47826086956522 0.45833333333333 0.48 0.45833333333333 0.46153846153846 0.44 
1262307804 0.375 0.5 0.44444444444444 0.45833333333333 0.45833333333333 0.46153846153846 0.44 0.47826086956522 0.45833333333333 0.44444444444444 0.45833333333333 0.46153846153846 0.46153846153846 
1262307805 0.375 0.5 0.44444444444444 0.45833333333333 0.45833333333333 0.46153846153846 0.44 0.47826086956522 0.45833333333333 0.44444444444444 0.45833333333333 0.46153846153846 0.46153846153846 
1262307826 0.375 0.5 0.44444444444444 0.45833333333333 0.45833333333333 0.46153846153846 0.44 0.45833333333333 0.45833333333333 0.44444444444444 0.45833333333333 0.46153846153846 0.46153846153846 
1262307888 0.375 0.5 0.44444444444444 0.45833333333333 0.45833333333333 0.46153846153846 0.44 0.45833333333333 0.45833333333333 0.44444444444444 0.45833333333333 0.46153846153846 0.46153846153846 
1262307890 0.44444444444444 0.5 0.44444444444444 0.45833333333333 0.45833333333333 0.46153846153846 0.44 0.45833333333333 0.45833333333333 0.44444444444444 0.45833333333333 0.46153846153846 0.46153846153846 
1262307891 0.44444444444444 0.5 0.44444444444444 0.45833333333333 0.45833333333333 0.46153846153846 0.44 0.45833333333333 0.44 0.44444444444444 0.45833333333333 0.46153846153846 0.46153846153846 
1262307902 0.44444444444444 0.5 0.44444444444444 0.42307692307692 0.45833333333333 0.46153846153846 0.44 0.45833333333333 0.44 0.44444444444444 0.45833333333333 0.46153846153846 0.46153846153846 
1262307904 0.44444444444444 0.5 0.44444444444444 0.42307692307692 0.45833333333333 0.46153846153846 0.44 0.45833333333333 0.44 0.44444444444444 0.48 0.46153846153846 0.46153846153846 
1262307905 0.44444444444444 0.5 0.44444444444444 0.42307692307692 0.45833333333333 0.46153846153846 0.44 0.45833333333333 0.44 0.44444444444444 0.48 0.46153846153846 0.46153846153846 
1262307926 0.44444444444444 0.5 0.44444444444444 0.42307692307692 0.44 0.46153846153846 0.44 0.45833333333333 0.44 0.44444444444444 0.48 0.46153846153846 0.46153846153846 
1262307988 0.44444444444444 0.5 0.44444444444444 0.42307692307692 0.44 0.46153846153846 0.44 0.45833333333333 0.44 0.44444444444444 0.48 0.46153846153846 0.46153846153846 
1262307990 0.44444444444444 0.5 0.44444444444444 0.42307692307692 0.44 0.46153846153846 0.44 0.45833333333333 0.44 0.44444444444444 0.48 0.46153846153846 0.46153846153846 
1262307991 0.44444444444444 0.5 0.44444444444444 0.42307692307692 0.44 0.46153846153846 0.44 0.45833333333333 0.46153846153846 0.44444444444444 0.48 0.46153846153846 0.46153846153846 
1262308002 0.44444444444444 0.5 0.44444444444444 0.42307692307692 0.44 0.46153846153846 0.44 0.45833333333333 0.46153846153846 0.44444444444444 0.48 0.46153846153846 0.46153846153846 
1262308004 0.44444444444444 0.5 0.44444444444444 0.42307692307692 0.44 0.46153846153846 0.44 0.45833333333333 0.46153846153846 0.44444444444444 0.46153846153846 0.46153846153846 0.46153846153846 
1262308005 0.44444444444444 0.5 0.4 0.42307692307692 0.44 0.46153846153846 0.44 0.45833333333333 0.46153846153846 0.44444444444444 0.46153846153846 0.46153846153846 0.46153846153846 
1262308026 0.44444444444444 0.5 0.4 0.42307692307692 0.44 0.46153846153846 0.44 0.42307692307692 0.46153846153846 0.44444444444444 0.46153846153846 0.46153846153846 0.46153846153846 
1262308088 0.44444444444444 0.5 0.4 0.42307692307692 0.44 0.46153846153846 0.44 0.42307692307692 0.46153846153846 0.44444444444444 0.46153846153846 0.46153846153846 0.46153846153846 
1262308090 0.44444444444444 0.5 0.4 0.42307692307692 0.44 0.44444444444444 0.44 0.42307692307692 0.46153846153846 0.44444444444444 0.46153846153846 0.46153846153846 0.46153846153846 
1262308091 0.44444444444444 0.5 0.4 0.42307692307692 0.44 0.44444444444444 0.44 0.42307692307692 0.46153846153846 0.44444444444444 0.46153846153846 0.46153846153846 0.46153846153846 
1262308102 0.44444444444444 0.5 0.4 0.44444444444444 0.44 0.44444444444444 0.44 0.42307692307692 0.46153846153846 0.44444444444444 0.46153846153846 0.46153846153846 0.46153846153846 
1262308104 0.44444444444444 0.5 0.4 0.44444444444444 0.44 0.44444444444444 0.44444444444444 0.42307692307692 0.46153846153846 0.44444444444444 0.44444444444444 0.46153846153846 0.46153846153846 
1262308105 0.44444444444444 0.5 0.36363636363636 0.44444444444444 0.44 0.44444444444444 0.44444444444444 0.42307692307692 0.46153846153846 0.44444444444444 0.44444444444444 0.46153846153846 0.46153846153846 
1262308126 0.44444444444444 0.5 0.36363636363636 0.44444444444444 0.44 0.44444444444444 0.44444444444444 0.42307692307692 0.46153846153846 0.44444444444444 0.44444444444444 0.46153846153846 0.46153846153846 
1262308188 0.44444444444444 0.5 0.36363636363636 0.44444444444444 0.44 0.44444444444444 0.44444444444444 0.42307692307692 0.46153846153846 0.44444444444444 0.44444444444444 0.46153846153846 0.46153846153846 
1262308190 0.5 0.5 0.36363636363636 0.44444444444444 0.44 0.46428571428571 0.44444444444444 0.42307692307692 0.46153846153846 0.44444444444444 0.44444444444444 0.46153846153846 0.46153846153846 
1262308191 0.5 0.5 0.36363636363636 0.44444444444444 0.44 0.46428571428571 0.44444444444444 0.42307692307692 0.48148148148148 0.44444444444444 0.44444444444444 0.46153846153846 0.46153846153846 
1262308202 0.5 0.5 0.36363636363636 0.44444444444444 0.44 0.46428571428571 0.44444444444444 0.42307692307692 0.48148148148148 0.44444444444444 0.44444444444444 0.46153846153846 0.46153846153846 
1262308204 0.5 0.5 0.36363636363636 0.44444444444444 0.44 0.46428571428571 0.46428571428571 0.42307692307692 0.48148148148148 0.44444444444444 0.44444444444444 0.46153846153846 0.44444444444444 
1262308205 0.5 0.5 0.36363636363636 0.44444444444444 0.44 0.46428571428571 0.46428571428571 0.42307692307692 0.48148148148148 0.44444444444444 0.44444444444444 0.46153846153846 0.44444444444444 
1262308226 0.5 0.5 0.36363636363636 0.44444444444444 0.46153846153846 0.46428571428571 0.46428571428571 0.42307692307692 0.48148148148148 0.44444444444444 0.44444444444444 0.46153846153846 0.44444444444444 
1262308288 0.5 0.5 0.36363636363636 0.44444444444444 0.46153846153846 0.46428571428571 0.46428571428571 0.42307692307692 0.48148148148148 0.44444444444444 0.44444444444444 0.46153846153846 0.44444444444444 
1262308290 0.5 0.5 0.36363636363636 0.44444444444444 0.46153846153846 0.48275862068966 0.46428571428571 0.42307692307692 0.48148148148148 0.44444444444444 0.44444444444444 0.46153846153846 0.44444444444444 
1262308291 0.5 0.5 0.36363636363636 0.44444444444444 0.46153846153846 0.48275862068966 0.46428571428571 0.42307692307692 0.48148148148148 0.44444444444444 0.44444444444444 0.46153846153846 0.44444444444444 
1262308302 0.5 0.5 0.36363636363636 0.44444444444444 0.46153846153846 0.48275862068966 0.46428571428571 0.42307692307692 0.48148148148148 0.44444444444444 0.44444444444444 0.46153846153846 0.44444444444444 
1262308304 0.5 0.5 0.36363636363636 0.44444444444444 0.46153846153846 0.48275862068966 0.46428571428571 0.42307692307692 0.48148148148148 0.44444444444444 0.44444444444444 0.44444444444444 0.44444444444444 
1262308305 0.5 0.5 0.36363636363636 0.44444444444444 0.46153846153846 0.48275862068966 0.46428571428571 0.42307692307692 0.48148148148148 0.44444444444444 0.44444444444444 0.44444444444444 0.44444444444444 
1262308326 0.5 0.5 0.36363636363636 0.44444444444444 0.48148148148148 0.48275862068966 0.46428571428571 0.46428571428571 0.48148148148148 0.44444444444444 0.44444444444444 0.44444444444444 0.44444444444444 
1262308388 0.5 0.5 0.36363636363636 0.44444444444444 0.48148148148148 0.48275862068966 0.46428571428571 0.46428571428571 0.48148148148148 0.44444444444444 0.44444444444444 0.44444444444444 0.44444444444444 
1262308390 0.5 0.5 0.36363636363636 0.44444444444444 0.48148148148148 0.48275862068966 0.46428571428571 0.46428571428571 0.48148148148148 0.44444444444444 0.44444444444444 0.44444444444444 0.44444444444444 
1262308391 0.5 0.5 0.36363636363636 0.44444444444444 0.48148148148148 0.48275862068966 0.46428571428571 0.46428571428571 0.48148148148148 0.44444444444444 0.44444444444444 0.44444444444444 0.44444444444444 
1262308402 0.5 0.5 0.36363636363636 0.44444444444444 0.48148148148148 0.48275862068966 0.46428571428571 0.46428571428571 0.48148148148148 0.44444444444444 0.44444444444444 0.44444444444444 0.44444444444444 
1262308404 0.5 0.5 0.36363636363636 0.44444444444444 0.48148148148148 0.48275862068966 0.48275862068966 0.46428571428571 0.48148148148148 0.44444444444444 0.44444444444444 0.44444444444444 0.44444444444444 
1262308405 0.5 0.5 0.34782608695652 0.44444444444444 0.48148148148148 0.48275862068966 0.48275862068966 0.46428571428571 0.48148148148148 0.44444444444444 0.44444444444444 0.44444444444444 0.44444444444444 
1262308426 0.5 0.5 0.34782608695652 0.44444444444444 0.48148148148148 0.48275862068966 0.48275862068966 0.46428571428571 0.48148148148148 0.44444444444444 0.44444444444444 0.44444444444444 0.44444444444444 
1262308488 0.5 0.5 0.34782608695652 0.44444444444444 0.48148148148148 0.48275862068966 0.48275862068966 0.46428571428571 0.48148148148148 0.44444444444444 0.44444444444444 0.44444444444444 0.44444444444444 
1262308490 0.52380952380952 0.5 0.34782608695652 0.44444444444444 0.48148148148148 0.48275862068966 0.48275862068966 0.46428571428571 0.48148148148148 0.44444444444444 0.44444444444444 0.44444444444444 0.44444444444444 
1262308491 0.52380952380952 0.5 0.34782608695652 0.44444444444444 0.48148148148148 0.48275862068966 0.48275862068966 0.46428571428571 0.46428571428571 0.44444444444444 0.44444444444444 0.44444444444444 0.44444444444444 
