arrived:	node1#19	1
arrived:	node1#5	1
arrived:	node3#7	1
arrived:	node3#9	1
arrived:	node1#14	1
arrived:	node1#30	1
arrived:	node3#17	1
arrived:	node3#4	1
arrived:	node1#8	1
arrived:	node1#4	1
arrived:	node1#38	1
arrived:	node3#30	1
arrived:	node1#15	1
arrived:	node3#5	1
arrived:	node3#3	1
arrived:	node3#22	1
arrived:	node3#25	1
arrived:	node3#6	1
arrived:	node3#2	1
arrived:	node3#1	1
arrived:	node1#1	1
arrived:	node1#3	1
arrived:	node1#7	1
arrived:	node1#2	1
NOTIFS:
node3	:	60	sent
node1	:	60	sent
SUBS:
on	node1
	node1	:	12	received
on	node3
	node3	:	12	received
1262304604 - 0.5 - - - 0.5 0.5 - - - 0.5 - - 
1262304704 - 0.5 - - 0.5 0.5 0.5 0.5 - 0.5 0.5 - 0.5 
1262304773 - 0.5 - 0.5 0.5 0.5 0.5 0.5 - 0.5 0.5 0.5 0.5 
1262304804 - 0.5 - 0.5 0.5 0.5 0.5 0.5 0.5 0.5 0.5 0.5 0.5 
1262304873 - 0.5 - 0.5 0.5 0.5 0.5 0.5 0.5 0.5 0.5 0.45454545454545 0.5 
1262304904 - 0.5 - 0.5 0.5 0.5 0.5 0.5 0.5 0.5 0.5 0.45454545454545 0.5 
1262304973 - 0.5 - 0.5 0.5 0.5 0.5 0.5 0.5 0.5 0.5 0.45454545454545 0.5 
1262305004 - 0.5 1 0.5 0.45454545454545 0.5 0.5 0.5 0.44444444444444 0.5 0.5 0.45454545454545 0.5 
1262305073 - 0.5 1 0.5 0.45454545454545 0.5 0.5 0.5 0.44444444444444 0.5 0.5 0.45454545454545 0.5 
1262305104 - 0.5 1 0.5 0.45454545454545 0.5 0.5 0.45454545454545 0.44444444444444 0.5 0.5 0.45454545454545 0.5 
1262305173 - 0.5 1 0.54545454545455 0.45454545454545 0.5 0.5 0.45454545454545 0.44444444444444 0.5 0.5 0.45454545454545 0.5 
1262305204 0 0.5 1 0.54545454545455 0.45454545454545 0.5 0.5 0.5 0.44444444444444 0.45454545454545 0.5 0.45454545454545 0.5 
1262305273 0 0.5 1 0.58333333333333 0.45454545454545 0.5 0.5 0.5 0.44444444444444 0.45454545454545 0.5 0.45454545454545 0.5 
1262305304 0 0.5 1 0.58333333333333 0.41666666666667 0.375 0.5 0.5 0.44444444444444 0.45454545454545 0.44444444444444 0.45454545454545 0.46153846153846 
1262305373 0 0.5 1 0.64285714285714 0.41666666666667 0.375 0.5 0.5 0.44444444444444 0.45454545454545 0.44444444444444 0.45454545454545 0.46153846153846 
1262305404 0 0.5 1 0.64285714285714 0.5 0.5 0.5 0.53333333333333 0.44444444444444 0.41666666666667 0.44444444444444 0.45454545454545 0.46153846153846 
1262305473 0 0.5 1 0.6 0.5 0.5 0.5 0.53333333333333 0.44444444444444 0.41666666666667 0.44444444444444 0.45454545454545 0.46153846153846 
1262305504 0 0.5 1 0.6 0.53333333333333 0.5 0.5 0.53333333333333 0.45454545454545 0.5 0.46153846153846 0.45454545454545 0.46666666666667 
1262305573 0 0.5 1 0.5625 0.53333333333333 0.5 0.5 0.53333333333333 0.45454545454545 0.5 0.46153846153846 0.46153846153846 0.46666666666667 
1262305604 0 0.5 1 0.5625 0.53333333333333 0.53333333333333 0.45454545454545 0.53333333333333 0.45454545454545 0.5 0.46153846153846 0.46153846153846 0.46666666666667 
1262305673 0 0.5 1 0.58823529411765 0.53333333333333 0.53333333333333 0.45454545454545 0.53333333333333 0.45454545454545 0.5 0.46153846153846 0.42857142857143 0.46666666666667 
1262305704 0 0.5 1 0.58823529411765 0.53333333333333 0.52941176470588 0.5 0.53333333333333 0.5 0.5 0.46153846153846 0.42857142857143 0.46666666666667 
1262305773 0 0.5 1 0.58823529411765 0.53333333333333 0.52941176470588 0.5 0.53333333333333 0.5 0.5 0.46153846153846 0.46666666666667 0.46666666666667 
1262305804 0 0.5 1 0.58823529411765 0.53333333333333 0.52941176470588 0.53333333333333 0.53333333333333 0.46666666666667 0.52941176470588 0.5 0.46666666666667 0.46666666666667 
1262305873 0 0.5 1 0.55555555555556 0.53333333333333 0.52941176470588 0.53333333333333 0.53333333333333 0.46666666666667 0.52941176470588 0.5 0.46666666666667 0.46666666666667 
1262305904 0 0.5 1 0.55555555555556 0.52941176470588 0.52941176470588 0.52941176470588 0.52941176470588 0.46666666666667 0.52941176470588 0.5625 0.46666666666667 0.52941176470588 
1262305973 0 0.5 1 0.55555555555556 0.52941176470588 0.52941176470588 0.52941176470588 0.52941176470588 0.46666666666667 0.52941176470588 0.5625 0.46666666666667 0.52941176470588 
1262306004 0 0.5 1 0.55555555555556 0.52941176470588 0.52941176470588 0.52941176470588 0.52941176470588 0.5 0.52941176470588 0.5625 0.46666666666667 0.52941176470588 
1262306073 0 0.5 1 0.55555555555556 0.52941176470588 0.52941176470588 0.52941176470588 0.52941176470588 0.5 0.52941176470588 0.5625 0.52941176470588 0.52941176470588 
1262306104 0 0.5 1 0.55555555555556 0.52941176470588 0.52941176470588 0.52941176470588 0.52941176470588 0.47058823529412 0.52941176470588 0.5625 0.52941176470588 0.52941176470588 
1262306173 0 0.5 1 0.55555555555556 0.52941176470588 0.52941176470588 0.52941176470588 0.52941176470588 0.47058823529412 0.52941176470588 0.5625 0.52941176470588 0.52941176470588 
1262306204 0 0.5 1 0.55555555555556 0.52941176470588 0.52941176470588 0.5 0.52941176470588 0.44444444444444 0.52941176470588 0.5625 0.52941176470588 0.52941176470588 
1262306273 0 0.5 1 0.55555555555556 0.52941176470588 0.52941176470588 0.5 0.52941176470588 0.44444444444444 0.52941176470588 0.5625 0.52941176470588 0.52941176470588 
1262306304 0 0.5 1 0.55555555555556 0.5 0.52941176470588 0.5 0.5 0.44444444444444 0.52941176470588 0.5 0.52941176470588 0.52941176470588 
1262306373 0 0.5 1 0.55555555555556 0.5 0.52941176470588 0.5 0.5 0.44444444444444 0.52941176470588 0.5 0.5 0.52941176470588 
1262306404 0 0.5 1 0.55555555555556 0.5 0.5 0.5 0.5 0.44444444444444 0.52941176470588 0.52631578947368 0.5 0.52941176470588 
1262306473 0 0.5 1 0.55555555555556 0.5 0.5 0.5 0.5 0.44444444444444 0.52941176470588 0.52631578947368 0.47368421052632 0.52941176470588 
1262306504 0 0.5 1 0.55555555555556 0.5 0.5 0.5 0.52631578947368 0.44444444444444 0.52941176470588 0.52631578947368 0.47368421052632 0.47368421052632 
1262306573 0 0.5 1 0.55555555555556 0.5 0.5 0.5 0.52631578947368 0.44444444444444 0.52941176470588 0.52631578947368 0.47368421052632 0.47368421052632 
1262306604 0 0.5 1 0.55555555555556 0.5 0.47368421052632 0.52631578947368 0.52631578947368 0.44444444444444 0.52941176470588 0.5 0.47368421052632 0.5 
1262306666 0 0.5 1 0.55555555555556 0.5 0.47368421052632 0.52631578947368 0.52631578947368 0.47368421052632 0.52941176470588 0.5 0.47368421052632 0.5 
1262306673 0 0.5 1 0.57894736842105 0.5 0.47368421052632 0.52631578947368 0.52631578947368 0.47368421052632 0.52941176470588 0.5 0.47368421052632 0.5 
1262306704 0 0.5 1 0.57894736842105 0.52631578947368 0.47368421052632 0.52631578947368 0.52631578947368 0.47368421052632 0.52941176470588 0.5 0.47368421052632 0.5 
1262306766 0 0.5 1 0.57894736842105 0.52631578947368 0.47368421052632 0.52631578947368 0.52631578947368 0.47619047619048 0.52941176470588 0.5 0.47368421052632 0.5 
1262306773 0 0.5 1 0.57894736842105 0.52631578947368 0.47368421052632 0.52631578947368 0.52631578947368 0.47619047619048 0.52941176470588 0.5 0.47368421052632 0.5 
1262306804 0 0.5 1 0.57894736842105 0.52631578947368 0.47368421052632 0.52631578947368 0.52631578947368 0.47619047619048 0.52941176470588 0.5 0.47368421052632 0.52380952380952 
1262306855 0 0.5 1 0.57894736842105 0.52631578947368 0.47368421052632 0.52631578947368 0.52631578947368 0.47619047619048 0.5 0.5 0.47368421052632 0.52380952380952 
1262306866 0 0.5 1 0.57894736842105 0.52631578947368 0.47368421052632 0.52631578947368 0.52631578947368 0.47619047619048 0.5 0.5 0.47368421052632 0.52380952380952 
1262306873 0 0.5 1 0.57894736842105 0.52631578947368 0.47368421052632 0.52631578947368 0.52631578947368 0.47619047619048 0.5 0.5 0.47368421052632 0.52380952380952 
1262306904 0 0.5 1 0.57894736842105 0.52631578947368 0.47368421052632 0.52631578947368 0.52631578947368 0.47619047619048 0.5 0.5 0.47368421052632 0.52380952380952 
1262306955 0 0.5 1 0.57894736842105 0.52631578947368 0.47368421052632 0.52631578947368 0.52631578947368 0.47619047619048 0.45 0.5 0.47368421052632 0.52380952380952 
1262306966 0 0.5 1 0.57894736842105 0.52631578947368 0.47368421052632 0.52631578947368 0.52631578947368 0.45454545454545 0.45 0.5 0.47368421052632 0.52380952380952 
1262306973 0 0.5 1 0.55 0.52631578947368 0.47368421052632 0.52631578947368 0.52631578947368 0.45454545454545 0.45 0.5 0.45 0.52380952380952 
1262307004 0 0.5 1 0.55 0.52631578947368 0.47368421052632 0.55 0.52631578947368 0.45454545454545 0.45 0.5 0.45 0.52380952380952 
1262307023 0 0.5 1 0.55 0.52631578947368 0.47368421052632 0.55 0.52631578947368 0.45454545454545 0.45 0.5 0.45 0.52380952380952 
1262307055 0 0.5 1 0.55 0.52631578947368 0.5 0.55 0.52631578947368 0.45454545454545 0.47619047619048 0.5 0.45 0.52380952380952 
1262307066 0 0.5 1 0.55 0.52631578947368 0.5 0.55 0.52631578947368 0.45454545454545 0.47619047619048 0.5 0.45 0.52380952380952 
1262307073 0 0.5 1 0.55 0.52631578947368 0.5 0.55 0.52631578947368 0.45454545454545 0.47619047619048 0.5 0.45 0.52380952380952 
1262307104 0 0.5 0.90909090909091 0.55 0.55 0.5 0.55 0.55 0.45454545454545 0.47619047619048 0.5 0.45 0.52380952380952 
1262307123 0 0.5 0.90909090909091 0.55 0.55 0.5 0.55 0.55 0.45454545454545 0.47619047619048 0.5 0.45 0.52380952380952 
1262307155 0 0.5 0.90909090909091 0.55 0.55 0.5 0.55 0.55 0.45454545454545 0.5 0.5 0.45 0.52380952380952 
1262307166 0 0.5 0.90909090909091 0.55 0.55 0.5 0.55 0.55 0.45454545454545 0.5 0.5 0.45 0.52380952380952 
1262307173 0 0.5 0.90909090909091 0.55 0.55 0.5 0.55 0.55 0.45454545454545 0.5 0.5 0.45 0.52380952380952 
1262307204 0 0.5 0.83333333333333 0.55 0.5 0.5 0.55 0.55 0.45454545454545 0.5 0.5 0.45 0.54545454545455 
1262307223 0 0.5 0.83333333333333 0.55 0.5 0.5 0.55 0.55 0.45454545454545 0.5 0.5 0.45 0.54545454545455 
1262307255 0 0.5 0.83333333333333 0.55 0.5 0.5 0.55 0.55 0.45454545454545 0.5 0.5 0.45 0.54545454545455 
1262307266 0 0.5 0.83333333333333 0.55 0.5 0.5 0.55 0.55 0.45454545454545 0.5 0.5 0.45 0.54545454545455 
1262307273 0 0.5 0.83333333333333 0.55 0.5 0.5 0.55 0.55 0.45454545454545 0.5 0.5 0.5 0.54545454545455 
1262307304 0 0.5 0.76923076923077 0.55 0.5 0.5 0.55 0.55 0.45454545454545 0.5 0.5 0.5 0.52173913043478 
1262307323 0 0.5 0.76923076923077 0.55 0.5 0.5 0.55 0.55 0.45454545454545 0.5 0.54166666666667 0.5 0.52173913043478 
1262307355 0 0.5 0.76923076923077 0.55 0.5 0.5 0.55 0.55 0.45454545454545 0.5 0.54166666666667 0.5 0.52173913043478 
1262307366 0 0.5 0.76923076923077 0.55 0.5 0.5 0.55 0.55 0.5 0.5 0.54166666666667 0.5 0.52173913043478 
1262307373 0 0.5 0.76923076923077 0.55 0.5 0.5 0.55 0.55 0.5 0.5 0.54166666666667 0.54166666666667 0.52173913043478 
1262307397 0 0.5 0.76923076923077 0.55 0.5 0.5 0.55 0.55 0.5 0.5 0.54166666666667 0.54166666666667 0.52173913043478 
1262307404 0 0.5 0.71428571428571 0.55 0.47826086956522 0.5 0.55 0.52380952380952 0.5 0.5 0.54166666666667 0.54166666666667 0.52 
1262307423 0 0.5 0.71428571428571 0.55 0.47826086956522 0.5 0.55 0.52380952380952 0.5 0.5 0.54166666666667 0.54166666666667 0.52 
1262307455 0 0.5 0.71428571428571 0.55 0.47826086956522 0.5 0.55 0.52380952380952 0.5 0.52173913043478 0.54166666666667 0.54166666666667 0.52 
1262307466 0 0.5 0.71428571428571 0.55 0.47826086956522 0.5 0.55 0.52380952380952 0.5 0.52173913043478 0.54166666666667 0.54166666666667 0.52 
1262307473 0 0.5 0.71428571428571 0.55 0.47826086956522 0.5 0.55 0.52380952380952 0.5 0.52173913043478 0.54166666666667 0.54166666666667 0.52 
1262307497 0 0.5 0.71428571428571 0.54545454545455 0.47826086956522 0.5 0.55 0.52380952380952 0.5 0.52173913043478 0.54166666666667 0.54166666666667 0.52 
1262307504 0 0.5 0.66666666666667 0.54545454545455 0.47826086956522 0.5 0.55 0.52380952380952 0.5 0.52173913043478 0.54166666666667 0.54166666666667 0.52 
1262307523 0 0.5 0.66666666666667 0.54545454545455 0.47826086956522 0.5 0.55 0.52380952380952 0.5 0.52173913043478 0.54166666666667 0.54166666666667 0.52 
1262307555 0 0.5 0.66666666666667 0.54545454545455 0.47826086956522 0.5 0.55 0.52380952380952 0.5 0.54166666666667 0.54166666666667 0.54166666666667 0.52 
1262307566 0 0.5 0.66666666666667 0.54545454545455 0.47826086956522 0.5 0.55 0.52380952380952 0.5 0.54166666666667 0.54166666666667 0.54166666666667 0.52 
1262307573 0 0.5 0.66666666666667 0.54545454545455 0.47826086956522 0.5 0.55 0.52380952380952 0.5 0.54166666666667 0.54166666666667 0.54166666666667 0.52 
1262307597 0 0.5 0.66666666666667 0.54166666666667 0.47826086956522 0.5 0.55 0.52380952380952 0.5 0.54166666666667 0.54166666666667 0.54166666666667 0.52 
1262307604 0 0.5 0.66666666666667 0.54166666666667 0.47826086956522 0.5 0.5 0.52380952380952 0.5 0.54166666666667 0.54166666666667 0.54166666666667 0.52 
1262307623 0 0.5 0.66666666666667 0.54166666666667 0.47826086956522 0.5 0.5 0.52380952380952 0.5 0.54166666666667 0.54166666666667 0.54166666666667 0.52 
1262307655 0 0.5 0.66666666666667 0.54166666666667 0.47826086956522 0.5 0.5 0.52380952380952 0.5 0.52 0.54166666666667 0.54166666666667 0.52 
1262307666 0 0.5 0.66666666666667 0.54166666666667 0.47826086956522 0.5 0.5 0.52380952380952 0.5 0.52 0.54166666666667 0.54166666666667 0.52 
1262307673 0 0.5 0.66666666666667 0.54166666666667 0.47826086956522 0.5 0.5 0.52380952380952 0.5 0.52 0.54166666666667 0.54166666666667 0.52 
1262307697 0 0.5 0.66666666666667 0.54166666666667 0.47826086956522 0.5 0.5 0.52380952380952 0.5 0.52 0.54166666666667 0.54166666666667 0.52 
1262307704 0.083333333333333 0.5 0.66666666666667 0.54166666666667 0.47826086956522 0.5 0.52173913043478 0.47826086956522 0.5 0.52 0.54166666666667 0.54166666666667 0.52 
1262307723 0.083333333333333 0.5 0.66666666666667 0.54166666666667 0.47826086956522 0.5 0.52173913043478 0.47826086956522 0.5 0.52 0.54166666666667 0.54166666666667 0.52 
1262307755 0.083333333333333 0.5 0.66666666666667 0.54166666666667 0.47826086956522 0.47826086956522 0.52173913043478 0.47826086956522 0.5 0.5 0.54166666666667 0.54166666666667 0.52 
1262307766 0.083333333333333 0.5 0.66666666666667 0.54166666666667 0.47826086956522 0.47826086956522 0.52173913043478 0.47826086956522 0.5 0.5 0.54166666666667 0.54166666666667 0.52 
1262307773 0.083333333333333 0.5 0.66666666666667 0.54166666666667 0.47826086956522 0.47826086956522 0.52173913043478 0.47826086956522 0.5 0.5 0.54166666666667 0.54166666666667 0.52 
1262307797 0.083333333333333 0.5 0.66666666666667 0.52 0.47826086956522 0.47826086956522 0.52173913043478 0.47826086956522 0.5 0.5 0.54166666666667 0.54166666666667 0.52 
1262307804 0.083333333333333 0.5 0.66666666666667 0.52 0.45833333333333 0.47826086956522 0.52173913043478 0.47826086956522 0.5 0.5 0.54166666666667 0.54166666666667 0.5 
1262307823 0.083333333333333 0.5 0.66666666666667 0.52 0.45833333333333 0.47826086956522 0.52173913043478 0.47826086956522 0.5 0.5 0.54166666666667 0.54166666666667 0.5 
1262307855 0.083333333333333 0.5 0.66666666666667 0.52 0.45833333333333 0.47826086956522 0.52173913043478 0.47826086956522 0.5 0.5 0.54166666666667 0.54166666666667 0.5 
1262307866 0.083333333333333 0.5 0.66666666666667 0.52 0.45833333333333 0.47826086956522 0.52173913043478 0.47826086956522 0.5 0.5 0.54166666666667 0.54166666666667 0.5 
1262307873 0.083333333333333 0.5 0.66666666666667 0.52 0.45833333333333 0.47826086956522 0.52173913043478 0.47826086956522 0.5 0.5 0.54166666666667 0.53846153846154 0.5 
1262307897 0.083333333333333 0.5 0.66666666666667 0.52 0.45833333333333 0.47826086956522 0.52173913043478 0.47826086956522 0.5 0.5 0.54166666666667 0.53846153846154 0.5 
1262307904 0.083333333333333 0.5 0.66666666666667 0.52 0.5 0.47826086956522 0.52173913043478 0.47826086956522 0.5 0.5 0.54166666666667 0.53846153846154 0.51851851851852 
1262307923 0.083333333333333 0.5 0.66666666666667 0.52 0.5 0.47826086956522 0.52173913043478 0.47826086956522 0.5 0.5 0.54166666666667 0.53846153846154 0.51851851851852 
1262307955 0.083333333333333 0.5 0.66666666666667 0.52 0.5 0.47826086956522 0.52173913043478 0.47826086956522 0.5 0.53571428571429 0.54166666666667 0.53846153846154 0.51851851851852 
1262307966 0.083333333333333 0.5 0.66666666666667 0.52 0.5 0.47826086956522 0.52173913043478 0.47826086956522 0.51851851851852 0.53571428571429 0.54166666666667 0.53846153846154 0.51851851851852 
1262307973 0.083333333333333 0.5 0.66666666666667 0.52 0.5 0.47826086956522 0.52173913043478 0.47826086956522 0.51851851851852 0.53571428571429 0.54166666666667 0.51851851851852 0.51851851851852 
1262307997 0.083333333333333 0.5 0.66666666666667 0.52 0.5 0.47826086956522 0.52173913043478 0.47826086956522 0.51851851851852 0.53571428571429 0.54166666666667 0.51851851851852 0.51851851851852 
1262308004 0.083333333333333 0.5 0.66666666666667 0.52 0.5 0.47826086956522 0.52173913043478 0.47826086956522 0.51851851851852 0.53571428571429 0.54166666666667 0.51851851851852 0.53571428571429 
1262308023 0.083333333333333 0.5 0.66666666666667 0.52 0.5 0.47826086956522 0.52173913043478 0.47826086956522 0.51851851851852 0.53571428571429 0.54166666666667 0.51851851851852 0.53571428571429 
1262308055 0.083333333333333 0.5 0.66666666666667 0.52 0.5 0.47826086956522 0.52173913043478 0.45833333333333 0.51851851851852 0.53571428571429 0.54166666666667 0.51851851851852 0.53571428571429 
1262308066 0.083333333333333 0.5 0.66666666666667 0.52 0.5 0.47826086956522 0.52173913043478 0.45833333333333 0.51851851851852 0.53571428571429 0.54166666666667 0.51851851851852 0.53571428571429 
1262308073 0.083333333333333 0.5 0.66666666666667 0.52 0.5 0.47826086956522 0.52173913043478 0.45833333333333 0.51851851851852 0.53571428571429 0.54166666666667 0.51851851851852 0.53571428571429 
1262308097 0.083333333333333 0.5 0.66666666666667 0.52 0.5 0.47826086956522 0.52173913043478 0.45833333333333 0.51851851851852 0.53571428571429 0.54166666666667 0.51851851851852 0.53571428571429 
1262308104 0.15384615384615 0.5 0.66666666666667 0.52 0.5 0.47826086956522 0.5 0.45833333333333 0.51851851851852 0.53571428571429 0.54166666666667 0.51851851851852 0.53571428571429 
1262308123 0.15384615384615 0.5 0.66666666666667 0.52 0.5 0.47826086956522 0.5 0.45833333333333 0.51851851851852 0.53571428571429 0.54166666666667 0.51851851851852 0.53571428571429 
1262308155 0.15384615384615 0.5 0.66666666666667 0.52 0.5 0.48 0.5 0.45833333333333 0.51851851851852 0.53571428571429 0.54166666666667 0.51851851851852 0.53571428571429 
1262308166 0.15384615384615 0.5 0.66666666666667 0.52 0.5 0.48 0.5 0.45833333333333 0.51851851851852 0.53571428571429 0.54166666666667 0.51851851851852 0.53571428571429 
1262308197 0.15384615384615 0.5 0.66666666666667 0.53846153846154 0.5 0.48 0.5 0.45833333333333 0.51851851851852 0.53571428571429 0.54166666666667 0.51851851851852 0.53571428571429 
1262308204 0.26666666666667 0.5 0.625 0.53846153846154 0.5 0.48 0.5 0.45833333333333 0.51851851851852 0.53571428571429 0.54166666666667 0.51851851851852 0.53571428571429 
1262308223 0.26666666666667 0.5 0.625 0.53846153846154 0.5 0.48 0.5 0.45833333333333 0.51851851851852 0.53571428571429 0.54166666666667 0.51851851851852 0.53571428571429 
1262308255 0.26666666666667 0.5 0.625 0.53846153846154 0.5 0.48 0.5 0.45833333333333 0.51851851851852 0.53571428571429 0.54166666666667 0.51851851851852 0.53571428571429 
1262308266 0.26666666666667 0.5 0.625 0.53846153846154 0.5 0.48 0.5 0.45833333333333 0.51851851851852 0.53571428571429 0.54166666666667 0.51851851851852 0.53571428571429 
1262308297 0.26666666666667 0.5 0.625 0.53846153846154 0.5 0.48 0.5 0.45833333333333 0.51851851851852 0.53571428571429 0.54166666666667 0.51851851851852 0.53571428571429 
1262308304 0.26666666666667 0.5 0.625 0.53846153846154 0.5 0.48 0.5 0.45833333333333 0.51851851851852 0.53571428571429 0.54166666666667 0.51851851851852 0.53571428571429 
1262308311 0.26666666666667 0.5 0.625 0.53846153846154 0.5 0.48 0.5 0.45833333333333 0.51851851851852 0.53571428571429 0.54166666666667 0.51851851851852 0.53571428571429 
1262308323 0.26666666666667 0.5 0.625 0.53846153846154 0.5 0.48 0.5 0.45833333333333 0.51851851851852 0.53571428571429 0.52 0.51851851851852 0.53571428571429 
1262308355 0.26666666666667 0.5 0.625 0.53846153846154 0.5 0.48 0.5 0.48 0.51851851851852 0.53571428571429 0.52 0.51851851851852 0.53571428571429 
1262308366 0.26666666666667 0.5 0.625 0.53846153846154 0.5 0.48 0.5 0.48 0.51851851851852 0.53571428571429 0.52 0.51851851851852 0.53571428571429 
1262308397 0.26666666666667 0.5 0.625 0.53571428571429 0.5 0.48 0.5 0.48 0.51851851851852 0.53571428571429 0.52 0.51851851851852 0.53571428571429 
1262308404 0.26666666666667 0.5 0.58823529411765 0.53571428571429 0.51724137931034 0.48 0.5 0.48 0.51851851851852 0.53571428571429 0.52 0.51851851851852 0.53571428571429 
1262308411 0.26666666666667 0.5 0.58823529411765 0.53571428571429 0.51724137931034 0.48 0.5 0.48 0.51851851851852 0.53571428571429 0.52 0.53571428571429 0.55172413793103 
1262308423 0.26666666666667 0.5 0.58823529411765 0.53571428571429 0.51724137931034 0.48 0.5 0.48 0.51851851851852 0.53571428571429 0.53846153846154 0.53571428571429 0.55172413793103 
1262308455 0.26666666666667 0.5 0.58823529411765 0.53571428571429 0.51724137931034 0.48148148148148 0.5 0.48 0.51851851851852 0.55172413793103 0.53846153846154 0.53571428571429 0.55172413793103 
1262308466 0.26666666666667 0.5 0.58823529411765 0.53571428571429 0.51724137931034 0.48148148148148 0.5 0.48 0.51851851851852 0.55172413793103 0.53846153846154 0.53571428571429 0.55172413793103 
1262308497 0.26666666666667 0.5 0.58823529411765 0.53571428571429 0.51724137931034 0.48148148148148 0.5 0.48 0.51851851851852 0.55172413793103 0.53846153846154 0.53571428571429 0.55172413793103 
