arrived:	node1#1	1
arrived:	node1#3	1
arrived:	node3#7	1
arrived:	node3#9	1
arrived:	node1#14	1
arrived:	node1#30	1
arrived:	node3#17	1
arrived:	node3#4	1
arrived:	node1#8	1
arrived:	node1#4	1
arrived:	node1#38	1
arrived:	node1#12	1
arrived:	node3#5	1
arrived:	node3#3	1
arrived:	node3#32	1
arrived:	node3#2	1
arrived:	node3#1	1
arrived:	node1#19	1
arrived:	node1#5	1
arrived:	node1#7	1
arrived:	node1#2	1
NOTIFS:
node3	:	60	sent
node1	:	60	sent
SUBS:
on	node1
	node1	:	12	received
on	node3
	node3	:	9	received
1262304604 - 0.5 - 0.5 - 0.5 - - 0.5 - 0.5 0.5 - 
1262304704 - 0.5 - 0.5 - 0.5 - - 0.5 - 0.5 0.5 0.5 
1262304804 - 0.5 - 0.5 - 0.5 - - 0.5 - 0.5 0.5 0.5 
1262304904 - 0.5 - 0.5 - 0.5 - - 0.5 - 0.5 0.5 0.5 
1262305004 0 0.5 - 0.5 - 0.5 - 0.5 0.45454545454545 0.45454545454545 0.5 0.5 0.45454545454545 
1262305070 0 0.5 - 0.5 - 0.5 - 0.5 0.45454545454545 0.45454545454545 0.5 0.5 0.45454545454545 
1262305104 0 0.5 - 0.5 - 0.5 - 0.5 0.45454545454545 0.45454545454545 0.5 0.5 0.45454545454545 
1262305113 0 0.5 - 0.5 0.5 0.5 - 0.5 0.45454545454545 0.45454545454545 0.5 0.5 0.45454545454545 
1262305170 0 0.5 - 0.41666666666667 0.5 0.5 - 0.5 0.45454545454545 0.45454545454545 0.45454545454545 0.5 0.45454545454545 
1262305190 0 0.5 - 0.41666666666667 0.5 0.5 - 0.5 0.45454545454545 0.45454545454545 0.45454545454545 0.5 0.45454545454545 
1262305204 0 0.5 - 0.41666666666667 0.5 0.5 0.5 0.5 0.41666666666667 0.41666666666667 0.45454545454545 0.5 0.45454545454545 
1262305213 0 0.5 - 0.41666666666667 0.54545454545455 0.5 0.5 0.5 0.41666666666667 0.41666666666667 0.45454545454545 0.5 0.45454545454545 
1262305270 0 0.5 - 0.46153846153846 0.54545454545455 0.5 0.5 0.5 0.41666666666667 0.41666666666667 0.45454545454545 0.5 0.45454545454545 
1262305290 0 0.5 - 0.46153846153846 0.54545454545455 0.5 0.5 0.5 0.41666666666667 0.41666666666667 0.45454545454545 0.41666666666667 0.45454545454545 
1262305304 0 0.5 - 0.46153846153846 0.54545454545455 0.5 0.5 0.5 0.41666666666667 0.41666666666667 0.45454545454545 0.41666666666667 0.45454545454545 
1262305313 0 0.5 - 0.46153846153846 0.58333333333333 0.5 0.5 0.5 0.41666666666667 0.41666666666667 0.45454545454545 0.41666666666667 0.45454545454545 
1262305370 0 0.5 - 0.46153846153846 0.58333333333333 0.5 0.5 0.5 0.41666666666667 0.41666666666667 0.45454545454545 0.41666666666667 0.45454545454545 
1262305390 0 0.5 - 0.46153846153846 0.58333333333333 0.5 0.5 0.5 0.41666666666667 0.41666666666667 0.45454545454545 0.41666666666667 0.45454545454545 
1262305404 0 0.5 1 0.46153846153846 0.58333333333333 0.5 0.5 0.5 0.41666666666667 0.41666666666667 0.45454545454545 0.41666666666667 0.41666666666667 
1262305413 0 0.5 1 0.46153846153846 0.61538461538462 0.5 0.5 0.5 0.41666666666667 0.41666666666667 0.45454545454545 0.41666666666667 0.41666666666667 
1262305470 0 0.5 1 0.46153846153846 0.61538461538462 0.5 0.5 0.5 0.41666666666667 0.41666666666667 0.45454545454545 0.41666666666667 0.41666666666667 
1262305490 0 0.5 1 0.46153846153846 0.61538461538462 0.5 0.5 0.5 0.41666666666667 0.41666666666667 0.45454545454545 0.41666666666667 0.41666666666667 
1262305504 0 0.5 1 0.46153846153846 0.61538461538462 0.5 0.5 0.46153846153846 0.41666666666667 0.41666666666667 0.45454545454545 0.41666666666667 0.41666666666667 
1262305508 0 0.5 1 0.46153846153846 0.61538461538462 0.5 0.5 0.46153846153846 0.41666666666667 0.41666666666667 0.45454545454545 0.41666666666667 0.41666666666667 
1262305513 0 0.5 1 0.46153846153846 0.57142857142857 0.5 0.5 0.46153846153846 0.41666666666667 0.41666666666667 0.45454545454545 0.41666666666667 0.41666666666667 
1262305570 0 0.5 1 0.46153846153846 0.57142857142857 0.5 0.5 0.46153846153846 0.41666666666667 0.41666666666667 0.45454545454545 0.41666666666667 0.41666666666667 
1262305590 0 0.5 1 0.46153846153846 0.57142857142857 0.5 0.5 0.46153846153846 0.41666666666667 0.41666666666667 0.45454545454545 0.41666666666667 0.41666666666667 
1262305604 0 0.5 1 0.46153846153846 0.57142857142857 0.5 0.53846153846154 0.46153846153846 0.41666666666667 0.41666666666667 0.45454545454545 0.41666666666667 0.41666666666667 
1262305608 0 0.5 1 0.46153846153846 0.57142857142857 0.5 0.53846153846154 0.46153846153846 0.41666666666667 0.41666666666667 0.45454545454545 0.41666666666667 0.41666666666667 
1262305613 0 0.5 1 0.46153846153846 0.57142857142857 0.5 0.53846153846154 0.46153846153846 0.41666666666667 0.41666666666667 0.45454545454545 0.41666666666667 0.41666666666667 
1262305670 0 0.5 1 0.46153846153846 0.57142857142857 0.5 0.53846153846154 0.46153846153846 0.41666666666667 0.41666666666667 0.45454545454545 0.41666666666667 0.41666666666667 
1262305690 0 0.5 1 0.46153846153846 0.57142857142857 0.5 0.53846153846154 0.46153846153846 0.41666666666667 0.41666666666667 0.45454545454545 0.41666666666667 0.41666666666667 
1262305692 0 0.5 1 0.46153846153846 0.57142857142857 0.5 0.53846153846154 0.46153846153846 0.41666666666667 0.41666666666667 0.45454545454545 0.41666666666667 0.41666666666667 
1262305704 0 0.5 1 0.46153846153846 0.57142857142857 0.5 0.53846153846154 0.46153846153846 0.41666666666667 0.46153846153846 0.45454545454545 0.41666666666667 0.41666666666667 
1262305708 0 0.5 1 0.46153846153846 0.57142857142857 0.5 0.53846153846154 0.46153846153846 0.41666666666667 0.46153846153846 0.45454545454545 0.41666666666667 0.41666666666667 
1262305713 0 0.5 1 0.46153846153846 0.6 0.5 0.53846153846154 0.46153846153846 0.41666666666667 0.46153846153846 0.45454545454545 0.41666666666667 0.41666666666667 
1262305770 0 0.5 1 0.46153846153846 0.6 0.5 0.53846153846154 0.46153846153846 0.41666666666667 0.46153846153846 0.45454545454545 0.41666666666667 0.41666666666667 
1262305790 0 0.5 1 0.46153846153846 0.6 0.5 0.53846153846154 0.46153846153846 0.41666666666667 0.46153846153846 0.45454545454545 0.41666666666667 0.41666666666667 
1262305792 0 0.5 1 0.46153846153846 0.6 0.5 0.53846153846154 0.46153846153846 0.41666666666667 0.46153846153846 0.45454545454545 0.41666666666667 0.41666666666667 
1262305804 0 0.5 1 0.46153846153846 0.6 0.5 0.57142857142857 0.46153846153846 0.41666666666667 0.5 0.45454545454545 0.41666666666667 0.41666666666667 
1262305808 0 0.5 1 0.46153846153846 0.6 0.53333333333333 0.57142857142857 0.46153846153846 0.41666666666667 0.5 0.45454545454545 0.41666666666667 0.41666666666667 
1262305813 0 0.5 1 0.46153846153846 0.6 0.53333333333333 0.57142857142857 0.46153846153846 0.41666666666667 0.5 0.45454545454545 0.41666666666667 0.41666666666667 
1262305870 0 0.5 1 0.46153846153846 0.6 0.53333333333333 0.57142857142857 0.46153846153846 0.41666666666667 0.5 0.45454545454545 0.41666666666667 0.41666666666667 
1262305890 0 0.5 1 0.46153846153846 0.6 0.53333333333333 0.57142857142857 0.46153846153846 0.41666666666667 0.5 0.45454545454545 0.41666666666667 0.41666666666667 
1262305892 0 0.5 1 0.46153846153846 0.6 0.53333333333333 0.57142857142857 0.46153846153846 0.41666666666667 0.5 0.45454545454545 0.41666666666667 0.41666666666667 
1262305904 0 0.5 1 0.46153846153846 0.6 0.53333333333333 0.57142857142857 0.46153846153846 0.41666666666667 0.5 0.45454545454545 0.41666666666667 0.41666666666667 
1262305906 0 0.5 1 0.46153846153846 0.6 0.53333333333333 0.57142857142857 0.46153846153846 0.41666666666667 0.5 0.45454545454545 0.41666666666667 0.41666666666667 
1262305908 0 0.5 1 0.46153846153846 0.6 0.53333333333333 0.57142857142857 0.46153846153846 0.41666666666667 0.5 0.45454545454545 0.41666666666667 0.41666666666667 
1262305913 0 0.5 1 0.46153846153846 0.625 0.53333333333333 0.57142857142857 0.46153846153846 0.41666666666667 0.5 0.45454545454545 0.41666666666667 0.41666666666667 
1262305970 0 0.5 1 0.46153846153846 0.625 0.53333333333333 0.57142857142857 0.46153846153846 0.41666666666667 0.5 0.45454545454545 0.41666666666667 0.41666666666667 
1262305990 0 0.5 1 0.46153846153846 0.625 0.53333333333333 0.57142857142857 0.46153846153846 0.41666666666667 0.5 0.45454545454545 0.41666666666667 0.41666666666667 
1262305992 0 0.5 1 0.46153846153846 0.625 0.53333333333333 0.57142857142857 0.46153846153846 0.41666666666667 0.5 0.45454545454545 0.41666666666667 0.41666666666667 
1262306004 0 0.5 1 0.46153846153846 0.625 0.53333333333333 0.57142857142857 0.46153846153846 0.41666666666667 0.53333333333333 0.45454545454545 0.41666666666667 0.41666666666667 
1262306006 0 0.5 1 0.46153846153846 0.625 0.53333333333333 0.57142857142857 0.5 0.41666666666667 0.53333333333333 0.45454545454545 0.41666666666667 0.41666666666667 
1262306008 0 0.5 1 0.46153846153846 0.625 0.5 0.57142857142857 0.5 0.41666666666667 0.53333333333333 0.45454545454545 0.41666666666667 0.41666666666667 
1262306013 0 0.5 1 0.46153846153846 0.58823529411765 0.5 0.57142857142857 0.5 0.41666666666667 0.53333333333333 0.45454545454545 0.41666666666667 0.41666666666667 
1262306070 0 0.5 1 0.5 0.58823529411765 0.5 0.57142857142857 0.5 0.41666666666667 0.53333333333333 0.45454545454545 0.41666666666667 0.41666666666667 
1262306090 0 0.5 1 0.5 0.58823529411765 0.5 0.57142857142857 0.5 0.41666666666667 0.53333333333333 0.45454545454545 0.41666666666667 0.41666666666667 
1262306092 0 0.5 1 0.5 0.58823529411765 0.5 0.57142857142857 0.5 0.41666666666667 0.53333333333333 0.45454545454545 0.41666666666667 0.41666666666667 
1262306104 0 0.5 1 0.5 0.58823529411765 0.5 0.57142857142857 0.5 0.41666666666667 0.5 0.45454545454545 0.41666666666667 0.41666666666667 
1262306106 0 0.5 1 0.5 0.58823529411765 0.5 0.57142857142857 0.5 0.41666666666667 0.5 0.45454545454545 0.41666666666667 0.41666666666667 
1262306108 0 0.5 1 0.5 0.58823529411765 0.5 0.57142857142857 0.5 0.41666666666667 0.5 0.45454545454545 0.41666666666667 0.41666666666667 
1262306113 0 0.5 1 0.5 0.58823529411765 0.5 0.57142857142857 0.5 0.41666666666667 0.5 0.45454545454545 0.41666666666667 0.41666666666667 
1262306170 0 0.5 1 0.5 0.58823529411765 0.5 0.57142857142857 0.5 0.41666666666667 0.5 0.45454545454545 0.41666666666667 0.41666666666667 
1262306190 0 0.5 1 0.5 0.58823529411765 0.5 0.57142857142857 0.5 0.41666666666667 0.5 0.45454545454545 0.41666666666667 0.41666666666667 
1262306192 0 0.5 1 0.5 0.58823529411765 0.5 0.57142857142857 0.5 0.41666666666667 0.5 0.45454545454545 0.41666666666667 0.41666666666667 
1262306204 0 0.5 1 0.5 0.58823529411765 0.5 0.57142857142857 0.5 0.41666666666667 0.5 0.45454545454545 0.41666666666667 0.5 
1262306206 0 0.5 1 0.5 0.58823529411765 0.5 0.57142857142857 0.53333333333333 0.41666666666667 0.5 0.45454545454545 0.41666666666667 0.5 
1262306208 0 0.5 1 0.5 0.58823529411765 0.5 0.57142857142857 0.53333333333333 0.41666666666667 0.5 0.45454545454545 0.41666666666667 0.5 
1262306213 0 0.5 1 0.5 0.58823529411765 0.5 0.57142857142857 0.53333333333333 0.41666666666667 0.5 0.45454545454545 0.41666666666667 0.5 
1262306270 0 0.5 1 0.5625 0.58823529411765 0.5 0.57142857142857 0.53333333333333 0.41666666666667 0.5 0.53846153846154 0.41666666666667 0.5 
1262306290 0 0.5 1 0.5625 0.58823529411765 0.5 0.57142857142857 0.53333333333333 0.41666666666667 0.5 0.53846153846154 0.41666666666667 0.5 
1262306292 0 0.5 1 0.5625 0.58823529411765 0.5 0.57142857142857 0.53333333333333 0.41666666666667 0.5 0.53846153846154 0.41666666666667 0.5 
1262306304 0 0.5 1 0.5625 0.58823529411765 0.5 0.53333333333333 0.53333333333333 0.41666666666667 0.5 0.53846153846154 0.41666666666667 0.5 
1262306306 0 0.5 1 0.5625 0.58823529411765 0.5 0.53333333333333 0.53333333333333 0.41666666666667 0.5 0.53846153846154 0.41666666666667 0.5 
1262306308 0 0.5 1 0.5625 0.58823529411765 0.52941176470588 0.53333333333333 0.53333333333333 0.41666666666667 0.5 0.53846153846154 0.41666666666667 0.5 
1262306313 0 0.5 1 0.5625 0.58823529411765 0.52941176470588 0.53333333333333 0.53333333333333 0.41666666666667 0.5 0.53846153846154 0.41666666666667 0.5 
1262306370 0 0.5 1 0.5625 0.58823529411765 0.52941176470588 0.53333333333333 0.53333333333333 0.41666666666667 0.5 0.53846153846154 0.41666666666667 0.5 
1262306390 0 0.5 1 0.5625 0.58823529411765 0.52941176470588 0.53333333333333 0.53333333333333 0.41666666666667 0.5 0.53846153846154 0.41666666666667 0.5 
1262306392 0 0.5 1 0.5625 0.58823529411765 0.52941176470588 0.53333333333333 0.53333333333333 0.41666666666667 0.5 0.53846153846154 0.41666666666667 0.5 
1262306404 0 0.5 1 0.5625 0.58823529411765 0.52941176470588 0.53333333333333 0.53333333333333 0.41666666666667 0.47058823529412 0.53846153846154 0.41666666666667 0.52941176470588 
1262306406 0 0.5 1 0.5625 0.58823529411765 0.52941176470588 0.53333333333333 0.52941176470588 0.41666666666667 0.47058823529412 0.53846153846154 0.41666666666667 0.52941176470588 
1262306408 0 0.5 1 0.5625 0.58823529411765 0.52941176470588 0.53333333333333 0.52941176470588 0.41666666666667 0.47058823529412 0.53846153846154 0.41666666666667 0.52941176470588 
1262306413 0 0.5 1 0.5625 0.58823529411765 0.52941176470588 0.53333333333333 0.52941176470588 0.41666666666667 0.47058823529412 0.53846153846154 0.41666666666667 0.52941176470588 
1262306470 0 0.5 1 0.5625 0.58823529411765 0.52941176470588 0.53333333333333 0.52941176470588 0.41666666666667 0.47058823529412 0.53846153846154 0.41666666666667 0.52941176470588 
1262306490 0 0.5 1 0.5625 0.58823529411765 0.52941176470588 0.53333333333333 0.52941176470588 0.41666666666667 0.47058823529412 0.53846153846154 0.41666666666667 0.52941176470588 
1262306492 0 0.5 1 0.5625 0.58823529411765 0.52941176470588 0.53333333333333 0.52941176470588 0.41666666666667 0.47058823529412 0.53846153846154 0.41666666666667 0.52941176470588 
1262306504 0 0.5 1 0.5625 0.58823529411765 0.52941176470588 0.53333333333333 0.52941176470588 0.46153846153846 0.5 0.53846153846154 0.41666666666667 0.52941176470588 
1262306506 0 0.5 1 0.5625 0.58823529411765 0.52941176470588 0.53333333333333 0.5 0.46153846153846 0.5 0.53846153846154 0.41666666666667 0.52941176470588 
1262306508 0 0.5 1 0.5625 0.58823529411765 0.52941176470588 0.53333333333333 0.5 0.46153846153846 0.5 0.53846153846154 0.41666666666667 0.52941176470588 
1262306513 0 0.5 1 0.5625 0.58823529411765 0.52941176470588 0.53333333333333 0.5 0.46153846153846 0.5 0.53846153846154 0.41666666666667 0.52941176470588 
1262306570 0 0.5 1 0.52941176470588 0.58823529411765 0.52941176470588 0.53333333333333 0.5 0.46153846153846 0.5 0.53846153846154 0.41666666666667 0.52941176470588 
1262306590 0 0.5 1 0.52941176470588 0.58823529411765 0.52941176470588 0.53333333333333 0.5 0.46153846153846 0.5 0.53846153846154 0.5 0.52941176470588 
1262306592 0 0.5 1 0.52941176470588 0.58823529411765 0.52941176470588 0.53333333333333 0.5 0.46153846153846 0.5 0.53846153846154 0.5 0.52941176470588 
1262306604 0 0.5 1 0.52941176470588 0.58823529411765 0.52941176470588 0.5625 0.5 0.5 0.47368421052632 0.53846153846154 0.5 0.52941176470588 
1262306606 0 0.5 1 0.52941176470588 0.58823529411765 0.52941176470588 0.5625 0.5 0.5 0.47368421052632 0.53846153846154 0.5 0.52941176470588 
1262306608 0 0.5 1 0.52941176470588 0.58823529411765 0.52941176470588 0.5625 0.5 0.5 0.47368421052632 0.53846153846154 0.5 0.52941176470588 
1262306613 0 0.5 1 0.52941176470588 0.58823529411765 0.52941176470588 0.5625 0.5 0.5 0.47368421052632 0.53846153846154 0.5 0.52941176470588 
1262306670 0 0.5 1 0.52941176470588 0.58823529411765 0.52941176470588 0.5625 0.5 0.5 0.47368421052632 0.53333333333333 0.5 0.52941176470588 
1262306690 0 0.5 1 0.52941176470588 0.58823529411765 0.52941176470588 0.5625 0.5 0.5 0.47368421052632 0.53333333333333 0.53333333333333 0.52941176470588 
1262306692 0 0.5 1 0.52941176470588 0.58823529411765 0.52941176470588 0.5625 0.5 0.5 0.47368421052632 0.53333333333333 0.53333333333333 0.52941176470588 
1262306704 0 0.5 1 0.52941176470588 0.58823529411765 0.52941176470588 0.52941176470588 0.5 0.5 0.47368421052632 0.53333333333333 0.53333333333333 0.52941176470588 
1262306706 0 0.5 1 0.52941176470588 0.58823529411765 0.52941176470588 0.52941176470588 0.47368421052632 0.5 0.47368421052632 0.53333333333333 0.53333333333333 0.52941176470588 
1262306708 0 0.5 1 0.52941176470588 0.58823529411765 0.52941176470588 0.52941176470588 0.47368421052632 0.5 0.47368421052632 0.53333333333333 0.53333333333333 0.52941176470588 
1262306713 0 0.5 1 0.52941176470588 0.61111111111111 0.52941176470588 0.52941176470588 0.47368421052632 0.5 0.47368421052632 0.53333333333333 0.53333333333333 0.52941176470588 
1262306770 0 0.5 1 0.52941176470588 0.61111111111111 0.52941176470588 0.52941176470588 0.47368421052632 0.5 0.47368421052632 0.47058823529412 0.53333333333333 0.52941176470588 
1262306790 0 0.5 1 0.52941176470588 0.61111111111111 0.52941176470588 0.52941176470588 0.47368421052632 0.5 0.47368421052632 0.47058823529412 0.53333333333333 0.52941176470588 
1262306792 0 0.5 1 0.52941176470588 0.61111111111111 0.52941176470588 0.52941176470588 0.47368421052632 0.5 0.47368421052632 0.47058823529412 0.53333333333333 0.52941176470588 
1262306804 0 0.5 1 0.52941176470588 0.61111111111111 0.52941176470588 0.47368421052632 0.47368421052632 0.5 0.47368421052632 0.47058823529412 0.53333333333333 0.52941176470588 
1262306806 0 0.5 1 0.52941176470588 0.61111111111111 0.52941176470588 0.47368421052632 0.47368421052632 0.5 0.47368421052632 0.47058823529412 0.53333333333333 0.52941176470588 
1262306808 0 0.5 1 0.52941176470588 0.61111111111111 0.52941176470588 0.47368421052632 0.47368421052632 0.5 0.47368421052632 0.47058823529412 0.53333333333333 0.52941176470588 
1262306813 0 0.5 1 0.52941176470588 0.61111111111111 0.52941176470588 0.47368421052632 0.47368421052632 0.5 0.47368421052632 0.47058823529412 0.53333333333333 0.52941176470588 
1262306870 0 0.5 1 0.52941176470588 0.61111111111111 0.52941176470588 0.47368421052632 0.47368421052632 0.5 0.47368421052632 0.5 0.53333333333333 0.52941176470588 
1262306890 0 0.5 1 0.52941176470588 0.61111111111111 0.52941176470588 0.47368421052632 0.47368421052632 0.5 0.47368421052632 0.5 0.53333333333333 0.52941176470588 
1262306892 0 0.5 1 0.52941176470588 0.61111111111111 0.52941176470588 0.47368421052632 0.47368421052632 0.5 0.47368421052632 0.5 0.53333333333333 0.52941176470588 
1262306904 0 0.5 1 0.52941176470588 0.61111111111111 0.52941176470588 0.47619047619048 0.47368421052632 0.5 0.5 0.5 0.53333333333333 0.5 
1262306906 0 0.5 1 0.52941176470588 0.61111111111111 0.52941176470588 0.47619047619048 0.5 0.5 0.5 0.5 0.53333333333333 0.5 
1262306908 0 0.5 1 0.52941176470588 0.61111111111111 0.52941176470588 0.47619047619048 0.5 0.5 0.5 0.5 0.53333333333333 0.5 
1262306931 0 0.5 1 0.52941176470588 0.57894736842105 0.52941176470588 0.47619047619048 0.5 0.5 0.5 0.5 0.53333333333333 0.5 
1262306970 0 0.5 1 0.47619047619048 0.57894736842105 0.52941176470588 0.47619047619048 0.5 0.5 0.5 0.52631578947368 0.53333333333333 0.5 
1262306990 0 0.5 1 0.47619047619048 0.57894736842105 0.52941176470588 0.47619047619048 0.5 0.5 0.5 0.52631578947368 0.5 0.5 
1262306992 0 0.5 1 0.47619047619048 0.57894736842105 0.52941176470588 0.47619047619048 0.5 0.5 0.5 0.52631578947368 0.5 0.5 
1262307004 0 0.5 1 0.47619047619048 0.57894736842105 0.52941176470588 0.47619047619048 0.5 0.5 0.5 0.52631578947368 0.5 0.47619047619048 
1262307006 0 0.5 1 0.47619047619048 0.57894736842105 0.52941176470588 0.47619047619048 0.5 0.5 0.5 0.52631578947368 0.5 0.47619047619048 
1262307008 0 0.5 1 0.47619047619048 0.57894736842105 0.52631578947368 0.47619047619048 0.5 0.5 0.5 0.52631578947368 0.5 0.47619047619048 
1262307031 0 0.5 1 0.47619047619048 0.54545454545455 0.52631578947368 0.47619047619048 0.5 0.5 0.5 0.52631578947368 0.5 0.47619047619048 
1262307070 0 0.5 1 0.47619047619048 0.54545454545455 0.52631578947368 0.47619047619048 0.5 0.5 0.5 0.52631578947368 0.5 0.47619047619048 
1262307090 0 0.5 1 0.47619047619048 0.54545454545455 0.52631578947368 0.47619047619048 0.5 0.5 0.5 0.52631578947368 0.52631578947368 0.47619047619048 
1262307092 0 0.5 1 0.47619047619048 0.54545454545455 0.52631578947368 0.47619047619048 0.5 0.5 0.5 0.52631578947368 0.52631578947368 0.47619047619048 
1262307104 0 0.5 1 0.47619047619048 0.54545454545455 0.52631578947368 0.47619047619048 0.5 0.46666666666667 0.5 0.52631578947368 0.52631578947368 0.47619047619048 
1262307106 0 0.5 1 0.47619047619048 0.54545454545455 0.52631578947368 0.47619047619048 0.5 0.46666666666667 0.5 0.52631578947368 0.52631578947368 0.47619047619048 
1262307108 0 0.5 1 0.47619047619048 0.54545454545455 0.5 0.47619047619048 0.5 0.46666666666667 0.5 0.52631578947368 0.52631578947368 0.47619047619048 
1262307131 0 0.5 1 0.47619047619048 0.54545454545455 0.5 0.47619047619048 0.5 0.46666666666667 0.5 0.52631578947368 0.52631578947368 0.47619047619048 
1262307170 0 0.5 1 0.47619047619048 0.54545454545455 0.5 0.47619047619048 0.5 0.46666666666667 0.5 0.52631578947368 0.52631578947368 0.47619047619048 
1262307190 0 0.5 1 0.47619047619048 0.54545454545455 0.5 0.47619047619048 0.5 0.46666666666667 0.5 0.52631578947368 0.5 0.47619047619048 
1262307192 0 0.5 1 0.47619047619048 0.54545454545455 0.5 0.47619047619048 0.5 0.46666666666667 0.5 0.52631578947368 0.5 0.47619047619048 
1262307204 0.083333333333333 0.5 1 0.47619047619048 0.54545454545455 0.5 0.45454545454545 0.5 0.4375 0.5 0.52631578947368 0.5 0.47619047619048 
1262307206 0.083333333333333 0.5 1 0.47619047619048 0.54545454545455 0.5 0.45454545454545 0.47619047619048 0.4375 0.5 0.52631578947368 0.5 0.47619047619048 
1262307208 0.083333333333333 0.5 1 0.47619047619048 0.54545454545455 0.52380952380952 0.45454545454545 0.47619047619048 0.4375 0.5 0.52631578947368 0.5 0.47619047619048 
1262307231 0.083333333333333 0.5 1 0.47619047619048 0.54545454545455 0.52380952380952 0.45454545454545 0.47619047619048 0.4375 0.5 0.52631578947368 0.5 0.47619047619048 
1262307270 0.083333333333333 0.5 1 0.45454545454545 0.54545454545455 0.52380952380952 0.45454545454545 0.47619047619048 0.4375 0.5 0.52631578947368 0.5 0.47619047619048 
1262307290 0.083333333333333 0.5 1 0.45454545454545 0.54545454545455 0.52380952380952 0.45454545454545 0.47619047619048 0.4375 0.5 0.52631578947368 0.5 0.47619047619048 
1262307292 0.083333333333333 0.5 0.90909090909091 0.45454545454545 0.54545454545455 0.52380952380952 0.45454545454545 0.47619047619048 0.4375 0.5 0.52631578947368 0.5 0.47619047619048 
1262307304 0.083333333333333 0.5 0.90909090909091 0.45454545454545 0.54545454545455 0.52380952380952 0.45454545454545 0.47619047619048 0.47058823529412 0.5 0.52631578947368 0.5 0.47619047619048 
1262307306 0.083333333333333 0.5 0.90909090909091 0.45454545454545 0.54545454545455 0.52380952380952 0.45454545454545 0.45454545454545 0.47058823529412 0.5 0.52631578947368 0.5 0.47619047619048 
1262307308 0.083333333333333 0.5 0.90909090909091 0.45454545454545 0.54545454545455 0.52380952380952 0.45454545454545 0.45454545454545 0.47058823529412 0.5 0.52631578947368 0.5 0.47619047619048 
1262307331 0.083333333333333 0.5 0.90909090909091 0.45454545454545 0.52173913043478 0.52380952380952 0.45454545454545 0.45454545454545 0.47058823529412 0.5 0.52631578947368 0.5 0.47619047619048 
1262307370 0.083333333333333 0.5 0.90909090909091 0.45454545454545 0.52173913043478 0.52380952380952 0.45454545454545 0.45454545454545 0.47058823529412 0.5 0.52631578947368 0.5 0.47619047619048 
1262307390 0.083333333333333 0.5 0.90909090909091 0.45454545454545 0.52173913043478 0.52380952380952 0.45454545454545 0.45454545454545 0.47058823529412 0.5 0.52631578947368 0.5 0.47619047619048 
1262307392 0.083333333333333 0.5 0.90909090909091 0.45454545454545 0.52173913043478 0.52380952380952 0.45454545454545 0.45454545454545 0.47058823529412 0.5 0.52631578947368 0.5 0.47619047619048 
1262307404 0.083333333333333 0.5 0.90909090909091 0.45454545454545 0.52173913043478 0.52380952380952 0.47826086956522 0.45454545454545 0.47058823529412 0.5 0.52631578947368 0.5 0.47619047619048 
1262307406 0.083333333333333 0.5 0.90909090909091 0.45454545454545 0.52173913043478 0.52380952380952 0.47826086956522 0.47826086956522 0.47058823529412 0.5 0.52631578947368 0.5 0.47619047619048 
1262307408 0.083333333333333 0.5 0.90909090909091 0.45454545454545 0.52173913043478 0.5 0.47826086956522 0.47826086956522 0.47058823529412 0.5 0.52631578947368 0.5 0.47619047619048 
1262307431 0.083333333333333 0.5 0.90909090909091 0.45454545454545 0.5 0.5 0.47826086956522 0.47826086956522 0.47058823529412 0.5 0.52631578947368 0.5 0.47619047619048 
1262307470 0.083333333333333 0.5 0.90909090909091 0.45454545454545 0.5 0.5 0.47826086956522 0.47826086956522 0.47058823529412 0.5 0.5 0.5 0.47619047619048 
1262307490 0.083333333333333 0.5 0.90909090909091 0.45454545454545 0.5 0.5 0.47826086956522 0.47826086956522 0.47058823529412 0.5 0.5 0.5 0.47619047619048 
1262307492 0.083333333333333 0.5 0.90909090909091 0.45454545454545 0.5 0.5 0.47826086956522 0.47826086956522 0.47058823529412 0.5 0.5 0.5 0.47619047619048 
1262307504 0.15384615384615 0.5 0.90909090909091 0.45454545454545 0.5 0.5 0.47826086956522 0.47826086956522 0.52631578947368 0.47619047619048 0.5 0.5 0.47619047619048 
1262307506 0.15384615384615 0.5 0.90909090909091 0.45454545454545 0.5 0.5 0.47826086956522 0.5 0.52631578947368 0.47619047619048 0.5 0.5 0.47619047619048 
1262307508 0.15384615384615 0.5 0.90909090909091 0.45454545454545 0.5 0.5 0.47826086956522 0.5 0.52631578947368 0.47619047619048 0.5 0.5 0.47619047619048 
1262307531 0.15384615384615 0.5 0.90909090909091 0.45454545454545 0.5 0.5 0.47826086956522 0.5 0.52631578947368 0.47619047619048 0.5 0.5 0.47619047619048 
1262307570 0.15384615384615 0.5 0.90909090909091 0.45454545454545 0.5 0.5 0.47826086956522 0.5 0.52631578947368 0.47619047619048 0.5 0.5 0.47619047619048 
1262307590 0.15384615384615 0.5 0.90909090909091 0.45454545454545 0.5 0.5 0.47826086956522 0.5 0.52631578947368 0.47619047619048 0.5 0.5 0.47619047619048 
1262307592 0.15384615384615 0.5 0.83333333333333 0.45454545454545 0.5 0.5 0.47826086956522 0.5 0.52631578947368 0.47619047619048 0.5 0.5 0.47619047619048 
1262307604 0.15384615384615 0.5 0.83333333333333 0.45454545454545 0.5 0.5 0.47826086956522 0.5 0.5 0.47619047619048 0.5 0.5 0.47619047619048 
1262307606 0.15384615384615 0.5 0.83333333333333 0.45454545454545 0.5 0.5 0.47826086956522 0.5 0.5 0.47619047619048 0.5 0.5 0.47619047619048 
1262307608 0.15384615384615 0.5 0.83333333333333 0.45454545454545 0.5 0.5 0.47826086956522 0.5 0.5 0.47619047619048 0.5 0.5 0.47619047619048 
1262307631 0.15384615384615 0.5 0.83333333333333 0.45454545454545 0.5 0.5 0.47826086956522 0.5 0.5 0.47619047619048 0.5 0.5 0.47619047619048 
1262307670 0.15384615384615 0.5 0.83333333333333 0.47826086956522 0.5 0.5 0.47826086956522 0.5 0.5 0.47619047619048 0.5 0.5 0.47619047619048 
1262307690 0.15384615384615 0.5 0.83333333333333 0.47826086956522 0.5 0.5 0.47826086956522 0.5 0.5 0.47619047619048 0.5 0.47619047619048 0.47619047619048 
1262307692 0.15384615384615 0.5 0.76923076923077 0.47826086956522 0.5 0.5 0.47826086956522 0.5 0.5 0.47619047619048 0.5 0.47619047619048 0.47619047619048 
1262307704 0.15384615384615 0.5 0.76923076923077 0.47826086956522 0.5 0.5 0.5 0.5 0.47619047619048 0.47619047619048 0.5 0.47619047619048 0.47619047619048 
1262307706 0.15384615384615 0.5 0.76923076923077 0.47826086956522 0.5 0.5 0.5 0.5 0.47619047619048 0.47619047619048 0.5 0.47619047619048 0.47619047619048 
1262307708 0.15384615384615 0.5 0.76923076923077 0.47826086956522 0.5 0.52173913043478 0.5 0.5 0.47619047619048 0.47619047619048 0.5 0.47619047619048 0.47619047619048 
1262307731 0.15384615384615 0.5 0.76923076923077 0.47826086956522 0.53846153846154 0.52173913043478 0.5 0.5 0.47619047619048 0.47619047619048 0.5 0.47619047619048 0.47619047619048 
1262307770 0.15384615384615 0.5 0.76923076923077 0.47826086956522 0.53846153846154 0.52173913043478 0.5 0.5 0.47619047619048 0.47619047619048 0.5 0.47619047619048 0.47619047619048 
1262307790 0.15384615384615 0.5 0.76923076923077 0.47826086956522 0.53846153846154 0.52173913043478 0.5 0.5 0.47619047619048 0.47619047619048 0.5 0.47619047619048 0.47619047619048 
1262307792 0.15384615384615 0.5 0.76923076923077 0.47826086956522 0.53846153846154 0.52173913043478 0.5 0.5 0.47619047619048 0.47619047619048 0.5 0.47619047619048 0.47619047619048 
1262307804 0.15384615384615 0.5 0.76923076923077 0.47826086956522 0.53846153846154 0.52173913043478 0.5 0.5 0.5 0.47619047619048 0.5 0.47619047619048 0.47619047619048 
1262307806 0.15384615384615 0.5 0.76923076923077 0.47826086956522 0.53846153846154 0.52173913043478 0.5 0.5 0.5 0.47619047619048 0.5 0.47619047619048 0.47619047619048 
1262307808 0.15384615384615 0.5 0.76923076923077 0.47826086956522 0.53846153846154 0.5 0.5 0.5 0.5 0.47619047619048 0.5 0.47619047619048 0.47619047619048 
1262307831 0.15384615384615 0.5 0.76923076923077 0.47826086956522 0.51851851851852 0.5 0.5 0.5 0.5 0.47619047619048 0.5 0.47619047619048 0.47619047619048 
1262307870 0.15384615384615 0.5 0.76923076923077 0.5 0.51851851851852 0.5 0.5 0.5 0.5 0.47619047619048 0.5 0.47619047619048 0.47619047619048 
1262307890 0.15384615384615 0.5 0.76923076923077 0.5 0.51851851851852 0.5 0.5 0.5 0.5 0.47619047619048 0.5 0.47619047619048 0.47619047619048 
1262307892 0.15384615384615 0.5 0.76923076923077 0.5 0.51851851851852 0.5 0.5 0.5 0.5 0.47619047619048 0.5 0.47619047619048 0.47619047619048 
1262307904 0.3125 0.5 0.76923076923077 0.5 0.51851851851852 0.5 0.5 0.5 0.5 0.47619047619048 0.5 0.47619047619048 0.47619047619048 
1262307906 0.3125 0.5 0.76923076923077 0.5 0.51851851851852 0.5 0.5 0.5 0.5 0.47619047619048 0.5 0.47619047619048 0.47619047619048 
1262307908 0.3125 0.5 0.76923076923077 0.5 0.51851851851852 0.5 0.5 0.5 0.5 0.47619047619048 0.5 0.47619047619048 0.47619047619048 
1262307931 0.3125 0.5 0.76923076923077 0.5 0.51851851851852 0.5 0.5 0.5 0.5 0.47619047619048 0.5 0.47619047619048 0.47619047619048 
1262307970 0.3125 0.5 0.76923076923077 0.5 0.51851851851852 0.5 0.5 0.5 0.5 0.47619047619048 0.5 0.47619047619048 0.47619047619048 
1262307990 0.3125 0.5 0.76923076923077 0.5 0.51851851851852 0.5 0.5 0.5 0.5 0.47619047619048 0.5 0.47619047619048 0.47619047619048 
1262307992 0.3125 0.5 0.76923076923077 0.5 0.51851851851852 0.5 0.5 0.5 0.5 0.47619047619048 0.5 0.47619047619048 0.47619047619048 
1262308004 0.3125 0.5 0.76923076923077 0.5 0.51851851851852 0.5 0.5 0.5 0.5 0.47619047619048 0.5 0.47619047619048 0.47619047619048 
1262308006 0.3125 0.5 0.76923076923077 0.5 0.51851851851852 0.5 0.5 0.5 0.5 0.47619047619048 0.5 0.47619047619048 0.47619047619048 
1262308008 0.3125 0.5 0.76923076923077 0.5 0.51851851851852 0.5 0.5 0.5 0.5 0.47619047619048 0.5 0.47619047619048 0.47619047619048 
1262308031 0.3125 0.5 0.76923076923077 0.5 0.51851851851852 0.5 0.5 0.5 0.5 0.47619047619048 0.5 0.47619047619048 0.47619047619048 
1262308070 0.3125 0.5 0.76923076923077 0.5 0.51851851851852 0.5 0.5 0.5 0.5 0.47619047619048 0.47826086956522 0.47619047619048 0.47619047619048 
1262308090 0.3125 0.5 0.76923076923077 0.5 0.51851851851852 0.5 0.5 0.5 0.5 0.47619047619048 0.47826086956522 0.45454545454545 0.47619047619048 
1262308092 0.3125 0.5 0.76923076923077 0.5 0.51851851851852 0.5 0.5 0.5 0.5 0.47619047619048 0.47826086956522 0.45454545454545 0.47619047619048 
1262308104 0.3125 0.5 0.76923076923077 0.5 0.51851851851852 0.5 0.5 0.5 0.47826086956522 0.45454545454545 0.47826086956522 0.45454545454545 0.45454545454545 
1262308106 0.3125 0.5 0.76923076923077 0.5 0.51851851851852 0.5 0.5 0.5 0.47826086956522 0.45454545454545 0.47826086956522 0.45454545454545 0.45454545454545 
1262308108 0.3125 0.5 0.76923076923077 0.5 0.51851851851852 0.5 0.5 0.5 0.47826086956522 0.45454545454545 0.47826086956522 0.45454545454545 0.45454545454545 
1262308131 0.3125 0.5 0.76923076923077 0.5 0.51851851851852 0.5 0.5 0.5 0.47826086956522 0.45454545454545 0.47826086956522 0.45454545454545 0.45454545454545 
1262308170 0.3125 0.5 0.76923076923077 0.48 0.51851851851852 0.5 0.5 0.5 0.47826086956522 0.45454545454545 0.47826086956522 0.45454545454545 0.45454545454545 
1262308190 0.3125 0.5 0.76923076923077 0.48 0.51851851851852 0.5 0.5 0.5 0.47826086956522 0.45454545454545 0.47826086956522 0.47826086956522 0.45454545454545 
1262308192 0.3125 0.5 0.71428571428571 0.48 0.51851851851852 0.5 0.5 0.5 0.47826086956522 0.45454545454545 0.47826086956522 0.47826086956522 0.45454545454545 
1262308204 0.3125 0.5 0.71428571428571 0.48 0.51851851851852 0.5 0.48 0.5 0.47826086956522 0.45454545454545 0.47826086956522 0.47826086956522 0.45454545454545 
1262308206 0.3125 0.5 0.71428571428571 0.48 0.51851851851852 0.5 0.48 0.48 0.47826086956522 0.45454545454545 0.47826086956522 0.47826086956522 0.45454545454545 
1262308208 0.3125 0.5 0.71428571428571 0.48 0.51851851851852 0.5 0.48 0.48 0.47826086956522 0.45454545454545 0.47826086956522 0.47826086956522 0.45454545454545 
1262308231 0.3125 0.5 0.71428571428571 0.48 0.51851851851852 0.5 0.48 0.48 0.47826086956522 0.45454545454545 0.47826086956522 0.47826086956522 0.45454545454545 
1262308270 0.3125 0.5 0.71428571428571 0.48 0.51851851851852 0.5 0.48 0.48 0.47826086956522 0.45454545454545 0.5 0.47826086956522 0.45454545454545 
1262308290 0.3125 0.5 0.71428571428571 0.48 0.51851851851852 0.5 0.48 0.48 0.47826086956522 0.45454545454545 0.5 0.47826086956522 0.45454545454545 
1262308292 0.3125 0.5 0.625 0.48 0.51851851851852 0.5 0.48 0.48 0.47826086956522 0.45454545454545 0.5 0.47826086956522 0.45454545454545 
1262308304 0.3125 0.5 0.625 0.48 0.51851851851852 0.5 0.48 0.48 0.5 0.45454545454545 0.5 0.47826086956522 0.45454545454545 
1262308306 0.3125 0.5 0.625 0.48 0.51851851851852 0.5 0.48 0.48 0.5 0.45454545454545 0.5 0.47826086956522 0.45454545454545 
1262308308 0.3125 0.5 0.625 0.48 0.51851851851852 0.5 0.48 0.48 0.5 0.45454545454545 0.5 0.47826086956522 0.45454545454545 
1262308331 0.3125 0.5 0.625 0.48 0.53571428571429 0.5 0.48 0.48 0.5 0.45454545454545 0.5 0.47826086956522 0.45454545454545 
1262308370 0.3125 0.5 0.625 0.48 0.53571428571429 0.5 0.48 0.48 0.5 0.45454545454545 0.5 0.47826086956522 0.45454545454545 
1262308390 0.3125 0.5 0.625 0.48 0.53571428571429 0.5 0.48 0.48 0.5 0.45454545454545 0.5 0.47826086956522 0.45454545454545 
1262308392 0.3125 0.5 0.625 0.48 0.53571428571429 0.5 0.48 0.48 0.5 0.45454545454545 0.5 0.47826086956522 0.45454545454545 
1262308404 0.3125 0.5 0.625 0.48 0.53571428571429 0.5 0.48 0.48 0.5 0.45454545454545 0.5 0.47826086956522 0.47826086956522 
1262308406 0.3125 0.5 0.625 0.48 0.53571428571429 0.5 0.48 0.48 0.5 0.45454545454545 0.5 0.47826086956522 0.47826086956522 
1262308408 0.3125 0.5 0.625 0.48 0.53571428571429 0.5 0.48 0.48 0.5 0.45454545454545 0.5 0.47826086956522 0.47826086956522 
1262308431 0.3125 0.5 0.625 0.48 0.53571428571429 0.5 0.48 0.48 0.5 0.45454545454545 0.5 0.47826086956522 0.47826086956522 
1262308470 0.3125 0.5 0.625 0.48 0.53571428571429 0.5 0.48 0.48 0.5 0.45454545454545 0.5 0.47826086956522 0.47826086956522 
1262308472 0.3125 0.5 0.625 0.48 0.53571428571429 0.5 0.48 0.48 0.5 0.45454545454545 0.5 0.47826086956522 0.47826086956522 
1262308490 0.3125 0.5 0.625 0.48 0.53571428571429 0.5 0.48 0.48 0.5 0.45454545454545 0.5 0.47826086956522 0.47826086956522 
1262308492 0.3125 0.5 0.55555555555556 0.48 0.53571428571429 0.5 0.48 0.48 0.5 0.45454545454545 0.5 0.47826086956522 0.47826086956522 
