arrived:	node1#1	1
arrived:	node1#5	1
arrived:	node3#7	1
arrived:	node1#14	1
arrived:	node1#7	1
arrived:	node3#4	1
arrived:	node1#4	1
arrived:	node3#30	1
arrived:	node1#3	1
arrived:	node3#27	1
arrived:	node3#5	1
arrived:	node3#3	1
arrived:	node3#52	1
arrived:	node3#25	1
arrived:	node3#22	1
arrived:	node3#8	1
arrived:	node1#19	1
arrived:	node3#2	1
arrived:	node3#1	1
arrived:	node1#6	1
arrived:	node3#37	1
arrived:	node3#6	1
arrived:	node1#2	1
NOTIFS:
node3	:	60	sent
node1	:	60	sent
SUBS:
on	node1
	node1	:	9	received
on	node3
	node3	:	14	received
1262304604 - 0.5 - 0.5 0.5 - - - - - 0.5 - - 
1262304704 - 0.5 - 0.5 0.5 - 0.5 - - 0.5 0.5 0.5 - 
1262304707 - 0.5 - 0.5 0.5 - 0.5 - 0.5 0.5 0.5 0.5 - 
1262304804 - 0.5 - 0.5 0.5 0.5 0.5 - 0.5 0.5 0.5 0.5 - 
1262304807 - 0.5 - 0.5 0.5 0.5 0.5 - 0.5 0.5 0.5 0.5 - 
1262304904 - 0.5 - 0.5 0.5 0.45454545454545 0.45454545454545 - 0.5 0.45454545454545 0.5 0.5 0.5 
1262304907 - 0.5 - 0.5 0.5 0.45454545454545 0.45454545454545 - 0.5 0.45454545454545 0.5 0.5 0.5 
1262305004 - 0.5 - 0.5 0.5 0.45454545454545 0.45454545454545 0.42857142857143 0.5 0.45454545454545 0.5 0.5 0.5 
1262305007 - 0.5 - 0.5 0.5 0.45454545454545 0.45454545454545 0.42857142857143 0.5 0.45454545454545 0.5 0.5 0.5 
1262305104 - 0.5 - 0.46153846153846 0.46153846153846 0.45454545454545 0.45454545454545 0.45454545454545 0.5 0.45454545454545 0.5 0.46153846153846 0.46153846153846 
1262305107 - 0.5 - 0.46153846153846 0.46153846153846 0.45454545454545 0.45454545454545 0.45454545454545 0.5 0.45454545454545 0.5 0.46153846153846 0.46153846153846 
1262305204 0 0.5 1 0.46153846153846 0.46153846153846 0.45454545454545 0.45454545454545 0.45454545454545 0.5 0.5 0.5 0.5 0.5 
1262305207 0 0.5 1 0.46153846153846 0.46153846153846 0.45454545454545 0.45454545454545 0.45454545454545 0.5 0.5 0.5 0.5 0.5 
1262305304 0 0.5 1 0.46153846153846 0.46153846153846 0.45454545454545 0.45454545454545 0.41666666666667 0.5 0.46153846153846 0.5 0.5 0.5 
1262305307 0 0.5 1 0.46153846153846 0.46153846153846 0.45454545454545 0.45454545454545 0.41666666666667 0.5 0.46153846153846 0.5 0.5 0.5 
1262305404 0 0.5 1 0.46153846153846 0.46153846153846 0.41666666666667 0.41666666666667 0.41666666666667 0.5 0.46153846153846 0.5 0.5 0.5 
1262305407 0 0.5 1 0.46153846153846 0.46153846153846 0.41666666666667 0.41666666666667 0.41666666666667 0.46153846153846 0.46153846153846 0.5 0.5 0.5 
1262305504 0 0.5 1 0.46153846153846 0.46153846153846 0.41666666666667 0.46153846153846 0.46153846153846 0.46153846153846 0.46153846153846 0.44444444444444 0.5 0.5 
1262305507 0 0.5 1 0.46153846153846 0.46153846153846 0.41666666666667 0.46153846153846 0.46153846153846 0.46153846153846 0.46153846153846 0.44444444444444 0.5 0.5 
1262305604 0 0.5 1 0.46153846153846 0.46153846153846 0.46153846153846 0.46153846153846 0.46153846153846 0.46153846153846 0.46153846153846 0.5 0.5 0.5 
1262305607 0 0.5 1 0.46153846153846 0.46153846153846 0.46153846153846 0.46153846153846 0.46153846153846 0.46153846153846 0.46153846153846 0.5 0.5 0.5 
1262305704 0 0.5 1 0.46153846153846 0.46153846153846 0.5 0.46153846153846 0.5 0.46153846153846 0.5 0.5 0.5 0.5 
1262305707 0 0.5 1 0.46153846153846 0.46153846153846 0.5 0.46153846153846 0.5 0.5 0.5 0.5 0.5 0.5 
1262305804 0 0.5 1 0.46153846153846 0.46153846153846 0.5 0.46153846153846 0.5 0.5 0.5 0.5 0.5 0.5 
1262305807 0 0.5 1 0.46153846153846 0.46153846153846 0.5 0.46153846153846 0.5 0.5 0.5 0.5 0.5 0.5 
1262305886 0 0.5 1 0.46153846153846 0.46153846153846 0.5 0.46153846153846 0.5 0.5 0.5 0.5 0.5 0.5 
1262305904 0 0.5 1 0.46153846153846 0.46153846153846 0.5 0.46153846153846 0.5 0.5 0.5 0.5 0.5 0.5 
1262305907 0 0.5 1 0.46153846153846 0.46153846153846 0.5 0.46153846153846 0.5 0.5 0.5 0.5 0.5 0.5 
1262305986 0 0.5 1 0.53333333333333 0.46153846153846 0.5 0.46153846153846 0.5 0.5 0.5 0.5 0.5 0.5 
1262306004 0 0.5 1 0.53333333333333 0.46153846153846 0.5 0.46153846153846 0.5 0.5 0.5 0.5 0.5 0.52941176470588 
1262306007 0 0.5 1 0.53333333333333 0.46153846153846 0.5 0.46153846153846 0.5 0.5 0.5 0.5 0.5 0.52941176470588 
1262306086 0 0.5 1 0.53333333333333 0.46153846153846 0.5 0.46153846153846 0.5 0.5 0.5 0.5 0.5 0.52941176470588 
1262306104 0 0.5 1 0.53333333333333 0.46153846153846 0.5 0.46153846153846 0.46666666666667 0.5 0.53333333333333 0.53846153846154 0.53333333333333 0.52941176470588 
1262306107 0 0.5 1 0.53333333333333 0.46153846153846 0.5 0.46153846153846 0.46666666666667 0.53333333333333 0.53333333333333 0.53846153846154 0.53333333333333 0.52941176470588 
1262306186 0 0.5 1 0.53333333333333 0.46153846153846 0.5 0.46153846153846 0.46666666666667 0.53333333333333 0.53333333333333 0.53846153846154 0.53333333333333 0.52941176470588 
1262306204 0 0.5 1 0.53333333333333 0.5 0.5 0.46666666666667 0.5 0.53333333333333 0.53333333333333 0.53846153846154 0.5625 0.52941176470588 
1262306207 0 0.5 1 0.53333333333333 0.5 0.5 0.46666666666667 0.5 0.53333333333333 0.53333333333333 0.53846153846154 0.5625 0.52941176470588 
1262306286 0 0.5 1 0.47058823529412 0.5 0.5 0.46666666666667 0.5 0.53333333333333 0.53333333333333 0.53846153846154 0.5625 0.52941176470588 
1262306304 0 0.5 1 0.47058823529412 0.5 0.5 0.5 0.5 0.53333333333333 0.5625 0.57142857142857 0.5625 0.52941176470588 
1262306307 0 0.5 1 0.47058823529412 0.5 0.5 0.5 0.5 0.5625 0.5625 0.57142857142857 0.5625 0.52941176470588 
1262306386 0 0.5 1 0.47058823529412 0.5 0.5 0.5 0.5 0.5625 0.5625 0.57142857142857 0.5625 0.52941176470588 
1262306404 0 0.5 1 0.47058823529412 0.5 0.5 0.5 0.5 0.5625 0.5625 0.53333333333333 0.5625 0.52941176470588 
1262306407 0 0.5 1 0.47058823529412 0.5 0.5 0.5 0.5 0.52941176470588 0.5625 0.53333333333333 0.5625 0.52941176470588 
1262306486 0 0.5 1 0.5 0.5 0.5 0.5 0.5 0.52941176470588 0.5625 0.53333333333333 0.5625 0.52941176470588 
1262306504 0 0.5 1 0.5 0.5 0.5 0.5 0.47058823529412 0.52941176470588 0.5625 0.53333333333333 0.52941176470588 0.52941176470588 
1262306507 0 0.5 1 0.5 0.5 0.5 0.5 0.47058823529412 0.52941176470588 0.5625 0.53333333333333 0.52941176470588 0.52941176470588 
1262306586 0 0.5 1 0.47368421052632 0.5 0.5 0.5 0.47058823529412 0.52941176470588 0.5625 0.53333333333333 0.52941176470588 0.52941176470588 
1262306604 0 0.5 1 0.47368421052632 0.5 0.5 0.5 0.47368421052632 0.52941176470588 0.5625 0.53333333333333 0.47368421052632 0.52941176470588 
1262306607 0 0.5 1 0.47368421052632 0.5 0.5 0.5 0.47368421052632 0.52941176470588 0.5625 0.53333333333333 0.47368421052632 0.52941176470588 
1262306686 0 0.5 1 0.45 0.5 0.5 0.5 0.47368421052632 0.52941176470588 0.5625 0.53333333333333 0.47368421052632 0.52941176470588 
1262306704 0 0.5 1 0.45 0.5 0.47058823529412 0.44444444444444 0.47368421052632 0.52941176470588 0.5625 0.53333333333333 0.47368421052632 0.52941176470588 
1262306707 0 0.5 1 0.45 0.5 0.47058823529412 0.44444444444444 0.47368421052632 0.52941176470588 0.5625 0.53333333333333 0.47368421052632 0.52941176470588 
1262306786 0 0.5 1 0.45 0.5 0.47058823529412 0.44444444444444 0.47368421052632 0.52941176470588 0.5625 0.53333333333333 0.47368421052632 0.52941176470588 
1262306804 0 0.5 1 0.45 0.47058823529412 0.52631578947368 0.44444444444444 0.47368421052632 0.52941176470588 0.58823529411765 0.52941176470588 0.45 0.52941176470588 
1262306807 0 0.5 1 0.45 0.47058823529412 0.52631578947368 0.44444444444444 0.47368421052632 0.52941176470588 0.58823529411765 0.52941176470588 0.45 0.52941176470588 
1262306886 0 0.5 1 0.45 0.47058823529412 0.52631578947368 0.44444444444444 0.47368421052632 0.52941176470588 0.58823529411765 0.52941176470588 0.45 0.52941176470588 
1262306904 0.090909090909091 0.5 1 0.45 0.44444444444444 0.5 0.44444444444444 0.47368421052632 0.52941176470588 0.58823529411765 0.52941176470588 0.45 0.52941176470588 
1262306907 0.090909090909091 0.5 1 0.45 0.44444444444444 0.5 0.44444444444444 0.47368421052632 0.5 0.58823529411765 0.52941176470588 0.45 0.52941176470588 
1262307004 0.090909090909091 0.5 1 0.45 0.44444444444444 0.5 0.44444444444444 0.47368421052632 0.5 0.58823529411765 0.5 0.47619047619048 0.52941176470588 
1262307007 0.090909090909091 0.5 1 0.45 0.44444444444444 0.5 0.44444444444444 0.47368421052632 0.5 0.58823529411765 0.5 0.47619047619048 0.52941176470588 
1262307022 0.090909090909091 0.5 1 0.45 0.44444444444444 0.5 0.44444444444444 0.47368421052632 0.5 0.58823529411765 0.5 0.47619047619048 0.52941176470588 
1262307104 0.090909090909091 0.5 1 0.45 0.45 0.5 0.45 0.45 0.5 0.55555555555556 0.5 0.47619047619048 0.52631578947368 
1262307107 0.090909090909091 0.5 1 0.45 0.45 0.5 0.45 0.45 0.5 0.55555555555556 0.5 0.47619047619048 0.52631578947368 
1262307122 0.090909090909091 0.5 1 0.45 0.45 0.5 0.45 0.45 0.5 0.55555555555556 0.5 0.47619047619048 0.52631578947368 
1262307204 0.23076923076923 0.5 1 0.45 0.45 0.5 0.45 0.45 0.5 0.5 0.5 0.47619047619048 0.52631578947368 
1262307207 0.23076923076923 0.5 1 0.45 0.45 0.5 0.45 0.45 0.5 0.5 0.5 0.47619047619048 0.52631578947368 
1262307222 0.23076923076923 0.5 1 0.45 0.45 0.5 0.45 0.45 0.5 0.5 0.5 0.47619047619048 0.52631578947368 
1262307257 0.23076923076923 0.5 1 0.45 0.45 0.47619047619048 0.45 0.45 0.5 0.5 0.5 0.47619047619048 0.52631578947368 
1262307304 0.23076923076923 0.5 1 0.45 0.45 0.47619047619048 0.45 0.45 0.5 0.5 0.5 0.47619047619048 0.52380952380952 
1262307307 0.23076923076923 0.5 1 0.45 0.45 0.47619047619048 0.45 0.45 0.5 0.5 0.5 0.47619047619048 0.52380952380952 
1262307322 0.23076923076923 0.5 1 0.45 0.45 0.47619047619048 0.45 0.45 0.5 0.5 0.5 0.47619047619048 0.52380952380952 
1262307357 0.23076923076923 0.5 1 0.45 0.45 0.45454545454545 0.45 0.45 0.5 0.5 0.5 0.47619047619048 0.52380952380952 
1262307404 0.28571428571429 0.5 1 0.45 0.45 0.45454545454545 0.5 0.45 0.5 0.5 0.5 0.47619047619048 0.47826086956522 
1262307406 0.28571428571429 0.5 1 0.45 0.45 0.45454545454545 0.5 0.45 0.5 0.5 0.5 0.47619047619048 0.47826086956522 
1262307407 0.28571428571429 0.5 1 0.45 0.45 0.45454545454545 0.5 0.45 0.5 0.5 0.5 0.47619047619048 0.47826086956522 
1262307422 0.28571428571429 0.5 1 0.47619047619048 0.45 0.45454545454545 0.5 0.45 0.5 0.5 0.5 0.47619047619048 0.47826086956522 
1262307457 0.28571428571429 0.5 1 0.47619047619048 0.45 0.45454545454545 0.5 0.45 0.5 0.5 0.5 0.47619047619048 0.47826086956522 
1262307504 0.28571428571429 0.5 1 0.47619047619048 0.47619047619048 0.45454545454545 0.5 0.47619047619048 0.5 0.5 0.5 0.47619047619048 0.45833333333333 
1262307506 0.28571428571429 0.5 1 0.47619047619048 0.47619047619048 0.45454545454545 0.5 0.47619047619048 0.5 0.5 0.5 0.52173913043478 0.45833333333333 
1262307507 0.28571428571429 0.5 1 0.47619047619048 0.47619047619048 0.45454545454545 0.5 0.47619047619048 0.47619047619048 0.5 0.5 0.52173913043478 0.45833333333333 
1262307522 0.28571428571429 0.5 1 0.47619047619048 0.47619047619048 0.45454545454545 0.5 0.47619047619048 0.47619047619048 0.5 0.5 0.52173913043478 0.45833333333333 
1262307557 0.28571428571429 0.5 1 0.47619047619048 0.47619047619048 0.45454545454545 0.5 0.47619047619048 0.47619047619048 0.5 0.5 0.52173913043478 0.45833333333333 
1262307604 0.33333333333333 0.5 1 0.47619047619048 0.47619047619048 0.45454545454545 0.5 0.47619047619048 0.47619047619048 0.52380952380952 0.47368421052632 0.52173913043478 0.45833333333333 
1262307606 0.33333333333333 0.5 1 0.47619047619048 0.47619047619048 0.45454545454545 0.5 0.47619047619048 0.47619047619048 0.52380952380952 0.47368421052632 0.5 0.45833333333333 
1262307607 0.33333333333333 0.5 1 0.47619047619048 0.47619047619048 0.45454545454545 0.5 0.47619047619048 0.5 0.52380952380952 0.47368421052632 0.5 0.45833333333333 
1262307622 0.33333333333333 0.5 1 0.47619047619048 0.47619047619048 0.45454545454545 0.5 0.47619047619048 0.5 0.52380952380952 0.47368421052632 0.5 0.45833333333333 
1262307657 0.33333333333333 0.5 1 0.47619047619048 0.47619047619048 0.45454545454545 0.5 0.47619047619048 0.5 0.52380952380952 0.47368421052632 0.5 0.45833333333333 
1262307704 0.375 0.5 1 0.47619047619048 0.47826086956522 0.45454545454545 0.47826086956522 0.47826086956522 0.5 0.52380952380952 0.52380952380952 0.5 0.45833333333333 
1262307706 0.375 0.5 1 0.47619047619048 0.47826086956522 0.45454545454545 0.47826086956522 0.47826086956522 0.5 0.52380952380952 0.52380952380952 0.48 0.45833333333333 
1262307707 0.375 0.5 1 0.47619047619048 0.47826086956522 0.45454545454545 0.47826086956522 0.47826086956522 0.47826086956522 0.52380952380952 0.52380952380952 0.48 0.45833333333333 
1262307722 0.375 0.5 1 0.45454545454545 0.47826086956522 0.45454545454545 0.47826086956522 0.47826086956522 0.47826086956522 0.52380952380952 0.52380952380952 0.48 0.45833333333333 
1262307757 0.375 0.5 1 0.45454545454545 0.47826086956522 0.45454545454545 0.47826086956522 0.47826086956522 0.47826086956522 0.52380952380952 0.52380952380952 0.48 0.45833333333333 
1262307804 0.41176470588235 0.5 1 0.45454545454545 0.47826086956522 0.45454545454545 0.47826086956522 0.47826086956522 0.47826086956522 0.52380952380952 0.5 0.48 0.46153846153846 
1262307806 0.41176470588235 0.5 1 0.45454545454545 0.47826086956522 0.45454545454545 0.47826086956522 0.47826086956522 0.47826086956522 0.52380952380952 0.5 0.48 0.46153846153846 
1262307807 0.41176470588235 0.5 1 0.45454545454545 0.47826086956522 0.45454545454545 0.47826086956522 0.47826086956522 0.48 0.52380952380952 0.5 0.48 0.46153846153846 
1262307822 0.41176470588235 0.5 1 0.45454545454545 0.47826086956522 0.45454545454545 0.47826086956522 0.47826086956522 0.48 0.52380952380952 0.5 0.48 0.46153846153846 
1262307857 0.41176470588235 0.5 1 0.45454545454545 0.47826086956522 0.45454545454545 0.47826086956522 0.47826086956522 0.48 0.52380952380952 0.5 0.48 0.46153846153846 
1262307904 0.41176470588235 0.5 1 0.45454545454545 0.47826086956522 0.45454545454545 0.47826086956522 0.47826086956522 0.48 0.52380952380952 0.47826086956522 0.48 0.46153846153846 
1262307906 0.41176470588235 0.5 1 0.45454545454545 0.47826086956522 0.45454545454545 0.47826086956522 0.47826086956522 0.48 0.52380952380952 0.47826086956522 0.48 0.46153846153846 
1262307907 0.41176470588235 0.5 1 0.45454545454545 0.47826086956522 0.45454545454545 0.47826086956522 0.47826086956522 0.48 0.52380952380952 0.47826086956522 0.48 0.46153846153846 
1262307922 0.41176470588235 0.5 1 0.47826086956522 0.47826086956522 0.45454545454545 0.47826086956522 0.47826086956522 0.48 0.52380952380952 0.47826086956522 0.48 0.46153846153846 
1262307957 0.41176470588235 0.5 1 0.47826086956522 0.47826086956522 0.47826086956522 0.47826086956522 0.47826086956522 0.48 0.52380952380952 0.47826086956522 0.48 0.46153846153846 
1262308004 0.44444444444444 0.5 1 0.47826086956522 0.5 0.47826086956522 0.47826086956522 0.47826086956522 0.48 0.54545454545455 0.47826086956522 0.48 0.46153846153846 
1262308006 0.44444444444444 0.5 1 0.47826086956522 0.5 0.47826086956522 0.47826086956522 0.47826086956522 0.48 0.54545454545455 0.47826086956522 0.48 0.46153846153846 
1262308007 0.44444444444444 0.5 1 0.47826086956522 0.5 0.47826086956522 0.47826086956522 0.47826086956522 0.48 0.54545454545455 0.47826086956522 0.48 0.46153846153846 
1262308022 0.44444444444444 0.5 1 0.5 0.5 0.47826086956522 0.47826086956522 0.47826086956522 0.48 0.54545454545455 0.47826086956522 0.48 0.46153846153846 
1262308057 0.44444444444444 0.5 1 0.5 0.5 0.47826086956522 0.47826086956522 0.47826086956522 0.48 0.54545454545455 0.47826086956522 0.48 0.46153846153846 
1262308104 0.47368421052632 0.5 1 0.5 0.5 0.47826086956522 0.47826086956522 0.47826086956522 0.48 0.48 0.47826086956522 0.48 0.46153846153846 
1262308106 0.47368421052632 0.5 1 0.5 0.5 0.47826086956522 0.47826086956522 0.47826086956522 0.48 0.48 0.47826086956522 0.48 0.46153846153846 
1262308107 0.47368421052632 0.5 1 0.5 0.5 0.47826086956522 0.47826086956522 0.47826086956522 0.48 0.48 0.47826086956522 0.48 0.46153846153846 
1262308122 0.47368421052632 0.5 1 0.48 0.5 0.47826086956522 0.47826086956522 0.47826086956522 0.48 0.48 0.47826086956522 0.48 0.46153846153846 
1262308157 0.47368421052632 0.5 1 0.48 0.5 0.47826086956522 0.47826086956522 0.47826086956522 0.48 0.48 0.47826086956522 0.48 0.46153846153846 
1262308204 0.47368421052632 0.5 1 0.48 0.5 0.47826086956522 0.5 0.5 0.48 0.48 0.45833333333333 0.48 0.46153846153846 
1262308206 0.47368421052632 0.5 1 0.48 0.5 0.47826086956522 0.5 0.5 0.48 0.48 0.45833333333333 0.48 0.46153846153846 
1262308207 0.47368421052632 0.5 1 0.48 0.5 0.47826086956522 0.5 0.5 0.48 0.48 0.45833333333333 0.48 0.46153846153846 
1262308222 0.47368421052632 0.5 1 0.48 0.5 0.47826086956522 0.5 0.5 0.48 0.48 0.45833333333333 0.48 0.46153846153846 
1262308257 0.47368421052632 0.5 1 0.48 0.5 0.47826086956522 0.5 0.5 0.48 0.48 0.45833333333333 0.48 0.46153846153846 
1262308304 0.47368421052632 0.5 1 0.48 0.48 0.47826086956522 0.48 0.5 0.48 0.5 0.45833333333333 0.48 0.46153846153846 
1262308306 0.47368421052632 0.5 1 0.48 0.48 0.47826086956522 0.48 0.5 0.48 0.5 0.45833333333333 0.48 0.46153846153846 
1262308307 0.47368421052632 0.5 1 0.48 0.48 0.47826086956522 0.48 0.5 0.48 0.5 0.45833333333333 0.48 0.46153846153846 
1262308322 0.47368421052632 0.5 1 0.48 0.48 0.47826086956522 0.48 0.5 0.48 0.5 0.45833333333333 0.48 0.46153846153846 
1262308357 0.47368421052632 0.5 1 0.48 0.48 0.47826086956522 0.48 0.5 0.48 0.5 0.45833333333333 0.48 0.46153846153846 
1262308404 0.47368421052632 0.5 1 0.48 0.48 0.47826086956522 0.5 0.5 0.48 0.5 0.45833333333333 0.48 0.46153846153846 
1262308406 0.47368421052632 0.5 1 0.48 0.48 0.47826086956522 0.5 0.5 0.48 0.5 0.45833333333333 0.48 0.46153846153846 
1262308407 0.47368421052632 0.5 1 0.48 0.48 0.47826086956522 0.5 0.5 0.48 0.5 0.45833333333333 0.48 0.46153846153846 
1262308422 0.47368421052632 0.5 1 0.48 0.48 0.47826086956522 0.5 0.5 0.48 0.5 0.45833333333333 0.48 0.46153846153846 
