arrived:	node1#1	1
arrived:	node1#5	1
arrived:	node3#7	1
arrived:	node3#9	1
arrived:	node1#33	1
arrived:	node1#7	1
arrived:	node3#4	1
arrived:	node1#4	1
arrived:	node1#38	1
arrived:	node1#24	1
arrived:	node3#5	1
arrived:	node3#3	1
arrived:	node1#14	1
arrived:	node3#30	1
arrived:	node3#32	1
arrived:	node3#22	1
arrived:	node1#19	1
arrived:	node3#2	1
arrived:	node1#49	1
arrived:	node1#3	1
arrived:	node3#37	1
arrived:	node3#1	1
arrived:	node1#2	1
NOTIFS:
node3	:	60	sent
node1	:	60	sent
SUBS:
on	node1
	node1	:	12	received
on	node3
	node3	:	11	received
1262304604 - 0.5 - 0.5 - 0.5 0.5 0.5 0.5 0.5 - 0.5 0.5 
1262304704 - 0.5 - 0.5 - 0.5 0.5 0.5 0.5 0.5 - 0.5 0.5 
1262304804 - 0.5 - 0.5 0.5 0.5 0.5 0.5 0.5 0.5 0.5 0.5 0.5 
1262304904 - 0.5 1 0.5 0.5 0.5 0.5 0.5 0.5 0.5 0.5 0.5 0.5 
1262304937 - 0.5 1 0.5 0.5 0.5 0.5 0.5 0.5 0.5 0.5 0.5 0.5 
1262305004 - 0.5 1 0.5 0.5 0.45454545454545 0.5 0.5 0.5 0.5 0.5 0.5 0.5 
1262305037 - 0.5 1 0.5 0.5 0.45454545454545 0.5 0.5 0.5 0.5 0.5 0.5 0.5 
1262305104 - 0.5 1 0.5 0.5 0.45454545454545 0.41666666666667 0.5 0.5 0.5 0.5 0.5 0.36363636363636 
1262305137 - 0.5 1 0.5 0.5 0.45454545454545 0.41666666666667 0.5 0.5 0.5 0.5 0.5 0.36363636363636 
1262305204 - 0.5 1 0.46153846153846 0.5 0.45454545454545 0.41666666666667 0.45454545454545 0.5 0.5 0.5 0.5 0.46153846153846 
1262305237 - 0.5 1 0.46153846153846 0.5 0.45454545454545 0.41666666666667 0.45454545454545 0.5 0.5 0.5 0.5 0.46153846153846 
1262305304 - 0.5 1 0.46153846153846 0.4 0.45454545454545 0.41666666666667 0.41666666666667 0.5 0.5 0.5 0.5 0.46153846153846 
1262305337 - 0.5 1 0.46153846153846 0.4 0.45454545454545 0.41666666666667 0.41666666666667 0.5 0.5 0.5 0.5 0.46153846153846 
1262305404 0 0.5 1 0.5 0.4 0.45454545454545 0.41666666666667 0.41666666666667 0.5 0.5 0.5 0.5 0.46153846153846 
1262305437 0 0.5 1 0.5 0.4 0.45454545454545 0.41666666666667 0.41666666666667 0.5 0.5 0.5 0.5 0.46153846153846 
1262305504 0 0.5 1 0.5 0.4 0.5 0.46153846153846 0.46153846153846 0.46153846153846 0.5 0.5 0.5 0.46153846153846 
1262305537 0 0.5 1 0.5 0.4 0.5 0.46153846153846 0.46153846153846 0.46153846153846 0.5 0.5 0.5 0.46153846153846 
1262305604 0 0.5 1 0.5 0.5 0.46153846153846 0.46153846153846 0.46153846153846 0.46153846153846 0.46153846153846 0.5 0.5 0.46153846153846 
1262305637 0 0.5 1 0.5 0.5 0.46153846153846 0.46153846153846 0.46153846153846 0.46153846153846 0.46153846153846 0.5 0.5 0.46153846153846 
1262305704 0 0.5 1 0.5 0.5 0.46153846153846 0.46153846153846 0.46153846153846 0.46153846153846 0.46153846153846 0.58333333333333 0.53846153846154 0.46153846153846 
1262305737 0 0.5 1 0.5 0.5 0.46153846153846 0.46153846153846 0.46153846153846 0.46153846153846 0.46153846153846 0.58333333333333 0.53846153846154 0.46153846153846 
1262305804 0 0.5 1 0.5 0.5 0.46153846153846 0.5 0.5 0.46153846153846 0.5 0.58333333333333 0.53846153846154 0.5 
1262305836 0 0.5 1 0.5 0.5 0.46153846153846 0.5 0.5 0.46153846153846 0.5 0.58333333333333 0.53846153846154 0.5 
1262305837 0 0.5 1 0.5 0.5 0.46153846153846 0.5 0.5 0.46153846153846 0.5 0.58333333333333 0.53846153846154 0.5 
1262305904 0 0.5 1 0.5 0.5 0.53333333333333 0.5 0.5 0.46153846153846 0.5 0.57142857142857 0.53846153846154 0.5 
1262305936 0 0.5 1 0.5 0.5 0.53333333333333 0.5 0.5 0.46153846153846 0.5 0.57142857142857 0.53846153846154 0.5 
1262305937 0 0.5 1 0.5 0.5 0.53333333333333 0.5 0.5 0.46153846153846 0.5 0.57142857142857 0.53846153846154 0.5 
1262306004 0 0.5 1 0.53333333333333 0.5 0.53333333333333 0.53333333333333 0.5 0.5 0.5 0.57142857142857 0.53846153846154 0.5 
1262306036 0 0.5 1 0.53333333333333 0.53846153846154 0.53333333333333 0.53333333333333 0.5 0.5 0.5 0.57142857142857 0.53846153846154 0.5 
1262306037 0 0.5 1 0.53333333333333 0.53846153846154 0.53333333333333 0.53333333333333 0.5 0.5 0.5 0.57142857142857 0.53846153846154 0.5 
1262306104 0 0.5 1 0.5 0.53846153846154 0.53333333333333 0.53333333333333 0.5 0.46666666666667 0.5 0.57142857142857 0.53333333333333 0.5 
1262306136 0 0.5 1 0.5 0.53846153846154 0.53333333333333 0.53333333333333 0.5 0.46666666666667 0.5 0.57142857142857 0.53333333333333 0.5 
1262306137 0 0.5 1 0.5 0.53846153846154 0.53333333333333 0.53333333333333 0.5 0.46666666666667 0.5 0.57142857142857 0.53333333333333 0.5 
1262306204 0 0.5 1 0.5 0.53846153846154 0.53333333333333 0.52941176470588 0.5 0.46666666666667 0.5 0.57142857142857 0.53333333333333 0.5 
1262306236 0 0.5 1 0.5 0.53846153846154 0.53333333333333 0.52941176470588 0.5 0.46666666666667 0.5 0.57142857142857 0.53333333333333 0.5 
1262306237 0 0.5 1 0.5 0.53846153846154 0.53333333333333 0.52941176470588 0.5 0.46666666666667 0.5 0.57142857142857 0.53333333333333 0.5 
1262306304 0 0.5 1 0.5 0.53846153846154 0.53333333333333 0.52941176470588 0.5 0.52941176470588 0.53333333333333 0.57142857142857 0.53333333333333 0.53333333333333 
1262306336 0 0.5 1 0.5 0.53846153846154 0.53333333333333 0.52941176470588 0.5 0.52941176470588 0.53333333333333 0.57142857142857 0.53333333333333 0.53333333333333 
1262306337 0 0.5 1 0.5 0.53846153846154 0.53333333333333 0.52941176470588 0.5 0.52941176470588 0.53333333333333 0.57142857142857 0.53333333333333 0.53333333333333 
1262306404 0 0.5 1 0.5 0.53846153846154 0.5 0.52941176470588 0.5 0.52941176470588 0.53333333333333 0.57142857142857 0.53333333333333 0.53333333333333 
1262306436 0 0.5 1 0.5 0.5 0.5 0.52941176470588 0.5 0.52941176470588 0.53333333333333 0.57142857142857 0.53333333333333 0.53333333333333 
1262306437 0 0.5 1 0.5 0.5 0.5 0.52941176470588 0.5 0.52941176470588 0.53333333333333 0.57142857142857 0.53333333333333 0.53333333333333 
1262306504 0 0.5 1 0.5 0.5 0.5 0.52941176470588 0.5 0.52941176470588 0.53333333333333 0.53333333333333 0.53333333333333 0.52941176470588 
1262306536 0 0.5 1 0.5 0.46666666666667 0.5 0.52941176470588 0.5 0.52941176470588 0.53333333333333 0.53333333333333 0.53333333333333 0.52941176470588 
1262306537 0 0.5 1 0.5 0.46666666666667 0.5 0.52941176470588 0.5 0.52941176470588 0.53333333333333 0.53333333333333 0.53333333333333 0.52941176470588 
1262306604 0 0.5 1 0.5 0.46666666666667 0.52941176470588 0.5 0.5 0.52941176470588 0.5 0.5 0.53333333333333 0.5 
1262306636 0 0.5 1 0.5 0.46666666666667 0.52941176470588 0.5 0.5 0.52941176470588 0.5 0.5 0.53333333333333 0.5 
1262306637 0 0.5 1 0.5 0.46666666666667 0.52941176470588 0.5 0.5 0.52941176470588 0.5 0.5 0.53333333333333 0.5 
1262306704 0 0.5 1 0.5 0.46666666666667 0.47368421052632 0.52631578947368 0.5 0.52941176470588 0.52941176470588 0.45 0.5625 0.5 
1262306736 0 0.5 1 0.5 0.5 0.47368421052632 0.52631578947368 0.5 0.52941176470588 0.52941176470588 0.45 0.5625 0.5 
1262306737 0 0.5 1 0.5 0.5 0.47368421052632 0.52631578947368 0.5 0.52941176470588 0.52941176470588 0.45 0.5625 0.5 
1262306775 0 0.5 1 0.5 0.5 0.47368421052632 0.52631578947368 0.5 0.47368421052632 0.52941176470588 0.45 0.5625 0.5 
1262306804 0 0.5 1 0.5 0.5 0.47368421052632 0.5 0.5 0.47368421052632 0.5 0.45 0.5625 0.5 
1262306836 0 0.5 1 0.5 0.5 0.47368421052632 0.5 0.5 0.47368421052632 0.5 0.45 0.5625 0.5 
1262306837 0 0.5 1 0.5 0.5 0.47368421052632 0.5 0.5 0.47368421052632 0.5 0.45 0.5625 0.5 
1262306875 0 0.5 1 0.5 0.5 0.47368421052632 0.5 0.5 0.5 0.5 0.45 0.5625 0.5 
1262306904 0 0.5 1 0.5 0.5 0.47368421052632 0.5 0.5 0.5 0.47368421052632 0.47619047619048 0.5625 0.5 
1262306936 0 0.5 1 0.5 0.47058823529412 0.47368421052632 0.5 0.5 0.5 0.47368421052632 0.47619047619048 0.5625 0.5 
1262306937 0 0.5 1 0.5 0.47058823529412 0.47368421052632 0.5 0.5 0.5 0.47368421052632 0.47619047619048 0.5625 0.5 
1262306975 0 0.5 1 0.5 0.47058823529412 0.47368421052632 0.5 0.5 0.52380952380952 0.47368421052632 0.47619047619048 0.5625 0.5 
1262307004 0 0.5 1 0.52631578947368 0.47058823529412 0.5 0.5 0.47368421052632 0.52380952380952 0.47368421052632 0.5 0.58823529411765 0.52380952380952 
1262307036 0 0.5 1 0.52631578947368 0.5 0.5 0.5 0.47368421052632 0.52380952380952 0.47368421052632 0.5 0.58823529411765 0.52380952380952 
1262307037 0 0.5 1 0.52631578947368 0.5 0.5 0.5 0.47368421052632 0.52380952380952 0.47368421052632 0.5 0.58823529411765 0.52380952380952 
1262307075 0 0.5 1 0.52631578947368 0.5 0.5 0.5 0.47368421052632 0.52380952380952 0.47368421052632 0.5 0.58823529411765 0.52380952380952 
1262307104 0 0.5 1 0.5 0.5 0.5 0.5 0.5 0.52380952380952 0.47368421052632 0.5 0.58823529411765 0.52380952380952 
1262307136 0 0.5 1 0.5 0.5 0.5 0.5 0.5 0.52380952380952 0.47368421052632 0.5 0.58823529411765 0.52380952380952 
1262307137 0 0.5 1 0.5 0.5 0.5 0.5 0.5 0.52380952380952 0.47368421052632 0.5 0.58823529411765 0.52380952380952 
1262307175 0 0.5 1 0.5 0.5 0.5 0.5 0.5 0.52380952380952 0.47368421052632 0.5 0.58823529411765 0.52380952380952 
1262307204 0 0.5 1 0.5 0.5 0.5 0.5 0.5 0.52380952380952 0.5 0.5 0.58823529411765 0.52380952380952 
1262307236 0 0.5 1 0.5 0.5 0.5 0.5 0.5 0.52380952380952 0.5 0.5 0.58823529411765 0.52380952380952 
1262307237 0 0.5 1 0.5 0.5 0.5 0.5 0.5 0.52380952380952 0.5 0.5 0.58823529411765 0.52380952380952 
1262307275 0 0.5 1 0.5 0.5 0.5 0.5 0.5 0.52380952380952 0.5 0.5 0.58823529411765 0.52380952380952 
1262307304 0 0.5 1 0.5 0.5 0.52380952380952 0.5 0.5 0.52380952380952 0.5 0.5 0.55 0.52173913043478 
1262307336 0 0.5 1 0.5 0.5 0.52380952380952 0.5 0.5 0.52380952380952 0.5 0.5 0.55 0.52173913043478 
1262307337 0 0.5 1 0.5 0.5 0.52380952380952 0.5 0.5 0.52380952380952 0.5 0.5 0.55 0.52173913043478 
1262307404 0 0.5 1 0.5 0.5 0.5 0.52380952380952 0.5 0.52380952380952 0.5 0.5 0.55 0.52173913043478 
1262307436 0 0.5 1 0.5 0.5 0.5 0.52380952380952 0.5 0.52380952380952 0.5 0.5 0.55 0.52173913043478 
1262307437 0 0.5 1 0.5 0.5 0.5 0.52380952380952 0.5 0.52380952380952 0.5 0.5 0.55 0.52173913043478 
1262307480 0 0.5 1 0.5 0.5 0.5 0.52380952380952 0.5 0.52380952380952 0.5 0.5 0.55 0.52173913043478 
1262307504 0 0.5 1 0.5 0.5 0.52173913043478 0.54545454545455 0.5 0.52380952380952 0.54545454545455 0.52173913043478 0.52380952380952 0.52173913043478 
1262307536 0 0.5 1 0.5 0.52380952380952 0.52173913043478 0.54545454545455 0.5 0.52380952380952 0.54545454545455 0.52173913043478 0.52380952380952 0.52173913043478 
1262307537 0 0.5 1 0.5 0.52380952380952 0.52173913043478 0.54545454545455 0.5 0.52380952380952 0.54545454545455 0.52173913043478 0.52380952380952 0.52173913043478 
1262307580 0 0.5 1 0.5 0.52380952380952 0.52173913043478 0.54545454545455 0.5 0.52173913043478 0.54545454545455 0.52173913043478 0.52380952380952 0.52173913043478 
1262307604 0 0.5 1 0.5 0.52380952380952 0.52173913043478 0.52173913043478 0.52380952380952 0.52173913043478 0.52173913043478 0.52173913043478 0.52173913043478 0.52173913043478 
1262307636 0 0.5 1 0.5 0.54545454545455 0.52173913043478 0.52173913043478 0.52380952380952 0.52173913043478 0.52173913043478 0.52173913043478 0.52173913043478 0.52173913043478 
1262307637 0 0.5 1 0.5 0.54545454545455 0.52173913043478 0.52173913043478 0.52380952380952 0.52173913043478 0.52173913043478 0.52173913043478 0.52173913043478 0.52173913043478 
1262307680 0 0.5 1 0.5 0.54545454545455 0.52173913043478 0.52173913043478 0.52380952380952 0.52173913043478 0.52173913043478 0.52173913043478 0.52173913043478 0.52173913043478 
1262307704 0 0.5 0.91666666666667 0.5 0.54545454545455 0.52173913043478 0.52173913043478 0.52173913043478 0.52173913043478 0.52173913043478 0.52173913043478 0.52173913043478 0.52173913043478 
1262307736 0 0.5 0.91666666666667 0.5 0.54545454545455 0.52173913043478 0.52173913043478 0.52173913043478 0.52173913043478 0.52173913043478 0.52173913043478 0.52173913043478 0.52173913043478 
1262307737 0 0.5 0.91666666666667 0.5 0.54545454545455 0.52173913043478 0.52173913043478 0.52173913043478 0.52173913043478 0.52173913043478 0.52173913043478 0.52173913043478 0.52173913043478 
1262307780 0 0.5 0.91666666666667 0.5 0.54545454545455 0.52173913043478 0.52173913043478 0.52173913043478 0.52173913043478 0.52173913043478 0.52173913043478 0.52173913043478 0.52173913043478 
1262307804 0 0.5 0.91666666666667 0.52380952380952 0.54545454545455 0.52173913043478 0.52173913043478 0.52173913043478 0.52173913043478 0.52173913043478 0.52173913043478 0.52173913043478 0.52173913043478 
1262307837 0 0.5 0.91666666666667 0.52380952380952 0.54545454545455 0.52173913043478 0.52173913043478 0.52173913043478 0.52173913043478 0.52173913043478 0.52173913043478 0.52173913043478 0.52173913043478 
1262307880 0 0.5 0.91666666666667 0.52380952380952 0.54545454545455 0.52173913043478 0.52173913043478 0.52173913043478 0.52173913043478 0.52173913043478 0.52173913043478 0.52173913043478 0.52173913043478 
1262307904 0 0.5 0.91666666666667 0.52380952380952 0.54545454545455 0.52173913043478 0.5 0.54166666666667 0.52173913043478 0.52173913043478 0.52173913043478 0.52173913043478 0.52173913043478 
1262307910 0 0.5 0.91666666666667 0.52380952380952 0.52173913043478 0.52173913043478 0.5 0.54166666666667 0.52173913043478 0.52173913043478 0.52173913043478 0.52173913043478 0.52173913043478 
1262307972 0 0.5 0.91666666666667 0.52380952380952 0.52173913043478 0.52173913043478 0.5 0.54166666666667 0.52173913043478 0.52173913043478 0.52173913043478 0.52173913043478 0.52173913043478 
1262307980 0 0.5 0.91666666666667 0.52380952380952 0.52173913043478 0.52173913043478 0.5 0.54166666666667 0.52173913043478 0.52173913043478 0.52173913043478 0.52173913043478 0.52173913043478 
1262308004 0.090909090909091 0.5 0.91666666666667 0.56521739130435 0.52173913043478 0.52173913043478 0.52 0.54166666666667 0.52173913043478 0.52173913043478 0.52173913043478 0.52173913043478 0.52173913043478 
1262308010 0.090909090909091 0.5 0.91666666666667 0.56521739130435 0.52173913043478 0.52173913043478 0.52 0.54166666666667 0.52173913043478 0.52173913043478 0.52173913043478 0.52173913043478 0.52173913043478 
1262308035 0.090909090909091 0.5 0.91666666666667 0.56521739130435 0.52173913043478 0.52173913043478 0.52 0.54166666666667 0.52173913043478 0.52173913043478 0.52173913043478 0.52173913043478 0.52173913043478 
1262308072 0.090909090909091 0.5 0.91666666666667 0.56521739130435 0.52173913043478 0.52173913043478 0.52 0.54166666666667 0.52173913043478 0.52173913043478 0.52173913043478 0.54166666666667 0.52173913043478 
1262308080 0.090909090909091 0.5 0.91666666666667 0.56521739130435 0.52173913043478 0.52173913043478 0.52 0.54166666666667 0.52173913043478 0.52173913043478 0.52173913043478 0.54166666666667 0.52173913043478 
1262308104 0.090909090909091 0.5 0.84615384615385 0.56521739130435 0.52173913043478 0.52173913043478 0.52 0.52 0.52173913043478 0.52173913043478 0.52173913043478 0.54166666666667 0.52173913043478 
1262308110 0.090909090909091 0.5 0.84615384615385 0.56521739130435 0.52173913043478 0.52173913043478 0.52 0.52 0.52173913043478 0.52173913043478 0.52173913043478 0.54166666666667 0.52173913043478 
1262308135 0.090909090909091 0.5 0.84615384615385 0.56521739130435 0.52173913043478 0.52173913043478 0.52 0.52 0.52173913043478 0.52173913043478 0.52173913043478 0.54166666666667 0.52173913043478 
1262308172 0.090909090909091 0.5 0.84615384615385 0.56521739130435 0.52173913043478 0.52173913043478 0.52 0.52 0.52173913043478 0.52173913043478 0.52173913043478 0.54166666666667 0.52173913043478 
1262308180 0.090909090909091 0.5 0.84615384615385 0.56521739130435 0.52173913043478 0.52173913043478 0.52 0.52 0.52173913043478 0.52173913043478 0.52173913043478 0.54166666666667 0.52173913043478 
1262308204 0.090909090909091 0.5 0.84615384615385 0.56521739130435 0.52173913043478 0.5 0.52 0.52 0.52173913043478 0.52173913043478 0.54166666666667 0.54166666666667 0.52173913043478 
1262308210 0.090909090909091 0.5 0.84615384615385 0.56521739130435 0.52173913043478 0.5 0.52 0.52 0.52173913043478 0.52173913043478 0.54166666666667 0.54166666666667 0.52173913043478 
1262308235 0.090909090909091 0.5 0.84615384615385 0.56521739130435 0.52173913043478 0.5 0.52 0.52 0.52173913043478 0.54166666666667 0.54166666666667 0.54166666666667 0.52173913043478 
1262308272 0.090909090909091 0.5 0.84615384615385 0.56521739130435 0.52173913043478 0.5 0.52 0.52 0.52173913043478 0.54166666666667 0.54166666666667 0.54166666666667 0.52173913043478 
1262308280 0.090909090909091 0.5 0.84615384615385 0.56521739130435 0.52173913043478 0.5 0.52 0.52 0.54166666666667 0.54166666666667 0.54166666666667 0.54166666666667 0.52173913043478 
1262308304 0.090909090909091 0.5 0.84615384615385 0.57692307692308 0.52173913043478 0.55555555555556 0.55555555555556 0.52 0.54166666666667 0.54166666666667 0.54166666666667 0.54166666666667 0.54166666666667 
1262308310 0.090909090909091 0.5 0.84615384615385 0.57692307692308 0.52173913043478 0.55555555555556 0.55555555555556 0.52 0.54166666666667 0.54166666666667 0.54166666666667 0.54166666666667 0.54166666666667 
1262308335 0.090909090909091 0.5 0.84615384615385 0.57692307692308 0.52173913043478 0.55555555555556 0.55555555555556 0.52 0.54166666666667 0.54166666666667 0.54166666666667 0.54166666666667 0.54166666666667 
1262308372 0.090909090909091 0.5 0.84615384615385 0.57692307692308 0.52173913043478 0.55555555555556 0.55555555555556 0.52 0.54166666666667 0.54166666666667 0.54166666666667 0.54166666666667 0.54166666666667 
1262308380 0.090909090909091 0.5 0.84615384615385 0.57692307692308 0.52173913043478 0.55555555555556 0.55555555555556 0.52 0.54166666666667 0.54166666666667 0.54166666666667 0.54166666666667 0.54166666666667 
1262308404 0.090909090909091 0.5 0.84615384615385 0.57692307692308 0.52173913043478 0.55555555555556 0.55555555555556 0.52 0.54166666666667 0.54166666666667 0.54166666666667 0.54166666666667 0.54166666666667 
1262308410 0.090909090909091 0.5 0.84615384615385 0.57692307692308 0.52173913043478 0.55555555555556 0.55555555555556 0.52 0.54166666666667 0.54166666666667 0.54166666666667 0.54166666666667 0.54166666666667 
1262308435 0.090909090909091 0.5 0.84615384615385 0.57692307692308 0.52173913043478 0.55555555555556 0.55555555555556 0.52 0.54166666666667 0.54166666666667 0.54166666666667 0.54166666666667 0.54166666666667 
1262308441 0.090909090909091 0.5 0.84615384615385 0.57692307692308 0.52173913043478 0.55555555555556 0.55555555555556 0.52 0.54166666666667 0.54166666666667 0.54166666666667 0.54166666666667 0.54166666666667 
1262308472 0.090909090909091 0.5 0.84615384615385 0.57692307692308 0.52173913043478 0.55555555555556 0.55555555555556 0.52 0.54166666666667 0.54166666666667 0.54166666666667 0.54166666666667 0.54166666666667 
1262308480 0.090909090909091 0.5 0.84615384615385 0.57692307692308 0.52173913043478 0.55555555555556 0.55555555555556 0.52 0.54166666666667 0.54166666666667 0.54166666666667 0.54166666666667 0.54166666666667 
