arrived:	node1#1	1
arrived:	node1#5	1
arrived:	node3#7	1
arrived:	node3#9	1
arrived:	node1#14	1
arrived:	node1#7	1
arrived:	node3#17	1
arrived:	node3#4	1
arrived:	node1#4	1
arrived:	node3#30	1
arrived:	node3#5	1
arrived:	node3#3	1
arrived:	node3#52	1
arrived:	node3#6	1
arrived:	node1#3	1
arrived:	node3#25	1
arrived:	node3#2	1
arrived:	node3#1	1
arrived:	node1#19	1
arrived:	node3#37	1
arrived:	node3#29	1
arrived:	node1#2	1
NOTIFS:
node1	:	60	sent
node3	:	60	sent
SUBS:
on	node1
	node1	:	8	received
on	node3
	node3	:	14	received
1262304604 - 0.5 - 0.5 - - - 0.5 - - - - - 
1262304704 - 0.5 - 0.5 0.5 - 0.5 0.5 - - - - - 
1262304804 - 0.5 - 0.5 0.5 - 0.5 0.5 - 0.5 - - - 
1262304904 0 0.5 - 0.5 0.5 0.5 0.5 0.45454545454545 - 0.5 - - - 
1262305004 0 0.5 - 0.5 0.5 0.5 0.5 0.5 0.5 0.5 - 0.5 0.5 
1262305104 0 0.5 - 0.5 0.5 0.5 0.5 0.46153846153846 0.5 0.5 - 0.5 0.5 
1262305204 0 0.5 - 0.45454545454545 0.5 0.5 0.5 0.46153846153846 0.5 0.5 - 0.5 0.46153846153846 
1262305304 0 0.5 1 0.45454545454545 0.45454545454545 0.5 0.5 0.46153846153846 0.44444444444444 0.5 - 0.46153846153846 0.46153846153846 
1262305404 0 0.5 1 0.5 0.45454545454545 0.5 0.5 0.46153846153846 0.44444444444444 0.45454545454545 - 0.46153846153846 0.46153846153846 
1262305504 0 0.5 1 0.46153846153846 0.5 0.5 0.46153846153846 0.46153846153846 0.44444444444444 0.45454545454545 0.33333333333333 0.46153846153846 0.5 
1262305604 0 0.5 1 0.46153846153846 0.5 0.46153846153846 0.46153846153846 0.46153846153846 0.44444444444444 0.45454545454545 0.5 0.46153846153846 0.5 
1262305704 0 0.5 1 0.53333333333333 0.46153846153846 0.46153846153846 0.46153846153846 0.46153846153846 0.44444444444444 0.45454545454545 0.54545454545455 0.46153846153846 0.5 
1262305804 0 0.5 1 0.53333333333333 0.46153846153846 0.46153846153846 0.46153846153846 0.46153846153846 0.5 0.46153846153846 0.54545454545455 0.46153846153846 0.5 
1262305904 0 0.5 1 0.53333333333333 0.46153846153846 0.46153846153846 0.5 0.5 0.5 0.46153846153846 0.54545454545455 0.46153846153846 0.5 
1262305905 0 0.5 1 0.53333333333333 0.46153846153846 0.46153846153846 0.5 0.5 0.5 0.46153846153846 0.54545454545455 0.46153846153846 0.5 
1262306004 0 0.5 1 0.53333333333333 0.46153846153846 0.46153846153846 0.5 0.5 0.5 0.46153846153846 0.54545454545455 0.53333333333333 0.5 
1262306005 0 0.5 1 0.53333333333333 0.46153846153846 0.5 0.5 0.5 0.5 0.46153846153846 0.54545454545455 0.53333333333333 0.5 
1262306104 0 0.5 1 0.53333333333333 0.46153846153846 0.5 0.5 0.53333333333333 0.5 0.5 0.54545454545455 0.53333333333333 0.5 
1262306105 0 0.5 1 0.53333333333333 0.5 0.53333333333333 0.5 0.53333333333333 0.5 0.5 0.54545454545455 0.53333333333333 0.5 
1262306204 0 0.5 1 0.53333333333333 0.5 0.53333333333333 0.5 0.53333333333333 0.5 0.5 0.54545454545455 0.53333333333333 0.5 
1262306205 0 0.5 1 0.53333333333333 0.5 0.53333333333333 0.5 0.53333333333333 0.5 0.5 0.54545454545455 0.53333333333333 0.5 
1262306304 0 0.5 1 0.53333333333333 0.5 0.53333333333333 0.5 0.5 0.5 0.5 0.58333333333333 0.53333333333333 0.5 
1262306305 0 0.5 1 0.53333333333333 0.5 0.53333333333333 0.5 0.5 0.5 0.5 0.58333333333333 0.53333333333333 0.5 
1262306404 0 0.5 1 0.5 0.5 0.53333333333333 0.5 0.5 0.5 0.53333333333333 0.58333333333333 0.53333333333333 0.5 
1262306405 0 0.5 1 0.5 0.5 0.53333333333333 0.5 0.5 0.5 0.53333333333333 0.58333333333333 0.53333333333333 0.5 
1262306504 0 0.5 1 0.5 0.5 0.53333333333333 0.47058823529412 0.5 0.5 0.53333333333333 0.58333333333333 0.53333333333333 0.53333333333333 
1262306505 0 0.5 1 0.5 0.5 0.53333333333333 0.47058823529412 0.5 0.5 0.53333333333333 0.58333333333333 0.53333333333333 0.53333333333333 
1262306604 0 0.5 1 0.44444444444444 0.5 0.53333333333333 0.47058823529412 0.5 0.5 0.53333333333333 0.58333333333333 0.53333333333333 0.5 
1262306605 0 0.5 1 0.44444444444444 0.5 0.53333333333333 0.47058823529412 0.5 0.5 0.53333333333333 0.58333333333333 0.53333333333333 0.5 
1262306704 0 0.5 1 0.44444444444444 0.5 0.53333333333333 0.42105263157895 0.5 0.53846153846154 0.53333333333333 0.58333333333333 0.53333333333333 0.47058823529412 
1262306705 0 0.5 1 0.44444444444444 0.5 0.5 0.42105263157895 0.5 0.53846153846154 0.53333333333333 0.58333333333333 0.53333333333333 0.47058823529412 
1262306804 0 0.5 1 0.42105263157895 0.5 0.5 0.42105263157895 0.5 0.53846153846154 0.53333333333333 0.58333333333333 0.5 0.47058823529412 
1262306805 0 0.5 1 0.42105263157895 0.5 0.5 0.42105263157895 0.5 0.53846153846154 0.53333333333333 0.58333333333333 0.5 0.47058823529412 
1262306904 0 0.5 1 0.42105263157895 0.5 0.5 0.42105263157895 0.44444444444444 0.53846153846154 0.47058823529412 0.53846153846154 0.47058823529412 0.47058823529412 
1262306905 0 0.5 1 0.42105263157895 0.5 0.52941176470588 0.42105263157895 0.44444444444444 0.53846153846154 0.47058823529412 0.53846153846154 0.47058823529412 0.47058823529412 
1262307004 0 0.5 1 0.42105263157895 0.5 0.52941176470588 0.42105263157895 0.47368421052632 0.53846153846154 0.47058823529412 0.57142857142857 0.47368421052632 0.47058823529412 
1262307005 0 0.5 1 0.42105263157895 0.47058823529412 0.5 0.42105263157895 0.47368421052632 0.53846153846154 0.47058823529412 0.57142857142857 0.47368421052632 0.47058823529412 
1262307104 0 0.5 1 0.42105263157895 0.47058823529412 0.5 0.45 0.47368421052632 0.5 0.5 0.53333333333333 0.47368421052632 0.47058823529412 
1262307105 0 0.5 1 0.42105263157895 0.44444444444444 0.47368421052632 0.45 0.47368421052632 0.5 0.5 0.53333333333333 0.47368421052632 0.47058823529412 
1262307204 0 0.5 1 0.42105263157895 0.44444444444444 0.47368421052632 0.45 0.47368421052632 0.53333333333333 0.5 0.53333333333333 0.47368421052632 0.47058823529412 
1262307205 0 0.5 1 0.42105263157895 0.44444444444444 0.47368421052632 0.45 0.47368421052632 0.53333333333333 0.5 0.53333333333333 0.47368421052632 0.47058823529412 
1262307304 0 0.5 1 0.42105263157895 0.44444444444444 0.47368421052632 0.45 0.47368421052632 0.5 0.47368421052632 0.47058823529412 0.47368421052632 0.47058823529412 
1262307305 0 0.5 1 0.42105263157895 0.44444444444444 0.47368421052632 0.45 0.47368421052632 0.5 0.47368421052632 0.47058823529412 0.47368421052632 0.47058823529412 
1262307404 0 0.5 1 0.42105263157895 0.44444444444444 0.47368421052632 0.45 0.47368421052632 0.47058823529412 0.47368421052632 0.44444444444444 0.47368421052632 0.47058823529412 
1262307405 0 0.5 1 0.42105263157895 0.44444444444444 0.45 0.45 0.47368421052632 0.47058823529412 0.47368421052632 0.44444444444444 0.47368421052632 0.47058823529412 
1262307504 0 0.5 1 0.45 0.44444444444444 0.45 0.45 0.45 0.47058823529412 0.47368421052632 0.44444444444444 0.47368421052632 0.47368421052632 
1262307505 0 0.5 1 0.45 0.44444444444444 0.45 0.45 0.45 0.47058823529412 0.47368421052632 0.44444444444444 0.47368421052632 0.47368421052632 
1262307510 0 0.5 1 0.45 0.44444444444444 0.45 0.45 0.45 0.47058823529412 0.47368421052632 0.44444444444444 0.47368421052632 0.47368421052632 
1262307604 0 0.5 1 0.45 0.44444444444444 0.45 0.45 0.45 0.47058823529412 0.47368421052632 0.45 0.47368421052632 0.47368421052632 
1262307605 0 0.5 1 0.45 0.47619047619048 0.45 0.45 0.45 0.47058823529412 0.47368421052632 0.45 0.47368421052632 0.47368421052632 
1262307610 0 0.5 1 0.45 0.47619047619048 0.42857142857143 0.45 0.45 0.47058823529412 0.47368421052632 0.45 0.47368421052632 0.47368421052632 
1262307704 0 0.5 1 0.45 0.47619047619048 0.42857142857143 0.42857142857143 0.45 0.47058823529412 0.45 0.45 0.45 0.47368421052632 
1262307705 0 0.5 1 0.45 0.47619047619048 0.42857142857143 0.42857142857143 0.45 0.47058823529412 0.45 0.45 0.45 0.47368421052632 
1262307710 0 0.5 1 0.45 0.47619047619048 0.42857142857143 0.42857142857143 0.45 0.47058823529412 0.45 0.45 0.45 0.47368421052632 
1262307804 0.083333333333333 0.5 1 0.47619047619048 0.47619047619048 0.42857142857143 0.42857142857143 0.45 0.47058823529412 0.45 0.45 0.45 0.45 
1262307805 0.083333333333333 0.5 1 0.47619047619048 0.47619047619048 0.42857142857143 0.42857142857143 0.45 0.47058823529412 0.45 0.45 0.45 0.45 
1262307810 0.083333333333333 0.5 1 0.47619047619048 0.47619047619048 0.42857142857143 0.42857142857143 0.45 0.47058823529412 0.45 0.45 0.45 0.45 
1262307874 0.083333333333333 0.5 1 0.47619047619048 0.47619047619048 0.42857142857143 0.42857142857143 0.45 0.47058823529412 0.45 0.45 0.45 0.45 
1262307904 0.083333333333333 0.5 1 0.47619047619048 0.47619047619048 0.42857142857143 0.42857142857143 0.45 0.44444444444444 0.45454545454545 0.45 0.47619047619048 0.45 
1262307910 0.083333333333333 0.5 1 0.47619047619048 0.47619047619048 0.42857142857143 0.42857142857143 0.45 0.44444444444444 0.45454545454545 0.45 0.47619047619048 0.45 
1262307974 0.083333333333333 0.5 1 0.47619047619048 0.47619047619048 0.42857142857143 0.42857142857143 0.45 0.44444444444444 0.45454545454545 0.45 0.47619047619048 0.45 
1262308004 0.15384615384615 0.5 1 0.45454545454545 0.47619047619048 0.42857142857143 0.45454545454545 0.45454545454545 0.45 0.47826086956522 0.45 0.45454545454545 0.47619047619048 
1262308010 0.15384615384615 0.5 1 0.45454545454545 0.47619047619048 0.40909090909091 0.45454545454545 0.45454545454545 0.45 0.47826086956522 0.45 0.45454545454545 0.47619047619048 
1262308040 0.15384615384615 0.5 1 0.45454545454545 0.47619047619048 0.40909090909091 0.45454545454545 0.45454545454545 0.45 0.47826086956522 0.45 0.45454545454545 0.47619047619048 
1262308074 0.15384615384615 0.5 1 0.45454545454545 0.47619047619048 0.40909090909091 0.45454545454545 0.45454545454545 0.45 0.47826086956522 0.45 0.45454545454545 0.47619047619048 
1262308104 0.15384615384615 0.5 1 0.45454545454545 0.47619047619048 0.40909090909091 0.43478260869565 0.45454545454545 0.45 0.47826086956522 0.45 0.43478260869565 0.45454545454545 
1262308110 0.15384615384615 0.5 1 0.45454545454545 0.47619047619048 0.40909090909091 0.43478260869565 0.45454545454545 0.45 0.47826086956522 0.45 0.43478260869565 0.45454545454545 
1262308140 0.15384615384615 0.5 1 0.45454545454545 0.45454545454545 0.40909090909091 0.43478260869565 0.45454545454545 0.45 0.47826086956522 0.45 0.43478260869565 0.45454545454545 
1262308174 0.15384615384615 0.5 1 0.45454545454545 0.45454545454545 0.40909090909091 0.43478260869565 0.45454545454545 0.45 0.47826086956522 0.45 0.43478260869565 0.45454545454545 
1262308204 0.15384615384615 0.5 1 0.45454545454545 0.45454545454545 0.40909090909091 0.43478260869565 0.45454545454545 0.45 0.45833333333333 0.45 0.43478260869565 0.43478260869565 
1262308210 0.15384615384615 0.5 1 0.45454545454545 0.45454545454545 0.43478260869565 0.43478260869565 0.45454545454545 0.45 0.45833333333333 0.45 0.43478260869565 0.43478260869565 
1262308240 0.15384615384615 0.5 1 0.45454545454545 0.45454545454545 0.43478260869565 0.43478260869565 0.45454545454545 0.45 0.45833333333333 0.45 0.43478260869565 0.43478260869565 
1262308274 0.15384615384615 0.5 1 0.45454545454545 0.45454545454545 0.43478260869565 0.43478260869565 0.45454545454545 0.45 0.45833333333333 0.45 0.43478260869565 0.43478260869565 
1262308304 0.21428571428571 0.5 1 0.45454545454545 0.45454545454545 0.43478260869565 0.43478260869565 0.4 0.45 0.44 0.42857142857143 0.45833333333333 0.44 
1262308340 0.21428571428571 0.5 1 0.45454545454545 0.45454545454545 0.43478260869565 0.43478260869565 0.4 0.45 0.44 0.42857142857143 0.45833333333333 0.44 
1262308373 0.21428571428571 0.5 1 0.45454545454545 0.45454545454545 0.45833333333333 0.43478260869565 0.4 0.45 0.44 0.42857142857143 0.45833333333333 0.44 
1262308374 0.21428571428571 0.5 1 0.45454545454545 0.45454545454545 0.45833333333333 0.43478260869565 0.4 0.45 0.44 0.42857142857143 0.45833333333333 0.44 
1262308399 0.21428571428571 0.5 1 0.45454545454545 0.45454545454545 0.45833333333333 0.43478260869565 0.4 0.45 0.44 0.42857142857143 0.45833333333333 0.44 
1262308404 0.21428571428571 0.5 1 0.45454545454545 0.45454545454545 0.45833333333333 0.43478260869565 0.4 0.45 0.42307692307692 0.45454545454545 0.45833333333333 0.44 
1262308440 0.21428571428571 0.5 1 0.45454545454545 0.41666666666667 0.45833333333333 0.43478260869565 0.4 0.45 0.42307692307692 0.45454545454545 0.45833333333333 0.44 
1262308473 0.21428571428571 0.5 1 0.45454545454545 0.41666666666667 0.44 0.43478260869565 0.4 0.45 0.42307692307692 0.45454545454545 0.45833333333333 0.44 
1262308474 0.21428571428571 0.5 1 0.45454545454545 0.41666666666667 0.44 0.43478260869565 0.4 0.45 0.42307692307692 0.45454545454545 0.45833333333333 0.44 
1262308499 0.21428571428571 0.5 1 0.45454545454545 0.41666666666667 0.44 0.45833333333333 0.4 0.45 0.42307692307692 0.45454545454545 0.45833333333333 0.44 
