arrived:	node1#19	1
arrived:	node1#3	1
arrived:	node3#7	1
arrived:	node3#9	1
arrived:	node1#14	1
arrived:	node1#7	1
arrived:	node3#4	1
arrived:	node1#8	1
arrived:	node1#4	1
arrived:	node1#12	1
arrived:	node3#12	1
arrived:	node1#10	1
arrived:	node3#5	1
arrived:	node3#3	1
arrived:	node3#22	1
arrived:	node3#25	1
arrived:	node3#6	1
arrived:	node3#2	1
arrived:	node3#1	1
arrived:	node1#1	1
arrived:	node1#5	1
arrived:	node1#32	1
arrived:	node1#2	1
NOTIFS:
node3	:	60	sent
node1	:	60	sent
SUBS:
on	node1
	node1	:	12	received
on	node3
	node3	:	11	received
1262304604 - 0.5 - - - - - - - - - - - 
1262304704 - 0.5 - 0.5 - 0.5 - - 0.5 - - 0.5 - 
1262304804 - 0.5 - 0.5 - 0.5 - - 0.5 - 0.5 0.5 - 
1262304904 - 0.5 - 0.5 - 0.45454545454545 - - 0.5 - 0.45454545454545 0.5 - 
1262305004 - 0.5 - 0.45454545454545 - 0.45454545454545 - - 0.5 - 0.45454545454545 0.5 0.5 
1262305104 - 0.5 - 0.45454545454545 - 0.45454545454545 - - 0.5 0.5 0.41666666666667 0.5 0.5 
1262305204 - 0.5 - 0.45454545454545 - 0.41666666666667 - - 0.5 0.5 0.41666666666667 0.5 0.5 
1262305304 - 0.5 1 0.45454545454545 - 0.46153846153846 - 0.66666666666667 0.5 0.41666666666667 0.41666666666667 0.45454545454545 0.36363636363636 
1262305404 - 0.5 1 0.5 0.57142857142857 0.46153846153846 0.66666666666667 0.66666666666667 0.4 0.41666666666667 0.41666666666667 0.45454545454545 0.36363636363636 
1262305504 - 0.5 1 0.5 0.57142857142857 0.46153846153846 0.66666666666667 0.66666666666667 0.45454545454545 0.41666666666667 0.41666666666667 0.45454545454545 0.41666666666667 
1262305604 - 0.5 1 0.46153846153846 0.45454545454545 0.46153846153846 0.57142857142857 0.66666666666667 0.41666666666667 0.41666666666667 0.41666666666667 0.46153846153846 0.41666666666667 
1262305704 - 0.5 1 0.46153846153846 0.45454545454545 0.46153846153846 0.57142857142857 0.6 0.41666666666667 0.41666666666667 0.41666666666667 0.42857142857143 0.41666666666667 
1262305804 0 0.5 1 0.5 0.46153846153846 0.42857142857143 0.6 0.625 0.46153846153846 0.38461538461538 0.38461538461538 0.42857142857143 0.46153846153846 
1262305904 0 0.5 1 0.5 0.46153846153846 0.52941176470588 0.52941176470588 0.58823529411765 0.5 0.46666666666667 0.38461538461538 0.42857142857143 0.46666666666667 
1262306004 0 0.5 1 0.5 0.46153846153846 0.52941176470588 0.52941176470588 0.58823529411765 0.5 0.5 0.46666666666667 0.42857142857143 0.46666666666667 
1262306104 0 0.5 1 0.5 0.46153846153846 0.52941176470588 0.52941176470588 0.58823529411765 0.53333333333333 0.5 0.5 0.42857142857143 0.46666666666667 
1262306204 0 0.5 1 0.53333333333333 0.46153846153846 0.52941176470588 0.52941176470588 0.55555555555556 0.53333333333333 0.47058823529412 0.5 0.5 0.4375 
1262306242 0 0.5 1 0.53333333333333 0.46153846153846 0.52941176470588 0.52941176470588 0.55555555555556 0.53333333333333 0.47058823529412 0.5 0.5 0.4375 
1262306304 0 0.5 1 0.5 0.46666666666667 0.52941176470588 0.52941176470588 0.57894736842105 0.53333333333333 0.47058823529412 0.5 0.5 0.47058823529412 
1262306342 0 0.5 1 0.5 0.46666666666667 0.52941176470588 0.52941176470588 0.57894736842105 0.53333333333333 0.47058823529412 0.5 0.5 0.47058823529412 
1262306376 0 0.5 1 0.5 0.46666666666667 0.52941176470588 0.52941176470588 0.57894736842105 0.53333333333333 0.47058823529412 0.47058823529412 0.5 0.47058823529412 
1262306404 0 0.5 1 0.5 0.46666666666667 0.52941176470588 0.55555555555556 0.57894736842105 0.5 0.47058823529412 0.47058823529412 0.47058823529412 0.47058823529412 
1262306442 0 0.5 1 0.5 0.46666666666667 0.52941176470588 0.55555555555556 0.57894736842105 0.5 0.47058823529412 0.47058823529412 0.47058823529412 0.47058823529412 
1262306476 0 0.5 1 0.5 0.46666666666667 0.52941176470588 0.55555555555556 0.57894736842105 0.5 0.47058823529412 0.47058823529412 0.47058823529412 0.47058823529412 
1262306504 0 0.5 1 0.47368421052632 0.46666666666667 0.52941176470588 0.57894736842105 0.57894736842105 0.5 0.44444444444444 0.47058823529412 0.47058823529412 0.47058823529412 
1262306542 0 0.5 1 0.47368421052632 0.46666666666667 0.52941176470588 0.57894736842105 0.57894736842105 0.5 0.44444444444444 0.47058823529412 0.47058823529412 0.47058823529412 
1262306576 0 0.5 1 0.47368421052632 0.46666666666667 0.52941176470588 0.57894736842105 0.57894736842105 0.5 0.44444444444444 0.5 0.47058823529412 0.47058823529412 
1262306604 0 0.5 1 0.47368421052632 0.52631578947368 0.52941176470588 0.6 0.57894736842105 0.5 0.42105263157895 0.5 0.47058823529412 0.47058823529412 
1262306642 0 0.5 1 0.47368421052632 0.52631578947368 0.55555555555556 0.6 0.57894736842105 0.5 0.42105263157895 0.5 0.47058823529412 0.47058823529412 
1262306676 0 0.5 1 0.47368421052632 0.52631578947368 0.55555555555556 0.6 0.57894736842105 0.5 0.42105263157895 0.5 0.47058823529412 0.47058823529412 
1262306704 0 0.5 1 0.47368421052632 0.52631578947368 0.55555555555556 0.6 0.6 0.44444444444444 0.42105263157895 0.5 0.47058823529412 0.47058823529412 
1262306742 0 0.5 1 0.47368421052632 0.52631578947368 0.55555555555556 0.6 0.6 0.44444444444444 0.42105263157895 0.5 0.47058823529412 0.47058823529412 
1262306759 0 0.5 1 0.47368421052632 0.52631578947368 0.55555555555556 0.6 0.6 0.44444444444444 0.42105263157895 0.5 0.47058823529412 0.47058823529412 
1262306776 0 0.5 1 0.47368421052632 0.52631578947368 0.55555555555556 0.6 0.6 0.44444444444444 0.42105263157895 0.47368421052632 0.47058823529412 0.47058823529412 
1262306793 0 0.5 1 0.47368421052632 0.52631578947368 0.55555555555556 0.6 0.6 0.44444444444444 0.42105263157895 0.47368421052632 0.47058823529412 0.47058823529412 
1262306804 0 0.5 1 0.47368421052632 0.52631578947368 0.55555555555556 0.6 0.57142857142857 0.44444444444444 0.45 0.47368421052632 0.47058823529412 0.44444444444444 
1262306842 0 0.5 1 0.47368421052632 0.52631578947368 0.55555555555556 0.6 0.57142857142857 0.44444444444444 0.45 0.47368421052632 0.47058823529412 0.44444444444444 
1262306859 0 0.5 1 0.47368421052632 0.52631578947368 0.55555555555556 0.6 0.57142857142857 0.44444444444444 0.45 0.47368421052632 0.47058823529412 0.44444444444444 
1262306876 0 0.5 1 0.47368421052632 0.52631578947368 0.55555555555556 0.6 0.57142857142857 0.44444444444444 0.45 0.47368421052632 0.47058823529412 0.44444444444444 
1262306904 0 0.5 1 0.47368421052632 0.57142857142857 0.55555555555556 0.6 0.57142857142857 0.47368421052632 0.45 0.47368421052632 0.47058823529412 0.44444444444444 
1262306942 0 0.5 1 0.47368421052632 0.57142857142857 0.52631578947368 0.6 0.57142857142857 0.47368421052632 0.45 0.47368421052632 0.47058823529412 0.44444444444444 
1262306976 0 0.5 1 0.47368421052632 0.57142857142857 0.52631578947368 0.6 0.57142857142857 0.47368421052632 0.45 0.47619047619048 0.47058823529412 0.44444444444444 
1262307004 0 0.5 1 0.47368421052632 0.54545454545455 0.52631578947368 0.57142857142857 0.57142857142857 0.47368421052632 0.45 0.47619047619048 0.47058823529412 0.47368421052632 
1262307023 0 0.5 1 0.47368421052632 0.54545454545455 0.52631578947368 0.57142857142857 0.57142857142857 0.47368421052632 0.45 0.47619047619048 0.47058823529412 0.47368421052632 
1262307042 0 0.5 1 0.47368421052632 0.54545454545455 0.5 0.57142857142857 0.57142857142857 0.47368421052632 0.45 0.47619047619048 0.47058823529412 0.47368421052632 
1262307076 0 0.5 1 0.47368421052632 0.54545454545455 0.5 0.57142857142857 0.57142857142857 0.47368421052632 0.45 0.47619047619048 0.47058823529412 0.47368421052632 
1262307104 0 0.5 1 0.47368421052632 0.56521739130435 0.5 0.54166666666667 0.54545454545455 0.47619047619048 0.47619047619048 0.47619047619048 0.47058823529412 0.5 
1262307122 0 0.5 1 0.47368421052632 0.56521739130435 0.5 0.54166666666667 0.54545454545455 0.47619047619048 0.47619047619048 0.47619047619048 0.44444444444444 0.5 
1262307123 0 0.5 1 0.5 0.56521739130435 0.5 0.54166666666667 0.54545454545455 0.47619047619048 0.47619047619048 0.47619047619048 0.44444444444444 0.5 
1262307142 0 0.5 1 0.5 0.56521739130435 0.5 0.54166666666667 0.54545454545455 0.47619047619048 0.47619047619048 0.47619047619048 0.44444444444444 0.5 
1262307176 0 0.5 1 0.5 0.56521739130435 0.5 0.54166666666667 0.54545454545455 0.47619047619048 0.47619047619048 0.5 0.44444444444444 0.5 
1262307204 0 0.5 1 0.5 0.56521739130435 0.5 0.56 0.56 0.47619047619048 0.47619047619048 0.5 0.44444444444444 0.5 
1262307222 0 0.5 1 0.5 0.56521739130435 0.5 0.56 0.56 0.47619047619048 0.47619047619048 0.5 0.44444444444444 0.5 
1262307223 0 0.5 1 0.5 0.56521739130435 0.5 0.56 0.56 0.47619047619048 0.47619047619048 0.5 0.44444444444444 0.5 
1262307242 0 0.5 1 0.5 0.56521739130435 0.5 0.56 0.56 0.47619047619048 0.47619047619048 0.5 0.44444444444444 0.5 
1262307276 0 0.5 1 0.5 0.56521739130435 0.5 0.56 0.56 0.47619047619048 0.47619047619048 0.5 0.44444444444444 0.5 
1262307304 0 0.5 1 0.5 0.56521739130435 0.5 0.56 0.56 0.47619047619048 0.47619047619048 0.5 0.44444444444444 0.5 
1262307322 0 0.5 1 0.5 0.56521739130435 0.5 0.56 0.56 0.47619047619048 0.47619047619048 0.5 0.52380952380952 0.5 
1262307323 0 0.5 1 0.5 0.56521739130435 0.5 0.56 0.56 0.47619047619048 0.47619047619048 0.5 0.52380952380952 0.5 
1262307342 0 0.5 1 0.5 0.56521739130435 0.52380952380952 0.56 0.56 0.47619047619048 0.47619047619048 0.5 0.52380952380952 0.5 
1262307376 0 0.5 1 0.5 0.56521739130435 0.52380952380952 0.56 0.56 0.47619047619048 0.47619047619048 0.5 0.52380952380952 0.5 
1262307404 0 0.5 1 0.5 0.56521739130435 0.52380952380952 0.56 0.56 0.47826086956522 0.5 0.5 0.52380952380952 0.5 
1262307423 0 0.5 1 0.47826086956522 0.56521739130435 0.52380952380952 0.56 0.56 0.47826086956522 0.5 0.5 0.52380952380952 0.5 
1262307442 0 0.5 1 0.47826086956522 0.56521739130435 0.52380952380952 0.56 0.56 0.47826086956522 0.5 0.5 0.52380952380952 0.5 
1262307476 0 0.5 1 0.47826086956522 0.56521739130435 0.52380952380952 0.56 0.56 0.47826086956522 0.5 0.5 0.52380952380952 0.5 
1262307504 0.090909090909091 0.5 1 0.47826086956522 0.56521739130435 0.52380952380952 0.56 0.56 0.47826086956522 0.52173913043478 0.5 0.52380952380952 0.5 
1262307523 0.090909090909091 0.5 1 0.47826086956522 0.56521739130435 0.52380952380952 0.56 0.56 0.47826086956522 0.52173913043478 0.5 0.52380952380952 0.5 
1262307546 0.090909090909091 0.5 1 0.47826086956522 0.56521739130435 0.52380952380952 0.56 0.56 0.47826086956522 0.52173913043478 0.5 0.52380952380952 0.5 
1262307576 0.090909090909091 0.5 1 0.47826086956522 0.56521739130435 0.52380952380952 0.56 0.56 0.47826086956522 0.52173913043478 0.52173913043478 0.52380952380952 0.5 
1262307604 0.090909090909091 0.5 1 0.47826086956522 0.56 0.52380952380952 0.56 0.56 0.47826086956522 0.52173913043478 0.52173913043478 0.52380952380952 0.5 
1262307623 0.090909090909091 0.5 1 0.48 0.56 0.52380952380952 0.56 0.56 0.47826086956522 0.52173913043478 0.52173913043478 0.52380952380952 0.5 
1262307676 0.090909090909091 0.5 1 0.48 0.56 0.52380952380952 0.56 0.56 0.47826086956522 0.52173913043478 0.52173913043478 0.52380952380952 0.5 
1262307704 0.090909090909091 0.5 0.83333333333333 0.48 0.53846153846154 0.52380952380952 0.51851851851852 0.56 0.47826086956522 0.52173913043478 0.52173913043478 0.52380952380952 0.5 
1262307707 0.090909090909091 0.5 0.83333333333333 0.48 0.53846153846154 0.52380952380952 0.51851851851852 0.56 0.47826086956522 0.52173913043478 0.52173913043478 0.52380952380952 0.5 
1262307709 0.090909090909091 0.5 0.83333333333333 0.48 0.53846153846154 0.52380952380952 0.51851851851852 0.56 0.47826086956522 0.52173913043478 0.52173913043478 0.52380952380952 0.5 
1262307723 0.090909090909091 0.5 0.83333333333333 0.48 0.53846153846154 0.52380952380952 0.51851851851852 0.56 0.47826086956522 0.52173913043478 0.52173913043478 0.52380952380952 0.5 
1262307776 0.090909090909091 0.5 0.83333333333333 0.48 0.53846153846154 0.52380952380952 0.51851851851852 0.56 0.47826086956522 0.52173913043478 0.5 0.52380952380952 0.5 
1262307804 0.090909090909091 0.5 0.83333333333333 0.48 0.51851851851852 0.52380952380952 0.51851851851852 0.56 0.47826086956522 0.52173913043478 0.5 0.52380952380952 0.5 
1262307807 0.16666666666667 0.5 0.83333333333333 0.48 0.51851851851852 0.54545454545455 0.51851851851852 0.56 0.47826086956522 0.52173913043478 0.5 0.52380952380952 0.5 
1262307809 0.16666666666667 0.5 0.83333333333333 0.48 0.51851851851852 0.54545454545455 0.51851851851852 0.56 0.47826086956522 0.52173913043478 0.5 0.52380952380952 0.5 
1262307823 0.16666666666667 0.5 0.83333333333333 0.48 0.51851851851852 0.54545454545455 0.51851851851852 0.56 0.47826086956522 0.52173913043478 0.5 0.52380952380952 0.5 
1262307825 0.16666666666667 0.5 0.83333333333333 0.48 0.51851851851852 0.54545454545455 0.51851851851852 0.56 0.47826086956522 0.52173913043478 0.5 0.52380952380952 0.5 
1262307876 0.16666666666667 0.5 0.83333333333333 0.48 0.51851851851852 0.54545454545455 0.51851851851852 0.56 0.47826086956522 0.52173913043478 0.5 0.52380952380952 0.5 
1262307904 0.16666666666667 0.5 0.76923076923077 0.48 0.53571428571429 0.54545454545455 0.51851851851852 0.53846153846154 0.5 0.52173913043478 0.5 0.52380952380952 0.5 
1262307907 0.16666666666667 0.5 0.76923076923077 0.48 0.53571428571429 0.54545454545455 0.51851851851852 0.53846153846154 0.5 0.52173913043478 0.5 0.52380952380952 0.5 
1262307909 0.16666666666667 0.5 0.76923076923077 0.48 0.53571428571429 0.54545454545455 0.51851851851852 0.53846153846154 0.5 0.52173913043478 0.5 0.52380952380952 0.5 
1262307923 0.16666666666667 0.5 0.76923076923077 0.48 0.53571428571429 0.54545454545455 0.51851851851852 0.53846153846154 0.5 0.52173913043478 0.5 0.52380952380952 0.5 
1262307925 0.16666666666667 0.5 0.76923076923077 0.48 0.53571428571429 0.54545454545455 0.51851851851852 0.53846153846154 0.5 0.52173913043478 0.5 0.54545454545455 0.5 
1262307976 0.16666666666667 0.5 0.76923076923077 0.48 0.53571428571429 0.54545454545455 0.51851851851852 0.53846153846154 0.5 0.52173913043478 0.5 0.54545454545455 0.5 
1262308004 0.16666666666667 0.5 0.76923076923077 0.48 0.53571428571429 0.54545454545455 0.53571428571429 0.53846153846154 0.5 0.54166666666667 0.5 0.54545454545455 0.5 
1262308007 0.16666666666667 0.5 0.76923076923077 0.48 0.53571428571429 0.52173913043478 0.53571428571429 0.53846153846154 0.5 0.54166666666667 0.5 0.54545454545455 0.5 
1262308009 0.16666666666667 0.5 0.76923076923077 0.48 0.53571428571429 0.52173913043478 0.53571428571429 0.53846153846154 0.5 0.54166666666667 0.5 0.54545454545455 0.5 
1262308023 0.16666666666667 0.5 0.76923076923077 0.48 0.53571428571429 0.52173913043478 0.53571428571429 0.53846153846154 0.5 0.54166666666667 0.5 0.54545454545455 0.5 
1262308025 0.16666666666667 0.5 0.76923076923077 0.48 0.53571428571429 0.52173913043478 0.53571428571429 0.53846153846154 0.5 0.54166666666667 0.5 0.56521739130435 0.5 
1262308076 0.16666666666667 0.5 0.76923076923077 0.48 0.53571428571429 0.52173913043478 0.53571428571429 0.53846153846154 0.5 0.54166666666667 0.5 0.56521739130435 0.5 
1262308104 0.16666666666667 0.5 0.71428571428571 0.48 0.53571428571429 0.52173913043478 0.55172413793103 0.53846153846154 0.5 0.54166666666667 0.5 0.56521739130435 0.5 
1262308107 0.16666666666667 0.5 0.71428571428571 0.48 0.53571428571429 0.54166666666667 0.55172413793103 0.53846153846154 0.5 0.54166666666667 0.5 0.56521739130435 0.5 
1262308109 0.16666666666667 0.5 0.71428571428571 0.48 0.53571428571429 0.54166666666667 0.55172413793103 0.53846153846154 0.5 0.54166666666667 0.5 0.56521739130435 0.48148148148148 
1262308123 0.16666666666667 0.5 0.71428571428571 0.48 0.53571428571429 0.54166666666667 0.55172413793103 0.53846153846154 0.5 0.54166666666667 0.5 0.56521739130435 0.48148148148148 
1262308125 0.16666666666667 0.5 0.71428571428571 0.48 0.53571428571429 0.54166666666667 0.55172413793103 0.53846153846154 0.5 0.54166666666667 0.5 0.56521739130435 0.48148148148148 
1262308176 0.16666666666667 0.5 0.71428571428571 0.48 0.53571428571429 0.54166666666667 0.55172413793103 0.53846153846154 0.5 0.54166666666667 0.48 0.56521739130435 0.48148148148148 
1262308204 0.16666666666667 0.5 0.71428571428571 0.48 0.53571428571429 0.54166666666667 0.53333333333333 0.53846153846154 0.48 0.5 0.48 0.56521739130435 0.48148148148148 
1262308207 0.23076923076923 0.5 0.71428571428571 0.48 0.53571428571429 0.54166666666667 0.53333333333333 0.53846153846154 0.48 0.5 0.48 0.56521739130435 0.48148148148148 
1262308209 0.23076923076923 0.5 0.71428571428571 0.48 0.53571428571429 0.54166666666667 0.53333333333333 0.53846153846154 0.48 0.5 0.48 0.56521739130435 0.48148148148148 
1262308212 0.23076923076923 0.5 0.71428571428571 0.48 0.53571428571429 0.54166666666667 0.53333333333333 0.53846153846154 0.48 0.5 0.48 0.56521739130435 0.48148148148148 
1262308223 0.23076923076923 0.5 0.71428571428571 0.5 0.53571428571429 0.54166666666667 0.53333333333333 0.53846153846154 0.48 0.5 0.48 0.56521739130435 0.48148148148148 
1262308225 0.23076923076923 0.5 0.71428571428571 0.5 0.53571428571429 0.54166666666667 0.53333333333333 0.53846153846154 0.48 0.5 0.48 0.56521739130435 0.48148148148148 
1262308276 0.23076923076923 0.5 0.71428571428571 0.5 0.53571428571429 0.54166666666667 0.53333333333333 0.53846153846154 0.48 0.5 0.48 0.56521739130435 0.48148148148148 
1262308304 0.23076923076923 0.5 0.71428571428571 0.5 0.51724137931034 0.54166666666667 0.53333333333333 0.55555555555556 0.5 0.5 0.48 0.56521739130435 0.48148148148148 
1262308307 0.23076923076923 0.5 0.71428571428571 0.5 0.51724137931034 0.54166666666667 0.53333333333333 0.55555555555556 0.5 0.5 0.48 0.56521739130435 0.48148148148148 
1262308309 0.23076923076923 0.5 0.71428571428571 0.5 0.51724137931034 0.54166666666667 0.53333333333333 0.55555555555556 0.5 0.5 0.48 0.56521739130435 0.48148148148148 
1262308312 0.23076923076923 0.5 0.71428571428571 0.5 0.51724137931034 0.52 0.53333333333333 0.55555555555556 0.5 0.5 0.48 0.56521739130435 0.48148148148148 
1262308323 0.23076923076923 0.5 0.71428571428571 0.5 0.51724137931034 0.52 0.53333333333333 0.55555555555556 0.5 0.5 0.48 0.56521739130435 0.48148148148148 
1262308325 0.23076923076923 0.5 0.71428571428571 0.5 0.51724137931034 0.52 0.53333333333333 0.55555555555556 0.5 0.5 0.48 0.56521739130435 0.48148148148148 
1262308376 0.23076923076923 0.5 0.71428571428571 0.5 0.51724137931034 0.52 0.53333333333333 0.55555555555556 0.5 0.5 0.48 0.56521739130435 0.48148148148148 
1262308404 0.23076923076923 0.5 0.66666666666667 0.5 0.51724137931034 0.52 0.53333333333333 0.55555555555556 0.51851851851852 0.5 0.48 0.56521739130435 0.48148148148148 
1262308407 0.28571428571429 0.5 0.66666666666667 0.5 0.51724137931034 0.52 0.53333333333333 0.55555555555556 0.51851851851852 0.5 0.48 0.56521739130435 0.48148148148148 
1262308409 0.28571428571429 0.5 0.66666666666667 0.5 0.51724137931034 0.52 0.53333333333333 0.55555555555556 0.51851851851852 0.5 0.48 0.56521739130435 0.48148148148148 
1262308412 0.28571428571429 0.5 0.66666666666667 0.5 0.51724137931034 0.52 0.53333333333333 0.55555555555556 0.51851851851852 0.5 0.48 0.56521739130435 0.48148148148148 
1262308423 0.28571428571429 0.5 0.66666666666667 0.5 0.51724137931034 0.52 0.53333333333333 0.55555555555556 0.51851851851852 0.5 0.48 0.56521739130435 0.48148148148148 
1262308425 0.28571428571429 0.5 0.66666666666667 0.5 0.51724137931034 0.52 0.53333333333333 0.55555555555556 0.51851851851852 0.5 0.48 0.56521739130435 0.48148148148148 
1262308476 0.28571428571429 0.5 0.66666666666667 0.5 0.51724137931034 0.52 0.53333333333333 0.55555555555556 0.51851851851852 0.5 0.48 0.56521739130435 0.48148148148148 
