arrived:	node1#19	1
arrived:	node1#5	1
arrived:	node3#7	1
arrived:	node3#9	1
arrived:	node1#30	1
arrived:	node3#17	1
arrived:	node3#40	1
arrived:	node1#38	1
arrived:	node3#15	1
arrived:	node1#35	1
arrived:	node1#22	1
arrived:	node3#56	1
arrived:	node3#60	1
arrived:	node3#5	1
arrived:	node1#59	1
arrived:	node3#59	1
arrived:	node3#57	1
arrived:	node1#9	1
arrived:	node1#58	1
arrived:	node3#58	1
arrived:	node3#2	1
arrived:	node1#18	1
arrived:	node1#21	1
arrived:	node1#25	1
arrived:	node3#29	1
arrived:	node1#2	1
arrived:	node1#1	1
arrived:	node3#41	1
arrived:	node1#32	1
arrived:	node3#42	1
arrived:	node1#33	1
arrived:	node1#56	1
arrived:	node3#18	1
arrived:	node3#44	1
arrived:	node1#31	1
arrived:	node1#55	1
arrived:	node1#8	1
arrived:	node3#8	1
arrived:	node3#16	1
arrived:	node1#40	1
arrived:	node3#30	1
arrived:	node1#39	1
arrived:	node3#32	1
arrived:	node3#33	1
arrived:	node3#1	1
arrived:	node3#14	1
arrived:	node3#6	1
arrived:	node3#3	1
arrived:	node1#41	1
arrived:	node3#31	1
arrived:	node1#7	1
arrived:	node1#20	1
arrived:	node1#57	1
arrived:	node1#23	1
arrived:	node1#6	1
arrived:	node1#17	1
arrived:	node1#24	1
arrived:	node3#43	1
NOTIFS:
node1	:	60	sent
node3	:	60	sent
SUBS:
on	node1
	node1	:	30	received
on	node3
	node3	:	28	received
1262304604 - 0.5 - - - - 0.5 - - 0.5 - 0.5 - 
1262304704 0 0.5 1 - 0.5 0.5 0.5 0.5 - 0.5 0.5 0.5 - 
1262304804 0 0.5 1 - 0.5 0.5 0.5 0.5 0.5 0.5 0.5 0.5 - 
1262304904 0 0.5 1 0.5 0.5 0.5 0.5 0.5 0.5 0.5 0.5 0.5 0.33333333333333 
1262305004 0 0.5 1 0.5 0.5 0.5 0.5 0.5 0.5 0.5 0.5 0.5 0.5 
1262305104 0 0.5 1 0.5 0.5 0.5 0.5 0.5 0.5 0.5 0.5 0.5 0.5 
1262305204 0 0.5 1 0.5 0.44444444444444 0.5 0.5 0.5 0.5 0.5 0.5 0.5 0.4 
1262305234 0 0.5 1 0.5 0.44444444444444 0.5 0.5 0.5 0.5 0.5 0.5 0.5 0.4 
1262305304 0 0.5 1 0.5 0.5 0.5 0.5 0.5 0.5 0.5 0.5 0.5 0.4 
1262305334 0 0.5 1 0.5 0.5 0.5 0.5 0.5 0.5 0.5 0.5 0.5 0.4 
1262305404 0 0.5 1 0.5 0.5 0.5 0.5 0.5 0.5 0.5 0.5 0.5 0.4 
1262305434 0 0.4 1 0.5 0.5 0.5 0.5 0.5 0.5 0.5 0.5 0.5 0.4 
1262305504 0 0.4 1 0.5 0.5 0.5 0.5 0.5 0.5 0.5 0.5 0.5 0.4 
1262305517 0 0.4 1 0.5 0.5 0.5 0.5 0.5 0.5 0.5 0.5 0.5 0.4 
1262305531 0 0.4 1 0.5 0.5 0.5 0.5 0.5 0.5 0.5 0.5 0.5 0.4 
1262305534 0 0.5 1 0.5 0.5 0.5 0.5 0.5 0.5 0.5 0.5 0.5 0.4 
1262305604 0 0.5 1 0.5 0.5 0.5 0.5 0.5 0.5 0.5 0.5 0.5 0.4 
1262305617 0 0.5 1 0.5 0.5 0.5 0.5 0.5 0.5 0.5 0.5 0.5 0.4 
1262305631 0 0.5 1 0.5 0.5 0.5 0.5 0.5 0.5 0.5 0.5 0.5 0.4 
1262305634 0 0.5 1 0.5 0.5 0.5 0.5 0.5 0.5 0.5 0.5 0.5 0.4 
1262305704 0 0.5 1 0.5 0.5 0.5 0.5 0.5 0.5 0.5 0.5 0.5 0.4 
1262305717 0 0.5 1 0.5 0.5 0.5 0.5 0.5 0.5 0.5 0.5 0.5 0.4 
1262305731 0 0.5 1 0.5 0.5 0.5 0.5 0.5 0.5 0.5 0.5 0.5 0.4 
1262305734 0 0.5 1 0.5 0.5 0.5 0.5 0.5 0.5 0.5 0.5 0.5 0.4 
1262305804 0 0.5 1 0.5 0.5 0.5 0.5 0.5 0.5 0.4 0.5 0.5 0.4 
1262305817 0 0.5 1 0.5 0.5 0.5 0.5 0.5 0.5 0.4 0.5 0.5 0.4 
1262305831 0 0.5 1 0.5 0.5 0.5 0.5 0.5 0.5 0.4 0.5 0.5 0.4 
1262305834 0 0.6 1 0.5 0.5 0.5 0.5 0.5 0.5 0.4 0.5 0.5 0.4 
1262305904 0 0.6 1 0.5 0.5 0.5 0.5 0.6 0.5 0.4 0.5 0.5 0.4 
1262305917 0 0.6 1 0.5 0.5 0.5 0.5 0.6 0.5 0.4 0.5 0.5 0.4 
1262305931 0 0.6 1 0.5 0.5 0.5 0.5 0.6 0.5 0.4 0.5 0.5 0.4 
1262305934 0 0.5 1 0.5 0.5 0.5 0.5 0.6 0.5 0.4 0.5 0.5 0.4 
1262306004 0 0.5 1 0.5 0.5 0.5 0.5 0.6 0.5 0.5 0.5 0.5 0.4 
1262306017 0 0.5 1 0.5 0.5 0.5 0.5 0.6 0.5 0.5 0.5 0.5 0.4 
1262306031 0 0.5 1 0.5 0.5 0.5 0.5 0.6 0.5 0.5 0.5 0.5 0.4 
1262306034 0 0.5 1 0.5 0.5 0.5 0.5 0.6 0.5 0.5 0.5 0.5 0.4 
1262306104 0 0.5 1 0.5 0.5 0.5 0.5 0.5 0.5 0.5 0.5 0.5 0.4 
1262306117 0 0.5 1 0.5 0.5 0.5 0.5 0.5 0.5 0.5 0.5 0.5 0.4 
1262306131 0 0.5 1 0.5 0.5 0.5 0.5 0.5 0.5 0.5 0.5 0.5 0.4 
1262306134 0 0.5 1 0.5 0.5 0.5 0.5 0.5 0.5 0.5 0.5 0.5 0.4 
1262306179 0 0.5 1 0.5 0.5 0.5 0.5 0.5 0.5 0.5 0.5 0.5 0.4 
1262306204 0 0.5 1 0.5 0.5 0.5 0.5 0.5 0.5 0.5 0.5 0.5 0.4 
1262306217 0 0.5 1 0.5 0.5 0.5 0.5 0.5 0.5 0.5 0.5 0.5 0.4 
1262306231 0 0.5 1 0.5 0.5 0.5 0.5 0.5 0.5 0.5 0.5 0.5 0.4 
1262306234 0 0.5 1 0.5 0.5 0.5 0.5 0.5 0.5 0.5 0.5 0.5 0.4 
1262306279 0 0.5 1 0.5 0.5 0.5 0.5 0.5 0.5 0.5 0.5 0.5 0.4 
1262306304 0 0.5 1 0.5 0.5 0.5 0.6 0.5 0.5 0.5 0.5 0.5 0.5 
1262306317 0 0.5 1 0.5 0.5 0.5 0.6 0.5 0.5 0.5 0.5 0.5 0.5 
1262306331 0 0.5 1 0.5 0.5 0.5 0.6 0.5 0.5 0.5 0.5 0.5 0.5 
1262306334 0 0.5 1 0.5 0.5 0.5 0.6 0.5 0.5 0.5 0.5 0.5 0.5 
1262306379 0 0.5 1 0.5 0.5 0.5 0.6 0.5 0.5 0.5 0.5 0.5 0.5 
1262306404 0 0.5 1 0.5 0.5 0.5 0.5 0.5 0.5 0.5 0.5 0.5 0.5 
1262306417 0 0.5 1 0.5 0.5 0.5 0.5 0.5 0.5 0.5 0.5 0.5 0.5 
1262306431 0 0.5 1 0.5 0.5 0.5 0.5 0.5 0.5 0.5 0.5 0.5 0.5 
1262306434 0 0.4 1 0.5 0.5 0.5 0.5 0.5 0.5 0.5 0.5 0.5 0.5 
1262306479 0 0.4 1 0.5 0.5 0.5 0.5 0.5 0.5 0.5 0.5 0.5 0.5 
1262306504 0 0.4 1 0.5 0.5 0.5 0.5 0.5 0.5 0.5 0.5 0.5 0.5 
1262306517 0 0.4 1 0.5 0.5 0.5 0.5 0.5 0.5 0.5 0.5 0.5 0.5 
1262306531 0 0.4 1 0.5 0.5 0.5 0.5 0.5 0.5 0.5 0.5 0.5 0.5 
1262306579 0 0.4 1 0.5 0.5 0.5 0.5 0.5 0.5 0.5 0.5 0.5 0.5 
1262306604 0 0.4 1 0.5 0.5 0.5 0.5 0.5 0.5 0.5 0.5 0.5 0.5 
1262306617 0 0.4 1 0.5 0.5 0.5 0.5 0.5 0.5 0.5 0.5 0.5 0.5 
1262306631 0 0.4 1 0.5 0.5 0.5 0.5 0.5 0.5 0.5 0.5 0.5 0.5 
1262306670 0 0.5 1 0.5 0.5 0.5 0.5 0.5 0.5 0.5 0.5 0.5 0.5 
1262306679 0 0.5 1 0.5 0.5 0.5 0.5 0.5 0.5 0.5 0.5 0.5 0.5 
1262306704 0 0.5 1 0.5 0.5 0.5 0.5 0.5 0.5 0.5 0.5 0.5 0.5 
1262306709 0 0.5 1 0.5 0.5 0.5 0.5 0.5 0.5 0.5 0.5 0.5 0.5 
1262306717 0 0.5 1 0.5 0.5 0.5 0.5 0.5 0.5 0.5 0.5 0.5 0.5 
1262306731 0 0.5 1 0.5 0.5 0.5 0.5 0.5 0.5 0.5 0.5 0.5 0.5 
1262306770 0 0.5 1 0.5 0.5 0.5 0.5 0.5 0.5 0.5 0.5 0.5 0.5 
1262306779 0 0.5 1 0.5 0.5 0.5 0.5 0.5 0.5 0.5 0.5 0.5 0.5 
1262306804 0 0.5 1 0.5 0.5 0.4 0.5 0.5 0.5 0.5 0.5 0.5 0.5 
1262306809 0 0.5 1 0.5 0.5 0.4 0.5 0.5 0.5 0.5 0.5 0.5 0.5 
1262306817 0 0.5 1 0.5 0.5 0.4 0.5 0.5 0.5 0.5 0.5 0.5 0.5 
1262306831 0 0.5 1 0.5 0.5 0.4 0.5 0.5 0.5 0.5 0.5 0.5 0.5 
1262306870 0 0.5 1 0.5 0.5 0.4 0.5 0.5 0.5 0.5 0.5 0.5 0.5 
1262306879 0 0.5 1 0.5 0.5 0.4 0.5 0.5 0.4 0.5 0.5 0.5 0.5 
1262306904 0 0.5 1 0.5 0.4 0.4 0.5 0.5 0.4 0.5 0.5 0.5 0.5 
1262306909 0 0.5 1 0.5 0.4 0.4 0.5 0.5 0.4 0.5 0.5 0.5 0.5 
1262306917 0 0.5 1 0.5 0.4 0.4 0.5 0.5 0.4 0.5 0.5 0.5 0.5 
1262306931 0 0.5 1 0.5 0.4 0.4 0.5 0.5 0.4 0.5 0.5 0.5 0.5 
1262306970 0 0.5 1 0.5 0.4 0.4 0.5 0.5 0.4 0.5 0.5 0.5 0.5 
1262306979 0 0.5 1 0.5 0.4 0.4 0.5 0.5 0.5 0.5 0.5 0.5 0.5 
1262307004 0 0.5 1 0.5 0.6 0.5 0.5 0.5 0.5 0.5 0.5 0.5 0.5 
1262307009 0 0.5 1 0.5 0.6 0.5 0.6 0.5 0.5 0.5 0.5 0.5 0.5 
1262307017 0 0.5 1 0.5 0.6 0.5 0.6 0.5 0.5 0.5 0.5 0.5 0.5 
1262307031 0 0.5 1 0.5 0.6 0.5 0.6 0.5 0.5 0.5 0.5 0.5 0.5 
1262307043 0 0.5 1 0.5 0.6 0.5 0.6 0.5 0.5 0.5 0.5 0.5 0.5 
1262307070 0 0.5 1 0.5 0.6 0.5 0.6 0.5 0.5 0.5 0.5 0.5 0.5 
1262307072 0 0.5 1 0.5 0.6 0.5 0.6 0.5 0.5 0.5 0.5 0.5 0.5 
1262307079 0 0.5 1 0.5 0.6 0.5 0.6 0.5 0.5 0.5 0.5 0.5 0.5 
1262307092 0 0.5 1 0.5 0.6 0.5 0.6 0.5 0.5 0.5 0.5 0.5 0.5 
1262307104 0 0.5 1 0.5 0.6 0.5 0.6 0.5 0.5 0.5 0.5 0.5 0.5 
1262307131 0 0.5 1 0.5 0.6 0.5 0.6 0.5 0.5 0.5 0.5 0.5 0.5 
1262307172 0 0.5 1 0.5 0.6 0.5 0.6 0.5 0.5 0.5 0.5 0.5 0.5 
1262307176 0 0.5 1 0.5 0.6 0.5 0.6 0.5 0.5 0.5 0.5 0.5 0.5 
1262307179 0 0.5 1 0.5 0.6 0.5 0.6 0.5 0.5 0.5 0.5 0.5 0.5 
1262307192 0 0.5 1 0.5 0.6 0.5 0.6 0.5 0.5 0.5 0.5 0.5 0.5 
1262307204 0 0.5 1 0.5 0.6 0.5 0.6 0.5 0.5 0.5 0.5 0.5 0.5 
1262307231 0 0.5 1 0.5 0.6 0.5 0.6 0.5 0.5 0.5 0.5 0.5 0.5 
1262307232 0 0.5 1 0.5 0.6 0.5 0.6 0.5 0.5 0.5 0.5 0.5 0.5 
1262307244 0 0.5 1 0.5 0.6 0.5 0.6 0.5 0.5 0.5 0.5 0.5 0.5 
1262307272 0 0.5 1 0.5 0.6 0.5 0.6 0.5 0.5 0.5 0.5 0.5 0.5 
1262307276 0 0.5 1 0.5 0.6 0.5 0.6 0.5 0.5 0.5 0.5 0.5 0.5 
1262307279 0 0.5 1 0.5 0.6 0.5 0.6 0.5 0.5 0.5 0.5 0.5 0.5 
1262307291 0 0.6 1 0.5 0.6 0.5 0.6 0.5 0.5 0.5 0.5 0.5 0.5 
1262307292 0 0.6 1 0.5 0.6 0.5 0.6 0.5 0.5 0.5 0.5 0.5 0.5 
1262307304 0 0.6 1 0.5 0.6 0.5 0.6 0.5 0.5 0.5 0.5 0.5 0.5 
1262307331 0 0.6 1 0.5 0.6 0.5 0.6 0.5 0.5 0.5 0.6 0.5 0.5 
1262307332 0 0.6 1 0.5 0.6 0.5 0.6 0.5 0.5 0.5 0.6 0.5 0.5 
1262307344 0 0.6 1 0.5 0.6 0.5 0.5 0.6 0.5 0.5 0.6 0.5 0.5 
1262307372 0 0.6 1 0.5 0.6 0.5 0.5 0.6 0.5 0.5 0.6 0.5 0.5 
1262307376 0 0.6 1 0.7 0.6 0.5 0.5 0.6 0.5 0.5 0.6 0.5 0.5 
1262307379 0 0.6 1 0.7 0.6 0.5 0.5 0.6 0.5 0.5 0.6 0.5 0.5 
1262307391 0 0.5 1 0.7 0.6 0.5 0.5 0.6 0.5 0.5 0.6 0.5 0.5 
1262307392 0 0.5 1 0.7 0.6 0.5 0.5 0.6 0.5 0.5 0.6 0.5 0.5 
1262307404 0 0.5 1 0.7 0.6 0.5 0.5 0.6 0.5 0.5 0.6 0.5 0.5 
1262307431 0 0.5 1 0.7 0.6 0.5 0.5 0.6 0.5 0.5 0.6 0.5 0.5 
1262307432 0 0.5 1 0.7 0.6 0.5 0.5 0.6 0.5 0.5 0.6 0.5 0.5 
1262307444 0 0.5 1 0.7 0.6 0.5 0.5 0.6 0.5 0.5 0.6 0.5 0.5 
1262307472 0 0.5 1 0.7 0.6 0.5 0.5 0.6 0.5 0.5 0.6 0.5 0.5 
1262307476 0 0.5 1 0.7 0.6 0.5 0.5 0.6 0.5 0.5 0.6 0.5 0.5 
1262307479 0 0.5 1 0.7 0.6 0.5 0.5 0.6 0.5 0.5 0.6 0.5 0.5 
1262307491 0 0.5 1 0.7 0.6 0.5 0.5 0.6 0.5 0.5 0.6 0.5 0.5 
1262307492 0 0.5 1 0.7 0.6 0.5 0.5 0.6 0.5 0.5 0.6 0.5 0.5 
1262307504 0 0.5 1 0.7 0.6 0.5 0.5 0.6 0.5 0.5 0.6 0.5 0.5 
1262307531 0 0.5 1 0.7 0.6 0.5 0.5 0.6 0.5 0.5 0.6 0.5 0.5 
1262307532 0 0.5 1 0.7 0.6 0.5 0.5 0.6 0.5 0.5 0.6 0.5 0.5 
1262307544 0 0.5 1 0.7 0.6 0.5 0.5 0.6 0.5 0.5 0.6 0.5 0.5 
1262307572 0 0.5 1 0.7 0.6 0.5 0.5 0.6 0.5 0.5 0.6 0.5 0.5 
1262307576 0 0.5 1 0.7 0.6 0.5 0.5 0.6 0.5 0.5 0.6 0.5 0.5 
1262307579 0 0.5 1 0.7 0.6 0.5 0.5 0.6 0.5 0.5 0.6 0.5 0.5 
1262307591 0 0.5 1 0.7 0.6 0.5 0.5 0.6 0.5 0.5 0.6 0.5 0.5 
1262307592 0 0.5 1 0.7 0.6 0.5 0.5 0.6 0.5 0.5 0.6 0.5 0.5 
1262307604 0 0.5 1 0.7 0.6 0.5 0.5 0.6 0.5 0.5 0.6 0.5 0.5 
1262307631 0 0.5 1 0.7 0.6 0.5 0.5 0.6 0.5 0.5 0.5 0.5 0.5 
1262307632 0 0.5 1 0.7 0.6 0.5 0.5 0.6 0.5 0.5 0.5 0.5 0.5 
1262307644 0 0.5 1 0.7 0.6 0.5 0.5 0.6 0.5 0.5 0.5 0.5 0.5 
1262307672 0 0.5 1 0.7 0.6 0.5 0.5 0.6 0.5 0.5 0.5 0.5 0.5 
1262307676 0 0.5 1 0.7 0.6 0.5 0.5 0.6 0.5 0.5 0.5 0.5 0.5 
1262307679 0 0.5 1 0.7 0.6 0.5 0.5 0.6 0.5 0.5 0.5 0.5 0.5 
1262307691 0 0.5 1 0.7 0.6 0.5 0.5 0.6 0.5 0.5 0.5 0.5 0.5 
1262307692 0 0.5 1 0.7 0.6 0.5 0.5 0.6 0.5 0.5 0.5 0.5 0.5 
1262307704 0 0.5 1 0.7 0.5 0.5 0.5 0.6 0.5 0.5 0.5 0.5 0.5 
1262307731 0 0.5 1 0.7 0.5 0.5 0.5 0.6 0.5 0.5 0.5 0.5 0.5 
1262307732 0 0.5 1 0.7 0.5 0.5 0.5 0.6 0.5 0.5 0.5 0.5 0.5 
1262307744 0 0.5 1 0.7 0.5 0.5 0.5 0.6 0.5 0.5 0.5 0.5 0.5 
1262307772 0 0.5 1 0.7 0.5 0.5 0.5 0.6 0.5 0.5 0.5 0.5 0.5 
1262307776 0 0.5 1 0.7 0.5 0.5 0.5 0.6 0.5 0.5 0.5 0.5 0.5 
1262307779 0 0.5 1 0.7 0.5 0.5 0.5 0.6 0.5 0.5 0.5 0.5 0.5 
1262307791 0 0.5 1 0.7 0.5 0.5 0.5 0.6 0.5 0.5 0.5 0.5 0.5 
1262307792 0 0.5 1 0.7 0.5 0.5 0.5 0.6 0.5 0.5 0.5 0.5 0.5 
1262307804 0 0.5 1 0.7 0.5 0.5 0.5 0.6 0.5 0.5 0.5 0.5 0.5 
1262307831 0 0.5 1 0.7 0.5 0.5 0.5 0.6 0.5 0.5 0.5 0.5 0.5 
1262307832 0 0.5 1 0.7 0.5 0.5 0.5 0.6 0.5 0.5 0.5 0.5 0.5 
1262307844 0 0.5 1 0.7 0.5 0.5 0.5 0.5 0.5 0.5 0.5 0.5 0.5 
1262307872 0 0.5 1 0.7 0.5 0.5 0.5 0.5 0.5 0.5 0.5 0.5 0.5 
1262307876 0 0.5 1 0.7 0.5 0.5 0.5 0.5 0.5 0.5 0.5 0.5 0.5 
1262307879 0 0.5 1 0.7 0.5 0.5 0.5 0.5 0.4 0.5 0.5 0.5 0.5 
1262307892 0 0.5 1 0.7 0.5 0.5 0.5 0.5 0.4 0.5 0.5 0.5 0.5 
1262307904 0 0.5 1 0.7 0.5 0.5 0.5 0.5 0.4 0.5 0.5 0.5 0.5 
1262307924 0 0.5 1 0.7 0.5 0.5 0.5 0.5 0.4 0.5 0.5 0.5 0.5 
1262307931 0 0.5 1 0.7 0.5 0.5 0.5 0.5 0.4 0.5 0.5 0.5 0.5 
1262307932 0 0.5 1 0.7 0.5 0.5 0.5 0.5 0.4 0.5 0.5 0.5 0.5 
1262307944 0 0.5 1 0.7 0.5 0.5 0.5 0.5 0.4 0.5 0.5 0.5 0.5 
1262307972 0 0.5 1 0.7 0.5 0.5 0.5 0.5 0.4 0.5 0.5 0.5 0.5 
1262307976 0 0.5 1 0.7 0.5 0.5 0.5 0.5 0.4 0.5 0.5 0.5 0.5 
1262307979 0 0.5 1 0.7 0.5 0.5 0.5 0.5 0.5 0.5 0.5 0.5 0.5 
1262307992 0 0.5 1 0.7 0.5 0.5 0.5 0.5 0.5 0.5 0.5 0.5 0.5 
1262308004 0 0.5 1 0.7 0.5 0.5 0.5 0.5 0.5 0.5 0.5 0.5 0.5 
1262308024 0 0.5 1 0.7 0.5 0.5 0.5 0.5 0.5 0.5 0.5 0.5 0.5 
1262308031 0 0.5 1 0.7 0.5 0.5 0.5 0.5 0.5 0.5 0.5 0.5 0.5 
1262308032 0 0.5 1 0.7 0.5 0.5 0.5 0.5 0.5 0.5 0.5 0.5 0.5 
1262308044 0 0.5 1 0.7 0.5 0.5 0.5 0.5 0.5 0.5 0.5 0.5 0.5 
1262308072 0 0.5 1 0.7 0.5 0.5 0.5 0.5 0.5 0.5 0.5 0.5 0.5 
1262308076 0 0.5 1 0.5 0.5 0.5 0.5 0.5 0.5 0.5 0.5 0.5 0.5 
1262308079 0 0.5 1 0.5 0.5 0.5 0.5 0.5 0.5 0.5 0.5 0.5 0.5 
1262308092 0 0.5 1 0.5 0.5 0.5 0.5 0.5 0.5 0.5 0.5 0.5 0.5 
1262308104 0 0.5 1 0.5 0.5 0.5 0.5 0.5 0.5 0.5 0.5 0.5 0.5 
1262308124 0 0.5 1 0.5 0.5 0.5 0.5 0.5 0.5 0.5 0.5 0.5 0.5 
1262308131 0 0.5 1 0.5 0.5 0.5 0.5 0.5 0.5 0.5 0.5 0.5 0.5 
1262308132 0 0.5 1 0.5 0.5 0.5 0.5 0.5 0.5 0.5 0.5 0.5 0.5 
1262308144 0 0.5 1 0.5 0.5 0.5 0.5 0.5 0.5 0.5 0.5 0.5 0.5 
1262308172 0 0.5 1 0.5 0.5 0.5 0.5 0.5 0.5 0.5 0.5 0.5 0.5 
1262308176 0 0.5 1 0.5 0.5 0.5 0.5 0.5 0.5 0.5 0.5 0.5 0.5 
1262308179 0 0.5 1 0.5 0.5 0.5 0.5 0.5 0.5 0.5 0.5 0.5 0.5 
1262308192 0 0.5 1 0.5 0.5 0.5 0.5 0.5 0.5 0.5 0.5 0.5 0.5 
1262308194 0 0.5 1 0.5 0.5 0.5 0.5 0.5 0.5 0.5 0.5 0.5 0.5 
1262308204 0 0.5 1 0.5 0.4 0.5 0.5 0.5 0.5 0.5 0.5 0.5 0.5 
1262308224 0 0.5 1 0.5 0.4 0.5 0.5 0.5 0.5 0.5 0.5 0.5 0.5 
1262308231 0 0.5 1 0.5 0.4 0.5 0.5 0.5 0.5 0.5 0.5 0.5 0.5 
1262308232 0 0.5 1 0.5 0.4 0.5 0.5 0.5 0.5 0.5 0.5 0.5 0.5 
1262308244 0 0.5 1 0.5 0.4 0.5 0.4 0.5 0.5 0.5 0.5 0.5 0.5 
1262308272 0 0.5 1 0.5 0.4 0.5 0.4 0.5 0.5 0.5 0.5 0.5 0.5 
1262308276 0 0.5 1 0.5 0.4 0.5 0.4 0.5 0.5 0.5 0.5 0.5 0.5 
1262308279 0 0.5 1 0.5 0.4 0.5 0.4 0.5 0.5 0.5 0.5 0.5 0.5 
1262308292 0 0.5 1 0.5 0.4 0.5 0.4 0.5 0.5 0.5 0.5 0.5 0.4 
1262308294 0 0.5 1 0.5 0.4 0.4 0.4 0.5 0.5 0.5 0.5 0.5 0.4 
1262308304 0 0.5 1 0.5 0.4 0.4 0.4 0.5 0.5 0.5 0.5 0.5 0.4 
1262308324 0 0.5 1 0.5 0.4 0.4 0.4 0.5 0.5 0.5 0.5 0.5 0.4 
1262308331 0 0.5 1 0.5 0.4 0.4 0.4 0.5 0.5 0.5 0.5 0.5 0.4 
1262308332 0 0.5 1 0.5 0.4 0.4 0.4 0.5 0.5 0.5 0.5 0.5 0.4 
1262308344 0 0.5 1 0.5 0.4 0.4 0.4 0.5 0.5 0.5 0.5 0.5 0.4 
1262308372 0 0.5 1 0.5 0.4 0.4 0.4 0.5 0.5 0.5 0.5 0.5 0.4 
1262308376 0 0.5 1 0.5 0.4 0.4 0.4 0.5 0.5 0.5 0.5 0.5 0.4 
1262308379 0 0.5 1 0.5 0.4 0.4 0.4 0.5 0.5 0.5 0.5 0.5 0.4 
1262308392 0 0.5 1 0.5 0.4 0.4 0.4 0.5 0.5 0.5 0.5 0.5 0.5 
1262308394 0 0.5 1 0.5 0.4 0.4 0.4 0.5 0.5 0.5 0.5 0.5 0.5 
1262308404 0 0.5 1 0.5 0.5 0.4 0.4 0.5 0.5 0.5 0.5 0.5 0.5 
1262308424 0 0.5 1 0.5 0.5 0.4 0.4 0.5 0.5 0.5 0.5 0.5 0.5 
1262308431 0 0.5 1 0.5 0.5 0.4 0.4 0.5 0.5 0.5 0.5 0.5 0.5 
1262308432 0 0.5 1 0.5 0.5 0.4 0.4 0.5 0.5 0.5 0.5 0.5 0.5 
1262308444 0 0.5 1 0.5 0.5 0.4 0.4 0.5 0.5 0.5 0.5 0.5 0.5 
1262308472 0 0.5 1 0.5 0.5 0.4 0.4 0.5 0.5 0.5 0.5 0.4 0.5 
1262308476 0 0.5 1 0.4 0.5 0.4 0.4 0.5 0.5 0.5 0.5 0.4 0.5 
1262308479 0 0.5 1 0.4 0.5 0.4 0.4 0.5 0.4 0.5 0.5 0.4 0.5 
1262308492 0 0.5 1 0.4 0.5 0.4 0.4 0.5 0.4 0.5 0.5 0.4 0.5 
1262308494 0 0.5 1 0.4 0.5 0.4 0.4 0.5 0.4 0.5 0.5 0.4 0.5 
