arrived:	node1#19	1
arrived:	node3#7	1
arrived:	node3#9	1
arrived:	node1#30	1
arrived:	node3#4	1
arrived:	node3#22	1
arrived:	node1#38	1
arrived:	node3#30	1
arrived:	node1#21	1
arrived:	node3#5	1
arrived:	node1#9	1
arrived:	node3#2	1
arrived:	node1#49	1
arrived:	node3#37	1
arrived:	node3#29	1
arrived:	node1#53	1
arrived:	node1#1	1
arrived:	node1#26	1
arrived:	node1#33	1
arrived:	node1#31	1
arrived:	node1#4	1
arrived:	node3#16	1
arrived:	node1#39	1
arrived:	node1#29	1
arrived:	node1#37	1
arrived:	node1#51	1
arrived:	node1#20	1
arrived:	node1#11	1
arrived:	node3#39	1
arrived:	node3#41	1
arrived:	node3#32	1
arrived:	node3#40	1
arrived:	node3#27	1
arrived:	node1#42	1
arrived:	node3#15	1
arrived:	node1#35	1
arrived:	node3#12	1
arrived:	node1#52	1
arrived:	node3#3	1
arrived:	node1#27	1
arrived:	node1#25	1
arrived:	node3#6	1
arrived:	node1#3	1
arrived:	node1#32	1
arrived:	node3#38	1
arrived:	node1#50	1
arrived:	node1#23	1
arrived:	node1#28	1
arrived:	node3#36	1
arrived:	node1#8	1
arrived:	node3#8	1
arrived:	node3#28	1
arrived:	node1#12	1
arrived:	node3#10	1
arrived:	node3#42	1
arrived:	node3#13	1
arrived:	node3#26	1
arrived:	node1#41	1
arrived:	node3#31	1
arrived:	node1#22	1
arrived:	node1#10	1
arrived:	node3#23	1
arrived:	node1#2	1
arrived:	node1#36	1
arrived:	node3#14	1
arrived:	node3#24	1
arrived:	node1#40	1
NOTIFS:
node3	:	60	sent
node1	:	60	sent
SUBS:
on	node1
	node1	:	36	received
on	node3
	node3	:	31	received
1262304604 - 0.5 - 0.5 0.5 - 0.5 0.5 - - - - - 
1262304704 0 0.5 - 0.5 0.5 - 0.5 0.5 - - - - - 
1262304804 0 0.5 - 0.5 0.5 - 0.5 0.5 - - 0.5 - 0.5 
1262304904 0 0.5 - 0.5 0.5 0.5 0.5 0.5 0.5 - 0.5 0.5 0.5 
1262305004 0 0.5 - 0.5 0.5 0.5 0.5 0.5 0.5 0.5 0.5 0.5 0.5 
1262305063 0 0.5 - 0.5 0.5 0.5 0.5 0.5 0.5 0.5 0.5 0.5 0.5 
1262305104 0 0.5 - 0.66666666666667 0.5 0.5 0.5 0.5 0.4 0.5 0.5 0.5 0.5 
1262305163 0 0.5 - 0.66666666666667 0.5 0.5 0.5 0.5 0.4 0.5 0.5 0.5 0.5 
1262305204 0 0.5 1 0.5 0.5 0.5 0.5 0.5 0.4 0.5 0.5 0.5 0.5 
1262305263 0 0.5 1 0.5 0.5 0.5 0.5 0.5 0.4 0.5 0.5 0.5 0.5 
1262305304 0 0.5 1 0.4 0.5 0.5 0.5 0.5 0.4 0.5 0.5 0.5 0.5 
1262305363 0 0.5 1 0.4 0.5 0.5 0.5 0.5 0.4 0.5 0.5 0.5 0.5 
1262305404 0 0.5 1 0.4 0.5 0.5 0.5 0.5 0.4 0.5 0.5 0.5 0.5 
1262305463 0 0.5 1 0.4 0.5 0.5 0.5 0.5 0.4 0.5 0.5 0.5 0.5 
1262305504 0 0.5 1 0.4 0.5 0.5 0.5 0.5 0.5 0.5 0.5 0.5 0.5 
1262305563 0 0.5 1 0.4 0.5 0.5 0.5 0.5 0.5 0.5 0.5 0.5 0.5 
1262305604 0 0.5 1 0.4 0.5 0.5 0.5 0.5 0.5 0.5 0.5 0.5 0.5 
1262305663 0 0.5 1 0.4 0.5 0.5 0.5 0.5 0.5 0.5 0.5 0.5 0.5 
1262305704 0 0.5 1 0.5 0.5 0.5 0.5 0.5 0.5 0.5 0.5 0.5 0.5 
1262305763 0 0.5 1 0.5 0.5 0.5 0.5 0.5 0.5 0.5 0.5 0.5 0.5 
1262305804 0 0.5 1 0.5 0.5 0.5 0.5 0.5 0.5 0.5 0.5 0.5 0.5 
1262305863 0 0.5 1 0.5 0.5 0.5 0.5 0.5 0.5 0.5 0.5 0.5 0.5 
1262305904 0 0.5 1 0.5 0.5 0.5 0.5 0.5 0.5 0.5 0.5 0.5 0.5 
1262305963 0 0.5 1 0.5 0.5 0.5 0.5 0.5 0.5 0.5 0.5 0.5 0.5 
1262306004 0 0.5 1 0.5 0.5 0.5 0.5 0.5 0.5 0.5 0.5 0.5 0.5 
1262306063 0 0.5 1 0.5 0.5 0.5 0.5 0.5 0.5 0.5 0.5 0.5 0.5 
1262306104 0 0.5 1 0.5 0.5 0.5 0.5 0.5 0.5 0.5 0.5 0.5 0.5 
1262306163 0 0.5 1 0.5 0.5 0.5 0.5 0.5 0.5 0.5 0.5 0.5 0.5 
1262306204 0 0.5 1 0.5 0.5 0.5 0.5 0.5 0.5 0.5 0.5 0.5 0.5 
1262306258 0 0.5 1 0.5 0.5 0.5 0.5 0.5 0.5 0.5 0.5 0.5 0.5 
1262306263 0 0.5 1 0.5 0.5 0.5 0.5 0.5 0.5 0.5 0.5 0.5 0.5 
1262306304 0 0.5 1 0.5 0.5 0.5 0.5 0.5 0.4 0.5 0.5 0.5 0.5 
1262306358 0 0.5 1 0.5 0.5 0.5 0.5 0.5 0.4 0.5 0.5 0.5 0.5 
1262306363 0 0.5 1 0.5 0.5 0.5 0.5 0.5 0.4 0.5 0.5 0.5 0.5 
1262306404 0 0.5 1 0.5 0.5 0.5 0.5 0.5 0.5 0.5 0.5 0.5 0.5 
1262306458 0 0.5 1 0.5 0.5 0.5 0.5 0.5 0.5 0.5 0.5 0.5 0.5 
1262306463 0 0.5 1 0.5 0.5 0.5 0.5 0.5 0.5 0.5 0.5 0.5 0.5 
1262306504 0 0.5 1 0.5 0.6 0.6 0.5 0.5 0.5 0.5 0.5 0.5 0.5 
1262306558 0 0.5 1 0.5 0.6 0.6 0.5 0.5 0.5 0.5 0.5 0.5 0.5 
1262306563 0 0.5 1 0.5 0.6 0.6 0.5 0.5 0.5 0.5 0.5 0.5 0.5 
1262306604 0 0.5 1 0.5 0.6 0.6 0.5 0.5 0.5 0.5 0.5 0.5 0.5 
1262306658 0 0.5 1 0.5 0.6 0.6 0.5 0.5 0.5 0.5 0.5 0.5 0.5 
1262306663 0 0.4 1 0.5 0.6 0.6 0.5 0.5 0.5 0.5 0.5 0.5 0.5 
1262306697 0 0.4 1 0.5 0.6 0.6 0.5 0.5 0.5 0.5 0.5 0.5 0.5 
1262306704 0 0.4 1 0.4 0.5 0.6 0.5 0.5 0.5 0.5 0.5 0.5 0.5 
1262306758 0 0.4 1 0.4 0.5 0.6 0.5 0.5 0.5 0.5 0.5 0.5 0.5 
1262306763 0 0.5 1 0.4 0.5 0.6 0.5 0.5 0.5 0.5 0.5 0.5 0.5 
1262306797 0 0.5 1 0.4 0.5 0.6 0.5 0.5 0.5 0.5 0.5 0.5 0.5 
1262306804 0 0.5 1 0.4 0.5 0.6 0.5 0.5 0.5 0.5 0.5 0.5 0.5 
1262306858 0 0.5 1 0.4 0.5 0.6 0.5 0.5 0.5 0.5 0.5 0.5 0.5 
1262306897 0 0.5 1 0.4 0.5 0.6 0.5 0.5 0.5 0.5 0.5 0.5 0.5 
1262306904 0 0.5 1 0.4 0.5 0.6 0.5 0.5 0.5 0.5 0.5 0.5 0.5 
1262306909 0 0.5 1 0.4 0.5 0.6 0.5 0.5 0.5 0.5 0.5 0.5 0.5 
1262306958 0 0.5 1 0.4 0.5 0.6 0.5 0.5 0.5 0.5 0.5 0.5 0.5 
1262306997 0 0.5 1 0.4 0.5 0.6 0.5 0.5 0.5 0.5 0.5 0.5 0.5 
1262307004 0 0.5 1 0.4 0.5 0.6 0.5 0.5 0.5 0.5 0.5 0.5 0.5 
1262307009 0 0.5 1 0.4 0.5 0.6 0.5 0.5 0.5 0.5 0.5 0.5 0.5 
1262307012 0 0.5 1 0.4 0.5 0.6 0.5 0.5 0.5 0.5 0.5 0.5 0.5 
1262307058 0 0.5 1 0.4 0.5 0.6 0.5 0.5 0.5 0.5 0.5 0.5 0.5 
1262307097 0 0.5 1 0.4 0.5 0.6 0.5 0.5 0.5 0.6 0.6 0.5 0.5 
1262307104 0 0.5 1 0.4 0.5 0.6 0.5 0.5 0.5 0.6 0.6 0.5 0.5 
1262307109 0 0.5 1 0.4 0.5 0.6 0.5 0.5 0.5 0.6 0.6 0.5 0.5 
1262307112 0 0.5 1 0.4 0.5 0.6 0.5 0.5 0.5 0.6 0.6 0.5 0.5 
1262307166 0 0.5 1 0.4 0.5 0.6 0.5 0.5 0.5 0.6 0.6 0.5 0.5 
1262307197 0 0.5 1 0.4 0.5 0.6 0.5 0.5 0.5 0.6 0.6 0.5 0.5 
1262307204 0 0.5 1 0.5 0.5 0.6 0.6 0.5 0.5 0.6 0.6 0.5 0.5 
1262307209 0 0.5 1 0.5 0.5 0.6 0.6 0.5 0.5 0.6 0.6 0.5 0.5 
1262307212 0 0.5 1 0.5 0.5 0.6 0.6 0.5 0.5 0.6 0.6 0.5 0.5 
1262307266 0 0.5 1 0.5 0.5 0.6 0.6 0.6 0.5 0.6 0.6 0.5 0.5 
1262307297 0 0.5 1 0.5 0.5 0.6 0.6 0.6 0.5 0.6 0.6 0.5 0.5 
1262307304 0 0.5 1 0.6 0.5 0.6 0.6 0.6 0.5 0.6 0.6 0.5 0.6 
1262307309 0 0.5 1 0.6 0.5 0.6 0.6 0.6 0.5 0.6 0.6 0.5 0.6 
1262307312 0 0.5 1 0.6 0.5 0.6 0.6 0.6 0.5 0.6 0.6 0.5 0.6 
1262307366 0 0.5 1 0.6 0.5 0.6 0.6 0.7 0.5 0.6 0.6 0.5 0.6 
1262307397 0 0.5 1 0.6 0.5 0.6 0.6 0.7 0.5 0.5 0.6 0.5 0.6 
1262307404 0 0.5 1 0.6 0.5 0.6 0.6 0.7 0.5 0.5 0.6 0.5 0.5 
1262307409 0 0.5 1 0.6 0.5 0.6 0.6 0.7 0.5 0.5 0.6 0.5 0.5 
1262307412 0 0.5 1 0.6 0.5 0.6 0.6 0.7 0.5 0.5 0.6 0.5 0.5 
1262307466 0 0.5 1 0.6 0.5 0.6 0.6 0.5 0.5 0.5 0.6 0.5 0.5 
1262307467 0 0.5 1 0.6 0.5 0.6 0.6 0.5 0.5 0.5 0.6 0.5 0.5 
1262307497 0 0.5 1 0.6 0.5 0.6 0.6 0.5 0.5 0.5 0.5 0.5 0.5 
1262307504 0 0.5 1 0.6 0.5 0.6 0.5 0.5 0.5 0.5 0.5 0.5 0.5 
1262307509 0 0.5 1 0.6 0.5 0.6 0.5 0.5 0.5 0.5 0.5 0.5 0.5 
1262307512 0 0.5 1 0.6 0.5 0.6 0.5 0.5 0.5 0.5 0.5 0.5 0.5 
1262307566 0 0.5 1 0.6 0.5 0.6 0.5 0.5 0.5 0.5 0.5 0.5 0.5 
1262307567 0 0.5 1 0.6 0.5 0.6 0.5 0.5 0.5 0.5 0.5 0.6 0.5 
1262307597 0 0.5 1 0.6 0.5 0.6 0.5 0.5 0.5 0.6 0.5 0.6 0.5 
1262307604 0 0.5 1 0.5 0.5 0.5 0.5 0.5 0.5 0.6 0.5 0.6 0.5 
1262307609 0 0.5 1 0.5 0.5 0.5 0.5 0.5 0.5 0.6 0.5 0.6 0.5 
1262307612 0 0.5 1 0.5 0.5 0.5 0.5 0.5 0.5 0.6 0.5 0.6 0.5 
1262307666 0 0.5 1 0.5 0.5 0.5 0.5 0.5 0.5 0.6 0.5 0.6 0.5 
1262307667 0 0.5 1 0.5 0.5 0.5 0.5 0.5 0.5 0.6 0.5 0.5 0.5 
1262307697 0 0.5 1 0.5 0.5 0.5 0.5 0.5 0.5 0.5 0.5 0.5 0.5 
1262307704 0 0.5 1 0.5 0.5 0.5 0.5 0.5 0.5 0.5 0.5 0.5 0.5 
1262307709 0 0.5 1 0.5 0.5 0.5 0.5 0.5 0.5 0.5 0.5 0.5 0.5 
1262307712 0 0.5 1 0.5 0.5 0.5 0.5 0.5 0.5 0.5 0.5 0.5 0.5 
1262307766 0 0.5 1 0.5 0.5 0.5 0.5 0.5 0.5 0.5 0.5 0.5 0.5 
1262307767 0 0.5 1 0.5 0.5 0.5 0.5 0.5 0.5 0.5 0.5 0.5 0.5 
1262307797 0 0.5 1 0.5 0.5 0.5 0.5 0.5 0.5 0.5 0.5 0.5 0.5 
1262307804 0 0.5 1 0.5 0.5 0.5 0.5 0.5 0.5 0.5 0.5 0.5 0.5 
1262307809 0 0.5 1 0.5 0.5 0.5 0.5 0.5 0.5 0.5 0.5 0.5 0.5 
1262307812 0 0.5 1 0.5 0.5 0.5 0.5 0.5 0.5 0.5 0.5 0.5 0.5 
1262307866 0 0.5 1 0.5 0.5 0.5 0.5 0.5 0.5 0.5 0.5 0.5 0.5 
1262307867 0 0.5 1 0.5 0.5 0.5 0.5 0.5 0.5 0.5 0.5 0.5 0.5 
1262307897 0 0.5 1 0.5 0.5 0.5 0.5 0.5 0.5 0.5 0.5 0.5 0.5 
1262307904 0 0.5 1 0.5 0.5 0.5 0.5 0.5 0.5 0.5 0.5 0.5 0.5 
1262307909 0 0.6 1 0.5 0.5 0.5 0.5 0.5 0.5 0.5 0.5 0.5 0.5 
1262307912 0 0.6 1 0.5 0.5 0.5 0.5 0.5 0.5 0.5 0.5 0.5 0.5 
1262307966 0 0.6 1 0.5 0.5 0.5 0.5 0.5 0.5 0.5 0.5 0.5 0.5 
1262307967 0 0.6 1 0.5 0.5 0.5 0.5 0.5 0.5 0.5 0.5 0.5 0.5 
1262307997 0 0.6 1 0.5 0.5 0.5 0.5 0.5 0.5 0.5 0.5 0.5 0.5 
1262308004 0 0.6 1 0.5 0.5 0.4 0.5 0.5 0.5 0.5 0.5 0.5 0.5 
1262308012 0 0.6 1 0.5 0.5 0.4 0.5 0.5 0.5 0.5 0.5 0.5 0.5 
1262308026 0 0.6 1 0.5 0.5 0.4 0.5 0.5 0.5 0.5 0.5 0.5 0.5 
1262308066 0 0.6 1 0.5 0.5 0.4 0.5 0.5 0.5 0.5 0.5 0.5 0.5 
1262308067 0 0.6 1 0.5 0.5 0.4 0.5 0.5 0.5 0.5 0.5 0.5 0.5 
1262308097 0 0.6 1 0.5 0.5 0.4 0.5 0.5 0.5 0.5 0.5 0.5 0.5 
1262308103 0 0.6 1 0.5 0.5 0.4 0.5 0.5 0.5 0.5 0.5 0.5 0.5 
1262308104 0 0.6 1 0.5 0.5 0.4 0.5 0.5 0.5 0.5 0.5 0.5 0.5 
1262308112 0 0.6 1 0.5 0.5 0.4 0.5 0.5 0.5 0.5 0.5 0.5 0.5 
1262308126 0 0.6 1 0.5 0.5 0.4 0.5 0.5 0.5 0.5 0.5 0.5 0.5 
1262308166 0 0.6 1 0.5 0.5 0.4 0.5 0.5 0.5 0.5 0.5 0.5 0.5 
1262308167 0 0.6 1 0.5 0.5 0.4 0.5 0.5 0.5 0.5 0.5 0.5 0.5 
1262308179 0 0.5 1 0.5 0.5 0.4 0.5 0.5 0.5 0.5 0.5 0.5 0.5 
1262308203 0 0.5 1 0.5 0.5 0.4 0.5 0.5 0.5 0.5 0.5 0.5 0.5 
1262308204 0 0.5 1 0.5 0.5 0.4 0.5 0.5 0.5 0.5 0.5 0.5 0.5 
1262308212 0 0.5 1 0.5 0.5 0.4 0.5 0.5 0.5 0.5 0.5 0.5 0.5 
1262308226 0 0.5 1 0.5 0.5 0.4 0.5 0.5 0.5 0.5 0.5 0.5 0.5 
1262308266 0 0.5 1 0.5 0.5 0.4 0.5 0.5 0.5 0.5 0.5 0.5 0.5 
1262308267 0 0.5 1 0.5 0.5 0.4 0.5 0.5 0.5 0.5 0.5 0.5 0.5 
1262308279 0 0.5 1 0.5 0.5 0.4 0.5 0.5 0.5 0.5 0.5 0.5 0.5 
1262308303 0 0.5 1 0.5 0.5 0.4 0.5 0.5 0.5 0.5 0.5 0.5 0.5 
1262308304 0 0.5 1 0.5 0.5 0.5 0.5 0.5 0.5 0.5 0.5 0.5 0.5 
1262308320 0 0.5 1 0.5 0.5 0.5 0.5 0.5 0.5 0.5 0.5 0.5 0.5 
1262308326 0 0.5 1 0.5 0.5 0.5 0.5 0.5 0.5 0.5 0.5 0.5 0.5 
1262308366 0 0.5 1 0.5 0.5 0.5 0.5 0.5 0.5 0.5 0.5 0.5 0.5 
1262308367 0 0.5 1 0.5 0.5 0.5 0.5 0.5 0.5 0.5 0.5 0.5 0.5 
1262308373 0 0.5 1 0.5 0.5 0.5 0.5 0.5 0.5 0.5 0.5 0.5 0.5 
1262308379 0 0.5 1 0.5 0.5 0.5 0.5 0.5 0.5 0.5 0.5 0.5 0.5 
1262308403 0 0.5 1 0.5 0.5 0.5 0.5 0.5 0.5 0.5 0.5 0.5 0.5 
1262308404 0 0.5 1 0.5 0.5 0.5 0.5 0.5 0.5 0.5 0.5 0.5 0.5 
1262308420 0 0.5 1 0.5 0.5 0.5 0.5 0.5 0.5 0.5 0.5 0.5 0.5 
1262308426 0 0.5 1 0.5 0.5 0.5 0.5 0.5 0.5 0.5 0.5 0.5 0.5 
1262308466 0 0.5 1 0.5 0.5 0.5 0.5 0.5 0.5 0.5 0.5 0.5 0.5 
1262308467 0 0.5 1 0.5 0.5 0.5 0.5 0.5 0.5 0.5 0.5 0.5 0.5 
1262308473 0 0.5 1 0.5 0.5 0.5 0.5 0.5 0.5 0.5 0.5 0.5 0.5 
1262308479 0 0.5 1 0.5 0.5 0.5 0.5 0.5 0.5 0.5 0.5 0.5 0.5 
1262308497 0 0.5 1 0.5 0.5 0.5 0.5 0.5 0.5 0.5 0.5 0.5 0.5 
