arrived:	node3#9	1
arrived:	node1#14	1
arrived:	node3#25	1
arrived:	node3#17	1
arrived:	node3#30	1
arrived:	node1#21	1
arrived:	node1#15	1
arrived:	node3#20	1
arrived:	node3#2	1
arrived:	node3#37	1
arrived:	node3#55	1
arrived:	node1#53	1
arrived:	node1#47	1
arrived:	node3#46	1
arrived:	node1#33	1
arrived:	node1#31	1
arrived:	node1#4	1
arrived:	node3#16	1
arrived:	node3#53	1
arrived:	node1#54	1
arrived:	node1#29	1
arrived:	node3#35	1
arrived:	node1#51	1
arrived:	node1#20	1
arrived:	node1#11	1
arrived:	node1#6	1
arrived:	node1#17	1
arrived:	node3#43	1
arrived:	node1#44	1
arrived:	node1#5	1
arrived:	node3#45	1
arrived:	node1#7	1
arrived:	node3#40	1
arrived:	node3#27	1
arrived:	node3#54	1
arrived:	node3#15	1
arrived:	node1#24	1
arrived:	node1#22	1
arrived:	node1#52	1
arrived:	node1#34	1
arrived:	node3#44	1
arrived:	node1#27	1
arrived:	node3#1	1
arrived:	node3#57	1
arrived:	node3#19	1
arrived:	node1#46	1
arrived:	node1#2	1
arrived:	node3#56	1
arrived:	node1#3	1
arrived:	node1#32	1
arrived:	node3#34	1
arrived:	node3#47	1
arrived:	node1#23	1
arrived:	node1#28	1
arrived:	node3#42	1
arrived:	node3#36	1
arrived:	node1#55	1
arrived:	node1#8	1
arrived:	node3#8	1
arrived:	node3#28	1
arrived:	node1#12	1
arrived:	node3#41	1
arrived:	node3#39	1
arrived:	node1#30	1
arrived:	node3#33	1
arrived:	node3#10	1
arrived:	node3#38	1
arrived:	node1#13	1
arrived:	node3#32	1
arrived:	node3#18	1
arrived:	node3#31	1
arrived:	node1#10	1
arrived:	node1#9	1
arrived:	node3#26	1
arrived:	node1#45	1
arrived:	node3#23	1
arrived:	node3#21	1
arrived:	node3#14	1
arrived:	node3#11	1
NOTIFS:
node3	:	60	sent
node1	:	60	sent
SUBS:
on	node1
	node1	:	37	received
on	node3
	node3	:	42	received
1262304604 - 0.5 - 0.5 0.5 - - 0.5 0.5 0.5 0.5 0.5 - 
1262304704 - 0.5 - 0.5 0.5 0.5 0.5 0.5 0.5 0.5 0.5 0.5 0.5 
1262304804 - 0.5 1 0.5 0.5 0.5 0.5 0.5 0.5 0.5 0.5 0.5 0.5 
1262304904 - 0.5 1 0.5 0.5 0.5 0.5 0.5 0.5 0.5 0.5 0.5 0.5 
1262304918 - 0.5 1 0.5 0.5 0.5 0.5 0.5 0.5 0.5 0.5 0.5 0.5 
1262305004 0 0.5 1 0.5 0.5 0.5 0.5 0.5 0.5 0.5 0.5 0.5 0.5 
1262305018 0 0.5 1 0.5 0.5 0.5 0.5 0.5 0.5 0.5 0.5 0.5 0.5 
1262305104 0 0.5 1 0.5 0.5 0.5 0.5 0.5 0.5 0.4 0.5 0.5 0.5 
1262305118 0 0.5 1 0.5 0.5 0.5 0.5 0.5 0.5 0.4 0.5 0.5 0.5 
1262305187 0 0.5 1 0.5 0.5 0.5 0.5 0.5 0.5 0.4 0.5 0.5 0.5 
1262305204 0 0.5 1 0.6 0.5 0.5 0.5 0.5 0.5 0.5 0.5 0.5 0.5 
1262305218 0 0.5 1 0.6 0.5 0.5 0.5 0.5 0.5 0.5 0.5 0.5 0.5 
1262305287 0 0.5 1 0.6 0.5 0.5 0.4 0.5 0.5 0.5 0.5 0.5 0.5 
1262305304 0 0.5 1 0.6 0.5 0.5 0.4 0.5 0.5 0.5 0.5 0.55555555555556 0.55555555555556 
1262305387 0 0.5 1 0.6 0.5 0.5 0.4 0.5 0.5 0.5 0.5 0.55555555555556 0.55555555555556 
1262305404 0 0.5 1 0.6 0.5 0.5 0.4 0.5 0.5 0.5 0.5 0.55555555555556 0.55555555555556 
1262305451 0 0.5 1 0.5 0.5 0.5 0.4 0.5 0.5 0.5 0.5 0.55555555555556 0.55555555555556 
1262305468 0 0.5 1 0.5 0.5 0.5 0.4 0.6 0.5 0.5 0.5 0.55555555555556 0.55555555555556 
1262305487 0 0.5 1 0.5 0.5 0.5 0.4 0.6 0.5 0.5 0.5 0.55555555555556 0.55555555555556 
1262305504 0 0.5 1 0.5 0.5 0.5 0.4 0.6 0.5 0.5 0.5 0.55555555555556 0.5 
1262305551 0 0.5 1 0.5 0.5 0.5 0.4 0.6 0.5 0.5 0.5 0.55555555555556 0.5 
1262305568 0 0.5 1 0.5 0.5 0.5 0.4 0.5 0.5 0.5 0.5 0.55555555555556 0.5 
1262305587 0 0.5 1 0.5 0.5 0.5 0.5 0.5 0.5 0.5 0.5 0.55555555555556 0.5 
1262305604 0 0.5 1 0.5 0.4 0.6 0.5 0.5 0.5 0.5 0.5 0.55555555555556 0.5 
1262305651 0 0.5 1 0.5 0.4 0.6 0.5 0.5 0.5 0.5 0.5 0.55555555555556 0.5 
1262305668 0 0.5 1 0.5 0.4 0.6 0.5 0.5 0.5 0.5 0.5 0.55555555555556 0.5 
1262305687 0 0.5 1 0.5 0.4 0.6 0.5 0.5 0.5 0.5 0.5 0.55555555555556 0.5 
1262305704 0 0.5 1 0.5 0.5 0.5 0.5 0.5 0.5 0.5 0.5 0.5 0.5 
1262305751 0 0.5 1 0.5 0.5 0.5 0.5 0.5 0.5 0.5 0.5 0.5 0.5 
1262305768 0 0.5 1 0.5 0.5 0.5 0.5 0.5 0.5 0.5 0.5 0.5 0.5 
1262305787 0 0.5 1 0.5 0.5 0.5 0.5 0.5 0.5 0.5 0.5 0.5 0.5 
1262305804 0 0.5 1 0.5 0.5 0.5 0.5 0.5 0.5 0.5 0.5 0.5 0.5 
1262305822 0 0.5 1 0.5 0.5 0.5 0.5 0.5 0.5 0.5 0.5 0.5 0.5 
1262305851 0 0.5 1 0.5 0.5 0.5 0.5 0.5 0.5 0.5 0.5 0.5 0.5 
1262305868 0 0.5 1 0.5 0.5 0.5 0.5 0.5 0.5 0.5 0.5 0.5 0.5 
1262305887 0 0.5 1 0.5 0.5 0.5 0.5 0.5 0.5 0.5 0.5 0.5 0.5 
1262305904 0 0.5 1 0.5 0.5 0.5 0.5 0.5 0.5 0.5 0.5 0.5 0.5 
1262305922 0 0.5 1 0.5 0.5 0.5 0.5 0.5 0.5 0.5 0.5 0.5 0.5 
1262305951 0 0.5 1 0.5 0.5 0.5 0.5 0.5 0.5 0.5 0.5 0.5 0.5 
1262305968 0 0.5 1 0.5 0.5 0.5 0.5 0.5 0.5 0.5 0.5 0.5 0.5 
1262305987 0 0.5 1 0.5 0.5 0.5 0.6 0.5 0.5 0.5 0.5 0.5 0.5 
1262306004 0 0.5 1 0.5 0.5 0.5 0.6 0.5 0.5 0.5 0.5 0.5 0.5 
1262306022 0 0.5 1 0.5 0.5 0.5 0.6 0.5 0.5 0.5 0.5 0.5 0.5 
1262306051 0 0.5 1 0.5 0.5 0.5 0.6 0.5 0.5 0.5 0.5 0.5 0.5 
1262306068 0 0.5 1 0.5 0.5 0.5 0.6 0.5 0.5 0.5 0.5 0.5 0.5 
1262306087 0 0.5 1 0.5 0.5 0.5 0.6 0.5 0.5 0.5 0.5 0.5 0.5 
1262306104 0 0.5 1 0.5 0.5 0.5 0.6 0.5 0.5 0.5 0.5 0.5 0.5 
1262306122 0 0.5 1 0.5 0.5 0.5 0.6 0.5 0.5 0.5 0.5 0.5 0.5 
1262306151 0 0.5 1 0.5 0.5 0.5 0.6 0.5 0.5 0.5 0.5 0.5 0.5 
1262306168 0 0.5 1 0.5 0.5 0.5 0.6 0.5 0.5 0.5 0.5 0.5 0.5 
1262306187 0 0.5 1 0.5 0.5 0.5 0.6 0.5 0.5 0.5 0.5 0.5 0.5 
1262306204 0 0.5 1 0.5 0.5 0.5 0.6 0.5 0.5 0.5 0.5 0.5 0.5 
1262306222 0 0.5 1 0.5 0.5 0.5 0.6 0.5 0.5 0.5 0.5 0.5 0.5 
1262306232 0 0.5 1 0.5 0.5 0.5 0.6 0.5 0.5 0.5 0.5 0.5 0.5 
1262306251 0 0.5 1 0.5 0.5 0.5 0.6 0.5 0.5 0.5 0.5 0.5 0.5 
1262306268 0 0.5 1 0.5 0.5 0.5 0.6 0.5 0.5 0.5 0.5 0.5 0.5 
1262306287 0 0.5 1 0.5 0.5 0.5 0.6 0.5 0.5 0.5 0.5 0.5 0.5 
1262306304 0 0.5 1 0.5 0.5 0.4 0.6 0.5 0.4 0.5 0.4 0.5 0.5 
1262306322 0 0.5 1 0.5 0.5 0.4 0.6 0.5 0.4 0.5 0.4 0.5 0.5 
1262306332 0 0.5 1 0.5 0.5 0.4 0.6 0.5 0.4 0.5 0.4 0.5 0.5 
1262306351 0 0.5 1 0.5 0.5 0.4 0.6 0.5 0.4 0.5 0.4 0.5 0.5 
1262306368 0 0.5 1 0.5 0.5 0.4 0.6 0.5 0.4 0.5 0.4 0.5 0.5 
1262306387 0 0.5 1 0.5 0.5 0.4 0.6 0.5 0.4 0.5 0.4 0.5 0.5 
1262306404 0 0.4 1 0.5 0.5 0.4 0.6 0.5 0.5 0.5 0.4 0.5 0.5 
1262306422 0 0.4 1 0.5 0.5 0.4 0.6 0.5 0.5 0.5 0.4 0.5 0.5 
1262306432 0 0.4 1 0.5 0.5 0.4 0.6 0.5 0.5 0.5 0.4 0.5 0.5 
1262306451 0 0.4 1 0.5 0.5 0.4 0.6 0.5 0.5 0.5 0.4 0.5 0.5 
1262306468 0 0.4 1 0.5 0.5 0.4 0.6 0.5 0.5 0.5 0.4 0.5 0.5 
1262306487 0 0.4 1 0.5 0.5 0.4 0.5 0.5 0.5 0.5 0.4 0.5 0.5 
1262306504 0 0.5 1 0.5 0.5 0.5 0.5 0.5 0.5 0.4 0.5 0.5 0.5 
1262306522 0 0.5 1 0.5 0.5 0.5 0.5 0.5 0.5 0.4 0.5 0.5 0.5 
1262306532 0 0.5 1 0.5 0.5 0.5 0.5 0.5 0.5 0.4 0.5 0.5 0.5 
1262306551 0 0.5 1 0.5 0.5 0.5 0.5 0.5 0.5 0.4 0.5 0.5 0.5 
1262306568 0 0.5 1 0.5 0.5 0.5 0.5 0.5 0.5 0.4 0.5 0.5 0.5 
1262306587 0 0.5 1 0.5 0.5 0.5 0.5 0.5 0.5 0.4 0.5 0.5 0.5 
1262306604 0 0.5 1 0.5 0.5 0.5 0.5 0.5 0.5 0.5 0.5 0.5 0.5 
1262306622 0 0.5 1 0.5 0.5 0.5 0.5 0.5 0.5 0.5 0.5 0.5 0.4 
1262306632 0 0.5 1 0.5 0.5 0.5 0.5 0.5 0.5 0.5 0.5 0.5 0.4 
1262306651 0 0.5 1 0.5 0.5 0.5 0.5 0.5 0.5 0.5 0.5 0.5 0.4 
1262306668 0 0.5 1 0.5 0.5 0.5 0.5 0.5 0.5 0.5 0.5 0.5 0.4 
1262306687 0 0.5 1 0.5 0.5 0.5 0.5 0.5 0.5 0.5 0.5 0.5 0.4 
1262306704 0 0.5 1 0.5 0.5 0.4 0.5 0.5 0.5 0.5 0.5 0.5 0.4 
1262306722 0 0.5 1 0.5 0.5 0.4 0.5 0.5 0.5 0.5 0.5 0.5 0.5 
1262306732 0 0.5 1 0.5 0.5 0.4 0.5 0.5 0.5 0.5 0.5 0.5 0.5 
1262306736 0 0.5 1 0.5 0.5 0.4 0.5 0.5 0.5 0.5 0.5 0.5 0.5 
1262306768 0 0.5 1 0.5 0.5 0.4 0.5 0.5 0.5 0.5 0.5 0.5 0.5 
1262306787 0 0.5 1 0.5 0.5 0.4 0.5 0.5 0.5 0.5 0.5 0.5 0.5 
1262306804 0 0.5 1 0.5 0.5 0.4 0.5 0.5 0.5 0.5 0.4 0.5 0.5 
1262306832 0 0.5 1 0.5 0.5 0.4 0.5 0.5 0.5 0.5 0.4 0.5 0.5 
1262306868 0 0.5 1 0.5 0.5 0.4 0.5 0.5 0.5 0.5 0.4 0.5 0.5 
1262306887 0 0.5 1 0.5 0.5 0.4 0.5 0.5 0.5 0.5 0.4 0.5 0.5 
1262306904 0 0.5 1 0.5 0.5 0.5 0.5 0.5 0.5 0.5 0.5 0.5 0.5 
1262306925 0 0.5 1 0.5 0.5 0.5 0.5 0.5 0.5 0.5 0.5 0.5 0.5 
1262306932 0 0.5 1 0.5 0.5 0.5 0.5 0.5 0.5 0.5 0.5 0.5 0.5 
1262306968 0 0.5 1 0.5 0.5 0.5 0.5 0.5 0.5 0.5 0.5 0.5 0.5 
1262306976 0 0.5 1 0.5 0.5 0.5 0.5 0.5 0.5 0.5 0.5 0.5 0.5 
1262306986 0 0.5 1 0.5 0.5 0.5 0.5 0.5 0.5 0.5 0.5 0.5 0.5 
1262306987 0 0.5 1 0.5 0.5 0.5 0.4 0.5 0.5 0.5 0.5 0.5 0.5 
1262307004 0 0.5 1 0.5 0.5 0.5 0.4 0.5 0.5 0.5 0.5 0.5 0.5 
1262307025 0 0.5 1 0.5 0.5 0.5 0.4 0.5 0.5 0.5 0.5 0.5 0.5 
1262307032 0 0.5 1 0.5 0.5 0.5 0.4 0.5 0.5 0.5 0.5 0.5 0.5 
1262307068 0 0.5 1 0.5 0.5 0.5 0.4 0.5 0.5 0.5 0.5 0.5 0.5 
1262307076 0 0.5 1 0.5 0.5 0.5 0.4 0.5 0.5 0.5 0.5 0.5 0.5 
1262307086 0 0.5 1 0.5 0.5 0.5 0.4 0.5 0.5 0.5 0.5 0.5 0.5 
1262307087 0 0.5 1 0.5 0.5 0.5 0.5 0.5 0.5 0.5 0.5 0.5 0.5 
1262307104 0 0.5 1 0.5 0.5 0.5 0.5 0.5 0.5 0.5 0.5 0.5 0.5 
1262307125 0 0.5 1 0.5 0.5 0.5 0.5 0.5 0.5 0.5 0.5 0.5 0.5 
1262307132 0 0.5 1 0.5 0.5 0.5 0.5 0.5 0.5 0.5 0.5 0.5 0.5 
1262307165 0 0.5 1 0.5 0.5 0.5 0.5 0.5 0.5 0.5 0.5 0.5 0.5 
1262307168 0 0.5 1 0.5 0.5 0.5 0.5 0.4 0.5 0.5 0.5 0.5 0.5 
1262307176 0 0.5 1 0.5 0.5 0.5 0.5 0.4 0.5 0.5 0.5 0.5 0.5 
1262307186 0 0.5 1 0.5 0.5 0.5 0.5 0.4 0.5 0.5 0.5 0.5 0.5 
1262307187 0 0.5 1 0.5 0.5 0.5 0.5 0.4 0.5 0.5 0.5 0.5 0.5 
1262307204 0 0.5 1 0.5 0.5 0.5 0.5 0.4 0.5 0.5 0.5 0.5 0.5 
1262307225 0 0.5 1 0.5 0.5 0.5 0.5 0.4 0.5 0.5 0.5 0.5 0.5 
1262307232 0 0.5 1 0.5 0.5 0.5 0.5 0.4 0.5 0.5 0.5 0.5 0.5 
1262307265 0 0.5 1 0.5 0.5 0.5 0.5 0.4 0.5 0.5 0.5 0.5 0.5 
1262307276 0 0.5 1 0.5 0.5 0.5 0.5 0.4 0.5 0.5 0.5 0.5 0.5 
1262307286 0 0.5 1 0.5 0.5 0.5 0.5 0.4 0.5 0.5 0.5 0.5 0.5 
1262307287 0 0.5 1 0.5 0.5 0.5 0.5 0.4 0.5 0.5 0.5 0.5 0.5 
1262307304 0 0.5 1 0.5 0.5 0.5 0.5 0.4 0.5 0.5 0.5 0.5 0.5 
1262307325 0 0.5 1 0.4 0.5 0.5 0.5 0.4 0.5 0.5 0.5 0.5 0.5 
1262307365 0 0.5 1 0.4 0.5 0.5 0.5 0.4 0.5 0.5 0.5 0.5 0.5 
1262307376 0 0.5 1 0.4 0.5 0.5 0.5 0.4 0.5 0.5 0.5 0.5 0.5 
1262307383 0 0.5 1 0.4 0.5 0.5 0.5 0.5 0.5 0.5 0.5 0.5 0.5 
1262307386 0 0.5 1 0.4 0.5 0.5 0.5 0.5 0.5 0.5 0.5 0.5 0.5 
1262307387 0 0.5 1 0.4 0.5 0.5 0.5 0.5 0.5 0.5 0.5 0.5 0.5 
1262307404 0 0.5 1 0.4 0.5 0.5 0.5 0.5 0.5 0.5 0.5 0.5 0.5 
1262307414 0 0.5 1 0.4 0.5 0.5 0.5 0.5 0.5 0.5 0.5 0.5 0.5 
1262307425 0 0.5 1 0.4 0.5 0.5 0.5 0.5 0.5 0.5 0.5 0.5 0.5 
1262307453 0 0.5 1 0.4 0.5 0.5 0.5 0.5 0.5 0.5 0.5 0.5 0.5 
1262307465 0 0.5 1 0.4 0.5 0.5 0.5 0.5 0.5 0.5 0.5 0.5 0.5 
1262307476 0 0.5 1 0.4 0.5 0.5 0.5 0.5 0.5 0.5 0.5 0.5 0.5 
1262307486 0 0.5 1 0.4 0.5 0.5 0.5 0.5 0.5 0.5 0.5 0.5 0.5 
1262307487 0 0.5 1 0.4 0.5 0.5 0.5 0.5 0.5 0.5 0.5 0.5 0.5 
1262307504 0 0.5 1 0.4 0.5 0.5 0.5 0.5 0.5 0.5 0.5 0.5 0.5 
1262307514 0 0.5 1 0.4 0.5 0.5 0.5 0.5 0.5 0.5 0.5 0.5 0.5 
1262307525 0 0.5 1 0.4 0.5 0.5 0.5 0.5 0.5 0.5 0.5 0.5 0.5 
1262307553 0 0.5 1 0.4 0.5 0.5 0.5 0.5 0.5 0.5 0.5 0.5 0.5 
1262307565 0 0.5 1 0.4 0.4 0.5 0.5 0.5 0.5 0.5 0.5 0.5 0.5 
1262307576 0 0.5 1 0.4 0.4 0.5 0.5 0.5 0.5 0.5 0.5 0.5 0.5 
1262307586 0 0.5 1 0.4 0.4 0.5 0.5 0.5 0.5 0.5 0.5 0.5 0.5 
1262307587 0 0.5 1 0.4 0.4 0.5 0.5 0.5 0.5 0.5 0.5 0.5 0.5 
1262307604 0 0.5 1 0.4 0.4 0.5 0.5 0.5 0.5 0.5 0.5 0.5 0.5 
1262307614 0 0.5 1 0.4 0.4 0.5 0.5 0.5 0.5 0.5 0.5 0.5 0.5 
1262307625 0 0.5 1 0.4 0.4 0.5 0.5 0.5 0.5 0.5 0.5 0.5 0.5 
1262307653 0 0.5 1 0.4 0.4 0.5 0.5 0.5 0.5 0.5 0.5 0.5 0.5 
1262307657 0 0.5 1 0.4 0.4 0.5 0.5 0.5 0.5 0.5 0.5 0.5 0.5 
1262307665 0 0.5 1 0.4 0.4 0.5 0.5 0.5 0.5 0.5 0.5 0.5 0.5 
1262307676 0 0.5 1 0.4 0.4 0.5 0.5 0.5 0.5 0.5 0.5 0.5 0.5 
1262307686 0 0.5 1 0.4 0.4 0.5 0.5 0.5 0.5 0.5 0.5 0.5 0.5 
1262307687 0 0.5 1 0.4 0.4 0.5 0.5 0.5 0.5 0.5 0.5 0.5 0.5 
1262307704 0 0.5 1 0.4 0.4 0.5 0.5 0.5 0.5 0.5 0.5 0.5 0.5 
1262307714 0 0.5 1 0.4 0.4 0.5 0.5 0.5 0.5 0.5 0.5 0.5 0.5 
1262307725 0 0.5 1 0.4 0.4 0.5 0.5 0.5 0.5 0.5 0.5 0.5 0.5 
1262307753 0 0.5 1 0.4 0.4 0.5 0.5 0.5 0.5 0.5 0.5 0.5 0.5 
1262307757 0 0.5 1 0.4 0.4 0.5 0.5 0.5 0.5 0.5 0.5 0.5 0.5 
1262307765 0 0.5 1 0.4 0.4 0.5 0.5 0.5 0.5 0.5 0.5 0.5 0.5 
1262307776 0 0.5 1 0.4 0.4 0.5 0.5 0.5 0.5 0.5 0.5 0.5 0.5 
1262307786 0 0.5 1 0.4 0.4 0.5 0.5 0.5 0.5 0.5 0.5 0.5 0.5 
1262307787 0 0.5 1 0.4 0.4 0.5 0.5 0.5 0.5 0.5 0.5 0.5 0.5 
1262307804 0 0.5 1 0.4 0.4 0.5 0.5 0.5 0.5 0.5 0.5 0.5 0.5 
1262307814 0 0.5 1 0.4 0.4 0.5 0.5 0.5 0.5 0.5 0.5 0.5 0.5 
1262307825 0 0.5 1 0.4 0.4 0.5 0.5 0.5 0.5 0.5 0.5 0.5 0.5 
1262307853 0 0.5 1 0.4 0.4 0.5 0.5 0.5 0.5 0.5 0.5 0.5 0.5 
1262307857 0 0.5 1 0.4 0.4 0.5 0.5 0.5 0.5 0.5 0.5 0.5 0.5 
1262307865 0 0.5 1 0.4 0.4 0.5 0.5 0.5 0.5 0.5 0.5 0.5 0.5 
1262307876 0 0.5 1 0.4 0.4 0.5 0.5 0.5 0.5 0.5 0.5 0.5 0.5 
1262307887 0 0.5 1 0.4 0.4 0.5 0.5 0.5 0.5 0.5 0.5 0.5 0.5 
1262307904 0 0.5 1 0.4 0.4 0.5 0.5 0.5 0.5 0.5 0.5 0.5 0.5 
1262307914 0 0.5 1 0.4 0.4 0.5 0.5 0.5 0.5 0.5 0.5 0.5 0.5 
1262307925 0 0.5 1 0.4 0.4 0.5 0.5 0.5 0.5 0.5 0.5 0.5 0.5 
1262307939 0 0.5 1 0.4 0.4 0.5 0.5 0.5 0.5 0.5 0.5 0.5 0.5 
1262307953 0 0.5 1 0.4 0.4 0.5 0.5 0.5 0.5 0.5 0.5 0.5 0.5 
1262307957 0 0.5 1 0.4 0.4 0.5 0.5 0.5 0.5 0.5 0.5 0.5 0.5 
1262307965 0 0.5 1 0.4 0.4 0.5 0.5 0.5 0.5 0.5 0.5 0.5 0.5 
1262307976 0 0.5 1 0.4 0.4 0.5 0.5 0.5 0.5 0.5 0.5 0.5 0.5 
1262307987 0 0.5 1 0.4 0.4 0.5 0.5 0.5 0.5 0.5 0.5 0.5 0.5 
1262308004 0 0.5 1 0.4 0.4 0.5 0.5 0.5 0.5 0.5 0.5 0.5 0.5 
1262308014 0 0.5 1 0.4 0.4 0.5 0.5 0.5 0.5 0.5 0.5 0.5 0.5 
1262308025 0 0.5 1 0.4 0.4 0.5 0.5 0.5 0.5 0.5 0.5 0.5 0.5 
1262308039 0 0.5 1 0.4 0.4 0.5 0.5 0.5 0.5 0.5 0.5 0.5 0.5 
1262308053 0 0.5 1 0.4 0.4 0.5 0.5 0.5 0.5 0.5 0.5 0.5 0.5 
1262308057 0 0.5 1 0.4 0.4 0.5 0.5 0.5 0.5 0.5 0.5 0.5 0.5 
1262308065 0 0.5 1 0.4 0.5 0.5 0.5 0.5 0.5 0.5 0.5 0.5 0.5 
1262308076 0 0.5 1 0.4 0.5 0.5 0.5 0.5 0.5 0.5 0.5 0.5 0.5 
1262308087 0 0.5 1 0.4 0.5 0.5 0.5 0.5 0.5 0.5 0.5 0.5 0.5 
1262308104 0 0.5 1 0.4 0.5 0.5 0.5 0.5 0.5 0.5 0.5 0.5 0.5 
1262308114 0 0.5 1 0.4 0.5 0.5 0.5 0.5 0.5 0.5 0.5 0.5 0.5 
1262308125 0 0.5 1 0.5 0.5 0.5 0.5 0.5 0.5 0.5 0.5 0.5 0.5 
1262308139 0 0.5 1 0.5 0.5 0.5 0.5 0.5 0.5 0.5 0.5 0.5 0.5 
1262308153 0 0.5 1 0.5 0.5 0.5 0.5 0.5 0.5 0.5 0.5 0.5 0.5 
1262308157 0 0.5 1 0.5 0.5 0.5 0.5 0.5 0.5 0.5 0.5 0.5 0.5 
1262308165 0 0.5 1 0.5 0.5 0.5 0.5 0.5 0.5 0.5 0.5 0.5 0.5 
1262308176 0 0.5 1 0.5 0.5 0.5 0.5 0.5 0.5 0.5 0.5 0.5 0.5 
1262308187 0 0.5 1 0.5 0.5 0.5 0.5 0.5 0.5 0.5 0.5 0.5 0.5 
1262308204 0 0.5 1 0.5 0.5 0.5 0.5 0.5 0.6 0.5 0.5 0.5 0.5 
1262308214 0 0.5 1 0.5 0.5 0.5 0.5 0.5 0.6 0.5 0.5 0.5 0.5 
1262308225 0 0.5 1 0.5 0.5 0.5 0.5 0.5 0.6 0.5 0.5 0.5 0.5 
1262308239 0 0.5 1 0.5 0.5 0.5 0.5 0.5 0.6 0.5 0.5 0.5 0.5 
1262308253 0 0.5 1 0.5 0.5 0.5 0.5 0.5 0.6 0.5 0.5 0.5 0.5 
1262308257 0 0.5 1 0.5 0.5 0.5 0.5 0.5 0.6 0.5 0.5 0.5 0.5 
1262308265 0 0.5 1 0.5 0.5 0.5 0.5 0.5 0.6 0.5 0.5 0.5 0.5 
1262308276 0 0.5 1 0.5 0.5 0.5 0.5 0.5 0.6 0.5 0.5 0.5 0.5 
1262308287 0 0.5 1 0.5 0.5 0.5 0.5 0.5 0.6 0.5 0.5 0.5 0.5 
1262308304 0 0.5 1 0.5 0.5 0.5 0.5 0.5 0.5 0.5 0.5 0.5 0.4 
1262308314 0 0.5 1 0.5 0.5 0.5 0.5 0.5 0.5 0.5 0.6 0.5 0.4 
1262308339 0 0.5 1 0.5 0.5 0.5 0.5 0.5 0.5 0.5 0.6 0.5 0.4 
1262308346 0 0.5 1 0.5 0.5 0.5 0.5 0.5 0.5 0.5 0.6 0.5 0.4 
1262308353 0 0.5 1 0.5 0.5 0.5 0.5 0.5 0.5 0.5 0.6 0.5 0.4 
1262308357 0 0.5 1 0.5 0.5 0.5 0.5 0.5 0.5 0.5 0.6 0.5 0.4 
1262308365 0 0.5 1 0.5 0.5 0.5 0.5 0.5 0.5 0.5 0.6 0.5 0.4 
1262308376 0 0.4 1 0.5 0.5 0.5 0.5 0.5 0.5 0.5 0.6 0.5 0.4 
1262308387 0 0.4 1 0.5 0.5 0.5 0.5 0.5 0.5 0.5 0.6 0.5 0.4 
1262308391 0 0.4 1 0.5 0.5 0.5 0.5 0.5 0.5 0.5 0.6 0.5 0.4 
1262308404 0 0.4 1 0.5 0.5 0.5 0.5 0.5 0.5 0.5 0.6 0.5 0.4 
1262308414 0 0.4 1 0.5 0.5 0.5 0.5 0.5 0.5 0.5 0.5 0.5 0.4 
1262308439 0 0.4 1 0.5 0.5 0.5 0.5 0.5 0.5 0.5 0.5 0.5 0.4 
1262308446 0 0.4 1 0.5 0.5 0.5 0.5 0.5 0.5 0.5 0.5 0.5 0.4 
1262308453 0 0.4 1 0.5 0.5 0.5 0.5 0.5 0.5 0.5 0.5 0.5 0.4 
1262308457 0 0.4 1 0.5 0.5 0.5 0.5 0.5 0.5 0.5 0.5 0.5 0.4 
1262308465 0 0.4 1 0.5 0.5 0.5 0.5 0.5 0.5 0.5 0.5 0.5 0.4 
1262308476 0 0.4 1 0.5 0.5 0.5 0.5 0.5 0.5 0.5 0.5 0.5 0.4 
1262308487 0 0.4 1 0.5 0.5 0.5 0.5 0.5 0.5 0.5 0.5 0.5 0.4 
1262308491 0 0.4 1 0.5 0.5 0.5 0.5 0.5 0.5 0.5 0.5 0.5 0.4 
