arrived:	node3#45	1
arrived:	node1#14	1
arrived:	node3#32	1
arrived:	node3#17	1
arrived:	node3#27	1
arrived:	node3#54	1
arrived:	node3#15	1
arrived:	node3#30	1
arrived:	node1#13	1
arrived:	node1#15	1
arrived:	node1#9	1
arrived:	node3#2	1
arrived:	node1#49	1
arrived:	node3#37	1
arrived:	node3#29	1
arrived:	node3#57	1
arrived:	node3#55	1
arrived:	node3#56	1
arrived:	node3#58	1
arrived:	node3#34	1
arrived:	node1#50	1
arrived:	node3#50	1
arrived:	node3#18	1
arrived:	node3#48	1
arrived:	node3#36	1
arrived:	node3#49	1
arrived:	node1#10	1
arrived:	node3#8	1
arrived:	node3#16	1
arrived:	node1#12	1
arrived:	node3#44	1
arrived:	node3#46	1
arrived:	node3#38	1
arrived:	node1#16	1
arrived:	node1#18	1
arrived:	node3#31	1
arrived:	node3#33	1
arrived:	node1#48	1
arrived:	node3#35	1
arrived:	node1#51	1
arrived:	node3#28	1
arrived:	node3#14	1
arrived:	node3#26	1
arrived:	node1#11	1
arrived:	node3#47	1
arrived:	node1#17	1
arrived:	node3#1	1
arrived:	node1#52	1
NOTIFS:
node1	:	60	sent
node3	:	60	sent
SUBS:
on	node1
	node1	:	15	received
on	node3
	node3	:	33	received
1262304604 - 0.5 - 0.5 - - - 0.5 0.5 0.5 0.5 - 0.5 
1262304704 - 0.5 - 0.5 0.5 - 0.5 0.5 0.5 0.5 0.5 - 0.5 
1262304804 - 0.5 - 0.5 0.5 - 0.5 0.5 0.5 0.5 0.5 0.5 0.5 
1262304904 - 0.5 - 0.5 0.5 - 0.5 0.5 0.5 0.5 0.5 0.5 0.5 
1262304910 - 0.5 - 0.5 0.5 - 0.5 0.5 0.5 0.5 0.5 0.5 0.5 
1262305004 - 0.5 1 0.5 0.5 0.5 0.5 0.5 0.5 0.5 0.5 0.5 0.5 
1262305010 - 0.5 1 0.5 0.5 0.5 0.5 0.5 0.5 0.5 0.5 0.5 0.5 
1262305104 - 0.5 1 0.5 0.5 0.5 0.5 0.5 0.5 0.5 0.5 0.5 0.5 
1262305110 - 0.5 1 0.5 0.5 0.5 0.5 0.5 0.5 0.5 0.5 0.5 0.5 
1262305204 - 0.5 1 0.5 0.5 0.5 0.5 0.5 0.5 0.5 0.5 0.5 0.5 
1262305210 - 0.5 1 0.5 0.5 0.5 0.5 0.5 0.5 0.5 0.5 0.5 0.5 
1262305304 - 0.5 1 0.5 0.5 0.5 0.5 0.5 0.6 0.5 0.5 0.5 0.4 
1262305310 - 0.5 1 0.5 0.5 0.5 0.5 0.5 0.6 0.5 0.5 0.5 0.4 
1262305392 - 0.5 1 0.5 0.5 0.5 0.5 0.5 0.6 0.5 0.5 0.5 0.4 
1262305404 - 0.5 1 0.5 0.5 0.5 0.5 0.4 0.6 0.5 0.5 0.5 0.4 
1262305410 - 0.5 1 0.5 0.5 0.5 0.5 0.4 0.6 0.5 0.5 0.5 0.4 
1262305452 - 0.5 1 0.5 0.5 0.5 0.5 0.4 0.6 0.5 0.5 0.5 0.4 
1262305492 - 0.5 1 0.5 0.4 0.5 0.5 0.4 0.6 0.5 0.5 0.5 0.4 
1262305504 - 0.5 1 0.5 0.4 0.5 0.5 0.4 0.6 0.6 0.5 0.5 0.5 
1262305510 - 0.5 1 0.5 0.4 0.5 0.5 0.4 0.6 0.6 0.5 0.5 0.5 
1262305552 - 0.5 1 0.5 0.4 0.5 0.5 0.4 0.6 0.6 0.5 0.5 0.5 
1262305592 - 0.5 1 0.5 0.5 0.5 0.5 0.4 0.6 0.6 0.5 0.5 0.5 
1262305604 - 0.5 1 0.5 0.5 0.5 0.5 0.4 0.5 0.5 0.5 0.5 0.4 
1262305610 - 0.5 1 0.5 0.5 0.5 0.5 0.4 0.5 0.5 0.5 0.5 0.4 
1262305652 - 0.5 1 0.5 0.5 0.5 0.5 0.4 0.5 0.5 0.5 0.5 0.4 
1262305692 - 0.5 1 0.5 0.5 0.5 0.5 0.4 0.5 0.5 0.5 0.5 0.4 
1262305704 0 0.5 1 0.5 0.5 0.5 0.5 0.5 0.5 0.5 0.5 0.4 0.4 
1262305710 0 0.5 1 0.5 0.5 0.5 0.5 0.5 0.5 0.5 0.5 0.4 0.4 
1262305730 0 0.4 1 0.5 0.5 0.5 0.5 0.5 0.5 0.5 0.5 0.4 0.4 
1262305752 0 0.4 1 0.5 0.5 0.5 0.5 0.5 0.5 0.5 0.5 0.4 0.4 
1262305792 0 0.4 1 0.5 0.5 0.5 0.5 0.5 0.5 0.5 0.5 0.4 0.4 
1262305804 0 0.4 1 0.5 0.5 0.5 0.5 0.5 0.5 0.5 0.5 0.5 0.5 
1262305810 0 0.4 1 0.5 0.5 0.5 0.5 0.5 0.5 0.5 0.5 0.5 0.5 
1262305830 0 0.5 1 0.5 0.5 0.5 0.5 0.5 0.5 0.5 0.5 0.5 0.5 
1262305852 0 0.5 1 0.5 0.5 0.5 0.5 0.5 0.5 0.5 0.5 0.5 0.5 
1262305892 0 0.5 1 0.5 0.5 0.5 0.5 0.5 0.5 0.5 0.5 0.5 0.5 
1262305904 0 0.5 1 0.5 0.5 0.5 0.5 0.5 0.5 0.5 0.5 0.5 0.5 
1262305910 0 0.5 1 0.5 0.5 0.5 0.5 0.5 0.5 0.5 0.5 0.5 0.5 
1262305930 0 0.6 1 0.5 0.5 0.5 0.5 0.5 0.5 0.5 0.5 0.5 0.5 
1262305938 0 0.6 1 0.5 0.5 0.5 0.5 0.5 0.5 0.5 0.5 0.5 0.5 
1262305952 0 0.6 1 0.5 0.5 0.5 0.5 0.5 0.5 0.5 0.5 0.5 0.5 
1262305992 0 0.6 1 0.5 0.5 0.5 0.5 0.5 0.5 0.5 0.5 0.5 0.5 
1262306004 0 0.6 1 0.5 0.5 0.6 0.5 0.5 0.5 0.5 0.5 0.5 0.5 
1262306010 0 0.6 1 0.5 0.5 0.6 0.5 0.5 0.5 0.5 0.5 0.5 0.5 
1262306030 0 0.5 1 0.5 0.5 0.6 0.5 0.5 0.5 0.5 0.5 0.5 0.5 
1262306052 0 0.5 1 0.5 0.5 0.6 0.5 0.5 0.5 0.5 0.5 0.5 0.5 
1262306092 0 0.5 1 0.5 0.5 0.6 0.5 0.5 0.5 0.5 0.5 0.5 0.5 
1262306104 0 0.5 1 0.5 0.5 0.6 0.5 0.5 0.5 0.5 0.5 0.5 0.5 
1262306110 0 0.5 1 0.5 0.5 0.6 0.5 0.5 0.5 0.5 0.5 0.5 0.5 
1262306130 0 0.5 1 0.5 0.5 0.6 0.5 0.5 0.5 0.5 0.5 0.5 0.5 
1262306152 0 0.5 1 0.5 0.5 0.6 0.5 0.5 0.5 0.5 0.5 0.5 0.5 
1262306196 0 0.5 1 0.5 0.5 0.6 0.5 0.5 0.5 0.5 0.5 0.5 0.5 
1262306204 0 0.5 1 0.5 0.5 0.6 0.5 0.5 0.5 0.5 0.5 0.5 0.5 
1262306210 0 0.5 1 0.5 0.5 0.6 0.5 0.5 0.5 0.5 0.5 0.5 0.5 
1262306230 0 0.5 1 0.5 0.5 0.6 0.5 0.5 0.5 0.5 0.5 0.5 0.5 
1262306252 0 0.5 1 0.5 0.5 0.6 0.5 0.5 0.5 0.5 0.5 0.5 0.5 
1262306288 0 0.5 1 0.5 0.5 0.6 0.5 0.5 0.5 0.5 0.5 0.5 0.5 
1262306296 0 0.5 1 0.5 0.5 0.6 0.5 0.5 0.5 0.5 0.5 0.5 0.5 
1262306304 0 0.5 1 0.5 0.5 0.6 0.5 0.5 0.5 0.5 0.5 0.5 0.5 
1262306310 0 0.5 1 0.6 0.5 0.6 0.5 0.5 0.5 0.5 0.5 0.5 0.5 
1262306330 0 0.5 1 0.6 0.5 0.6 0.5 0.5 0.5 0.5 0.5 0.5 0.5 
1262306335 0 0.5 1 0.6 0.5 0.6 0.5 0.5 0.5 0.5 0.5 0.5 0.5 
1262306396 0 0.5 1 0.6 0.5 0.6 0.5 0.5 0.5 0.5 0.5 0.5 0.5 
1262306404 0 0.5 1 0.6 0.5 0.6 0.5 0.5 0.5 0.5 0.5 0.6 0.5 
1262306410 0 0.5 1 0.5 0.5 0.6 0.5 0.5 0.5 0.5 0.5 0.6 0.5 
1262306430 0 0.5 1 0.5 0.5 0.6 0.5 0.5 0.5 0.5 0.5 0.6 0.5 
1262306435 0 0.5 1 0.5 0.5 0.6 0.5 0.5 0.5 0.5 0.5 0.6 0.6 
1262306504 0 0.5 1 0.5 0.5 0.5 0.5 0.5 0.5 0.5 0.5 0.4 0.6 
1262306510 0 0.5 1 0.5 0.5 0.5 0.5 0.5 0.5 0.5 0.5 0.4 0.6 
1262306512 0 0.5 1 0.5 0.5 0.5 0.5 0.5 0.5 0.5 0.5 0.4 0.6 
1262306513 0 0.5 1 0.5 0.5 0.5 0.5 0.5 0.5 0.5 0.5 0.4 0.6 
1262306530 0 0.4 1 0.5 0.5 0.5 0.5 0.5 0.5 0.5 0.5 0.4 0.6 
1262306535 0 0.4 1 0.5 0.5 0.5 0.5 0.5 0.5 0.5 0.5 0.4 0.5 
1262306592 0 0.4 1 0.5 0.5 0.5 0.5 0.5 0.5 0.5 0.5 0.4 0.5 
1262306604 0 0.4 1 0.5 0.5 0.5 0.5 0.5 0.5 0.5 0.5 0.5 0.5 
1262306606 0 0.4 1 0.5 0.5 0.5 0.5 0.5 0.5 0.5 0.5 0.5 0.5 
1262306610 0 0.4 1 0.5 0.5 0.5 0.5 0.5 0.5 0.5 0.5 0.5 0.5 
1262306612 0 0.4 1 0.5 0.5 0.5 0.5 0.5 0.5 0.5 0.4 0.5 0.5 
1262306613 0 0.4 1 0.5 0.5 0.5 0.5 0.5 0.5 0.5 0.4 0.5 0.5 
1262306630 0 0.5 1 0.5 0.5 0.5 0.5 0.5 0.5 0.5 0.4 0.5 0.5 
1262306635 0 0.5 1 0.5 0.5 0.5 0.5 0.5 0.5 0.5 0.4 0.5 0.5 
1262306692 0 0.5 1 0.5 0.5 0.5 0.5 0.5 0.5 0.5 0.4 0.5 0.5 
1262306704 0 0.5 1 0.5 0.5 0.5 0.5 0.5 0.5 0.5 0.4 0.5 0.5 
1262306706 0 0.5 1 0.5 0.5 0.5 0.5 0.5 0.5 0.5 0.4 0.5 0.5 
1262306710 0 0.5 1 0.5 0.5 0.5 0.5 0.5 0.5 0.5 0.4 0.5 0.5 
1262306712 0 0.5 1 0.5 0.5 0.5 0.5 0.5 0.5 0.5 0.4 0.5 0.5 
1262306713 0 0.5 1 0.5 0.5 0.5 0.5 0.5 0.5 0.5 0.4 0.5 0.5 
1262306730 0 0.5 1 0.5 0.5 0.5 0.5 0.5 0.5 0.5 0.4 0.5 0.5 
1262306735 0 0.5 1 0.5 0.5 0.5 0.5 0.5 0.5 0.5 0.4 0.5 0.5 
1262306792 0 0.5 1 0.5 0.5 0.5 0.5 0.5 0.5 0.5 0.4 0.5 0.5 
1262306804 0 0.5 1 0.5 0.5 0.5 0.5 0.5 0.6 0.5 0.4 0.5 0.5 
1262306806 0 0.5 1 0.5 0.5 0.5 0.5 0.5 0.6 0.5 0.4 0.5 0.5 
1262306810 0 0.5 1 0.5 0.5 0.5 0.5 0.5 0.6 0.5 0.4 0.5 0.5 
1262306812 0 0.5 1 0.5 0.5 0.5 0.5 0.5 0.6 0.5 0.6 0.5 0.5 
1262306813 0 0.5 1 0.5 0.5 0.5 0.5 0.5 0.6 0.5 0.6 0.5 0.5 
1262306830 0 0.5 1 0.5 0.5 0.5 0.5 0.5 0.6 0.5 0.6 0.5 0.5 
1262306835 0 0.5 1 0.5 0.5 0.5 0.5 0.5 0.6 0.5 0.6 0.5 0.4 
1262306892 0 0.5 1 0.5 0.5 0.5 0.5 0.5 0.6 0.5 0.6 0.5 0.4 
1262306904 0 0.5 1 0.5 0.5 0.5 0.5 0.5 0.6 0.5 0.6 0.5 0.4 
1262306906 0 0.5 1 0.5 0.5 0.5 0.5 0.5 0.6 0.5 0.6 0.5 0.4 
1262306910 0 0.5 1 0.5 0.5 0.5 0.5 0.5 0.6 0.5 0.6 0.5 0.4 
1262306912 0 0.5 1 0.5 0.5 0.5 0.5 0.5 0.6 0.5 0.6 0.5 0.4 
1262306913 0 0.5 1 0.5 0.5 0.5 0.5 0.5 0.6 0.5 0.6 0.5 0.4 
1262306930 0 0.5 1 0.5 0.5 0.5 0.5 0.5 0.6 0.5 0.6 0.5 0.4 
1262306935 0 0.5 1 0.5 0.5 0.5 0.5 0.5 0.6 0.5 0.6 0.5 0.5 
1262306992 0 0.5 1 0.5 0.5 0.5 0.5 0.5 0.6 0.5 0.6 0.5 0.5 
1262307004 0 0.5 1 0.5 0.5 0.5 0.5 0.5 0.6 0.5 0.6 0.4 0.5 
1262307006 0 0.5 1 0.5 0.5 0.5 0.5 0.5 0.6 0.5 0.6 0.4 0.5 
1262307010 0 0.5 1 0.5 0.5 0.5 0.5 0.5 0.6 0.5 0.6 0.4 0.5 
1262307012 0 0.5 1 0.5 0.5 0.5 0.5 0.5 0.6 0.5 0.6 0.4 0.5 
1262307013 0 0.5 1 0.5 0.5 0.5 0.5 0.5 0.6 0.5 0.6 0.4 0.5 
1262307030 0 0.5 1 0.5 0.5 0.5 0.5 0.5 0.6 0.5 0.6 0.4 0.5 
1262307035 0 0.5 1 0.5 0.5 0.5 0.5 0.5 0.6 0.5 0.6 0.4 0.5 
1262307092 0 0.5 1 0.5 0.5 0.5 0.5 0.5 0.6 0.6 0.6 0.4 0.5 
1262307104 0 0.5 1 0.5 0.5 0.5 0.5 0.5 0.6 0.6 0.6 0.4 0.5 
1262307106 0 0.5 1 0.5 0.5 0.5 0.5 0.5 0.6 0.6 0.6 0.4 0.5 
1262307110 0 0.5 1 0.5 0.5 0.5 0.5 0.5 0.6 0.6 0.6 0.4 0.5 
1262307112 0 0.5 1 0.5 0.5 0.5 0.5 0.5 0.6 0.6 0.6 0.4 0.5 
1262307113 0 0.5 1 0.5 0.5 0.5 0.5 0.5 0.6 0.6 0.6 0.4 0.5 
1262307135 0 0.5 1 0.5 0.5 0.5 0.5 0.5 0.6 0.6 0.6 0.4 0.5 
1262307192 0 0.5 1 0.5 0.5 0.5 0.5 0.5 0.6 0.6 0.6 0.4 0.5 
1262307204 0 0.5 1 0.5 0.5 0.5 0.5 0.5 0.6 0.6 0.6 0.4 0.5 
1262307206 0 0.5 1 0.5 0.5 0.5 0.5 0.5 0.6 0.6 0.6 0.4 0.5 
1262307210 0 0.5 1 0.5 0.5 0.5 0.5 0.5 0.6 0.6 0.6 0.4 0.5 
1262307212 0 0.5 1 0.5 0.5 0.5 0.5 0.5 0.6 0.6 0.6 0.4 0.5 
1262307213 0 0.5 1 0.5 0.5 0.5 0.5 0.5 0.6 0.6 0.6 0.4 0.5 
1262307235 0 0.5 1 0.5 0.5 0.5 0.5 0.5 0.6 0.6 0.6 0.4 0.5 
1262307262 0 0.5 1 0.5 0.5 0.5 0.5 0.5 0.6 0.6 0.6 0.4 0.5 
1262307292 0 0.5 1 0.5 0.5 0.5 0.5 0.5 0.6 0.6 0.6 0.4 0.5 
1262307304 0 0.5 1 0.5 0.5 0.5 0.5 0.5 0.4 0.6 0.6 0.4 0.5 
1262307306 0 0.5 1 0.5 0.5 0.5 0.5 0.5 0.4 0.6 0.6 0.4 0.5 
1262307310 0 0.5 1 0.5 0.5 0.5 0.5 0.5 0.4 0.6 0.6 0.4 0.5 
1262307312 0 0.5 1 0.5 0.5 0.5 0.5 0.5 0.4 0.6 0.5 0.4 0.5 
1262307313 0 0.5 1 0.5 0.5 0.5 0.5 0.5 0.4 0.6 0.5 0.4 0.5 
1262307335 0 0.5 1 0.5 0.5 0.5 0.5 0.5 0.4 0.6 0.5 0.4 0.5 
1262307362 0 0.5 1 0.5 0.5 0.5 0.5 0.5 0.4 0.6 0.5 0.4 0.5 
1262307392 0 0.5 1 0.5 0.5 0.5 0.5 0.5 0.4 0.6 0.5 0.4 0.5 
1262307404 0 0.5 1 0.5 0.5 0.5 0.5 0.5 0.5 0.6 0.5 0.5 0.5 
1262307406 0 0.5 1 0.5 0.5 0.5 0.5 0.5 0.5 0.6 0.5 0.5 0.5 
1262307410 0 0.5 1 0.5 0.5 0.5 0.5 0.5 0.5 0.6 0.5 0.5 0.5 
1262307412 0 0.5 1 0.5 0.5 0.5 0.5 0.5 0.5 0.6 0.5 0.5 0.5 
1262307413 0 0.5 1 0.5 0.5 0.5 0.5 0.5 0.5 0.6 0.5 0.5 0.5 
1262307435 0 0.5 1 0.5 0.5 0.5 0.5 0.5 0.5 0.6 0.5 0.5 0.6 
1262307462 0 0.5 1 0.5 0.5 0.5 0.5 0.5 0.5 0.6 0.5 0.5 0.6 
1262307492 0 0.4 1 0.5 0.5 0.5 0.5 0.5 0.5 0.5 0.5 0.5 0.6 
1262307504 0 0.4 1 0.5 0.5 0.5 0.5 0.5 0.5 0.5 0.5 0.4 0.6 
1262307506 0 0.4 1 0.5 0.5 0.5 0.5 0.5 0.5 0.5 0.5 0.4 0.6 
1262307510 0 0.4 1 0.4 0.5 0.5 0.5 0.5 0.5 0.5 0.5 0.4 0.6 
1262307513 0 0.4 1 0.4 0.5 0.5 0.5 0.5 0.5 0.5 0.5 0.4 0.6 
1262307535 0 0.4 1 0.4 0.5 0.5 0.5 0.5 0.5 0.5 0.5 0.4 0.6 
1262307562 0 0.4 1 0.4 0.5 0.5 0.5 0.5 0.5 0.5 0.5 0.4 0.6 
1262307592 0 0.5 1 0.4 0.5 0.5 0.5 0.5 0.5 0.5 0.5 0.4 0.6 
1262307604 0 0.5 1 0.4 0.5 0.5 0.5 0.5 0.5 0.5 0.5 0.5 0.6 
1262307606 0 0.5 1 0.4 0.5 0.5 0.5 0.5 0.5 0.5 0.5 0.5 0.6 
1262307610 0 0.5 1 0.5 0.5 0.5 0.5 0.5 0.5 0.5 0.5 0.5 0.6 
1262307613 0 0.5 1 0.5 0.5 0.5 0.5 0.5 0.5 0.5 0.5 0.5 0.6 
1262307635 0 0.5 1 0.5 0.5 0.5 0.5 0.5 0.5 0.5 0.5 0.5 0.6 
1262307662 0 0.5 1 0.5 0.5 0.5 0.5 0.5 0.5 0.5 0.5 0.5 0.6 
1262307663 0 0.5 1 0.5 0.5 0.5 0.5 0.5 0.5 0.5 0.5 0.5 0.6 
1262307704 0 0.5 1 0.5 0.5 0.5 0.5 0.5 0.5 0.5 0.5 0.5 0.6 
1262307706 0 0.5 1 0.5 0.5 0.5 0.5 0.5 0.5 0.5 0.5 0.5 0.6 
1262307710 0 0.5 1 0.5 0.5 0.5 0.5 0.5 0.5 0.5 0.5 0.5 0.6 
1262307713 0 0.5 1 0.5 0.5 0.5 0.5 0.5 0.5 0.5 0.5 0.5 0.6 
1262307735 0 0.5 1 0.5 0.5 0.5 0.5 0.5 0.5 0.5 0.5 0.5 0.4 
1262307762 0 0.5 1 0.5 0.5 0.5 0.5 0.5 0.5 0.5 0.5 0.5 0.4 
1262307763 0 0.5 1 0.5 0.5 0.5 0.5 0.5 0.5 0.5 0.5 0.5 0.4 
1262307802 0 0.5 1 0.5 0.5 0.5 0.5 0.5 0.5 0.5 0.5 0.5 0.4 
1262307804 0 0.5 1 0.5 0.5 0.5 0.5 0.5 0.5 0.5 0.5 0.5 0.4 
1262307806 0 0.5 1 0.5 0.5 0.5 0.5 0.5 0.5 0.5 0.5 0.5 0.4 
1262307810 0 0.5 1 0.5 0.5 0.5 0.5 0.5 0.5 0.5 0.5 0.5 0.4 
1262307813 0 0.5 1 0.5 0.5 0.5 0.5 0.5 0.5 0.5 0.5 0.5 0.4 
1262307835 0 0.5 1 0.5 0.5 0.5 0.5 0.5 0.5 0.5 0.5 0.5 0.5 
1262307837 0 0.5 1 0.5 0.5 0.5 0.5 0.5 0.5 0.5 0.5 0.5 0.5 
1262307862 0 0.5 1 0.5 0.5 0.5 0.5 0.5 0.5 0.5 0.5 0.5 0.5 
1262307863 0 0.5 1 0.5 0.5 0.5 0.5 0.5 0.5 0.5 0.5 0.5 0.5 
1262307902 0 0.5 1 0.5 0.5 0.5 0.5 0.5 0.5 0.5 0.5 0.5 0.5 
1262307904 0 0.5 1 0.5 0.5 0.5 0.5 0.5 0.5 0.5 0.5 0.6 0.5 
1262307906 0 0.5 1 0.5 0.5 0.5 0.5 0.5 0.5 0.5 0.5 0.6 0.5 
1262307910 0 0.5 1 0.5 0.5 0.5 0.5 0.5 0.5 0.5 0.5 0.6 0.5 
1262307913 0 0.5 1 0.5 0.5 0.5 0.5 0.5 0.5 0.5 0.5 0.6 0.5 
1262307935 0 0.5 1 0.5 0.5 0.5 0.5 0.5 0.5 0.5 0.5 0.6 0.5 
1262307937 0 0.5 1 0.5 0.5 0.5 0.5 0.5 0.5 0.5 0.5 0.6 0.5 
1262307962 0 0.5 1 0.5 0.5 0.5 0.5 0.5 0.5 0.5 0.5 0.6 0.5 
1262307979 0 0.5 1 0.5 0.5 0.5 0.5 0.5 0.5 0.5 0.5 0.6 0.5 
1262308002 0 0.5 1 0.5 0.5 0.5 0.5 0.5 0.5 0.5 0.5 0.6 0.5 
1262308004 0 0.5 1 0.5 0.5 0.5 0.5 0.5 0.5 0.5 0.5 0.6 0.5 
1262308006 0 0.5 1 0.5 0.5 0.5 0.5 0.5 0.5 0.5 0.5 0.6 0.5 
1262308010 0 0.5 1 0.5 0.5 0.5 0.5 0.5 0.5 0.5 0.5 0.6 0.5 
1262308013 0 0.5 1 0.5 0.5 0.5 0.5 0.5 0.5 0.5 0.5 0.6 0.5 
1262308035 0 0.5 1 0.5 0.5 0.5 0.5 0.5 0.5 0.5 0.5 0.6 0.5 
1262308037 0 0.5 1 0.5 0.5 0.5 0.5 0.5 0.5 0.5 0.5 0.6 0.5 
1262308062 0 0.5 1 0.5 0.5 0.5 0.5 0.5 0.5 0.5 0.5 0.6 0.5 
1262308079 0 0.5 1 0.5 0.5 0.5 0.5 0.5 0.5 0.5 0.5 0.6 0.5 
1262308102 0 0.5 1 0.5 0.5 0.5 0.5 0.5 0.5 0.5 0.5 0.6 0.5 
1262308104 0 0.5 1 0.5 0.5 0.5 0.5 0.5 0.5 0.5 0.5 0.5 0.5 
1262308106 0 0.5 1 0.5 0.5 0.5 0.5 0.5 0.5 0.5 0.5 0.5 0.5 
1262308110 0 0.5 1 0.5 0.5 0.5 0.5 0.5 0.5 0.5 0.5 0.5 0.5 
1262308113 0 0.5 1 0.5 0.5 0.5 0.5 0.5 0.5 0.5 0.5 0.5 0.5 
1262308130 0 0.5 1 0.5 0.5 0.5 0.5 0.5 0.5 0.5 0.5 0.5 0.5 
1262308132 0 0.5 1 0.5 0.5 0.5 0.5 0.5 0.5 0.5 0.5 0.5 0.5 
1262308135 0 0.5 1 0.5 0.5 0.5 0.5 0.5 0.5 0.5 0.5 0.5 0.5 
1262308137 0 0.5 1 0.5 0.5 0.5 0.5 0.5 0.5 0.5 0.5 0.5 0.5 
1262308162 0 0.5 1 0.5 0.5 0.5 0.5 0.5 0.5 0.5 0.5 0.5 0.5 
1262308179 0 0.5 1 0.5 0.5 0.5 0.5 0.5 0.5 0.5 0.5 0.5 0.5 
1262308202 0 0.5 1 0.5 0.5 0.5 0.5 0.5 0.5 0.5 0.5 0.5 0.5 
1262308204 0 0.5 1 0.5 0.5 0.5 0.5 0.5 0.5 0.5 0.5 0.5 0.5 
1262308206 0 0.5 1 0.5 0.5 0.5 0.5 0.5 0.5 0.5 0.5 0.5 0.5 
1262308210 0 0.5 1 0.5 0.5 0.5 0.5 0.5 0.5 0.5 0.5 0.5 0.5 
1262308213 0 0.5 1 0.5 0.5 0.5 0.5 0.5 0.5 0.5 0.5 0.5 0.5 
1262308230 0 0.5 1 0.5 0.5 0.5 0.5 0.5 0.5 0.5 0.5 0.5 0.5 
1262308235 0 0.5 1 0.5 0.5 0.5 0.5 0.5 0.5 0.5 0.5 0.5 0.5 
1262308237 0 0.5 1 0.5 0.5 0.5 0.5 0.5 0.5 0.5 0.5 0.5 0.5 
1262308262 0 0.5 1 0.5 0.5 0.5 0.5 0.5 0.5 0.5 0.5 0.5 0.5 
1262308279 0 0.5 1 0.5 0.5 0.5 0.5 0.5 0.5 0.5 0.5 0.5 0.5 
1262308302 0 0.5 1 0.5 0.5 0.5 0.5 0.5 0.5 0.5 0.5 0.5 0.5 
1262308304 0 0.5 1 0.5 0.5 0.5 0.5 0.5 0.5 0.5 0.5 0.5 0.5 
1262308306 0 0.5 1 0.5 0.5 0.5 0.5 0.5 0.5 0.5 0.5 0.5 0.5 
1262308310 0 0.5 1 0.5 0.5 0.5 0.5 0.5 0.5 0.5 0.5 0.5 0.5 
1262308313 0 0.5 1 0.5 0.5 0.5 0.5 0.5 0.5 0.5 0.5 0.5 0.5 
1262308330 0 0.5 1 0.5 0.5 0.5 0.5 0.5 0.5 0.5 0.5 0.5 0.5 
1262308335 0 0.5 1 0.5 0.5 0.5 0.5 0.5 0.5 0.5 0.5 0.5 0.5 
1262308337 0 0.5 1 0.5 0.5 0.5 0.5 0.5 0.5 0.5 0.5 0.5 0.5 
1262308362 0 0.5 1 0.5 0.5 0.5 0.5 0.5 0.5 0.5 0.5 0.5 0.5 
1262308379 0 0.5 1 0.5 0.5 0.5 0.5 0.5 0.5 0.5 0.5 0.5 0.5 
1262308390 0 0.5 1 0.5 0.5 0.5 0.5 0.5 0.5 0.5 0.5 0.5 0.5 
1262308402 0 0.5 1 0.5 0.5 0.5 0.5 0.5 0.5 0.5 0.5 0.5 0.5 
1262308404 0 0.5 1 0.5 0.5 0.5 0.5 0.5 0.5 0.5 0.5 0.5 0.5 
1262308406 0 0.5 1 0.5 0.5 0.5 0.5 0.4 0.5 0.5 0.5 0.5 0.5 
1262308410 0 0.5 1 0.5 0.5 0.5 0.5 0.4 0.5 0.5 0.5 0.5 0.5 
1262308413 0 0.5 1 0.5 0.5 0.5 0.5 0.4 0.5 0.5 0.5 0.5 0.5 
1262308430 0 0.5 1 0.5 0.5 0.5 0.5 0.4 0.5 0.5 0.5 0.5 0.5 
1262308435 0 0.5 1 0.5 0.5 0.5 0.5 0.4 0.5 0.5 0.5 0.5 0.5 
1262308437 0 0.5 1 0.5 0.5 0.5 0.5 0.4 0.5 0.5 0.5 0.5 0.5 
1262308462 0 0.5 1 0.5 0.5 0.5 0.5 0.4 0.5 0.5 0.5 0.5 0.5 
1262308479 0 0.5 1 0.5 0.5 0.5 0.5 0.4 0.5 0.5 0.5 0.5 0.5 
1262308490 0 0.5 1 0.5 0.5 0.5 0.5 0.4 0.5 0.5 0.5 0.5 0.5 
