arrived:	node1#19	1
arrived:	node3#59	1
arrived:	node1#14	1
arrived:	node3#25	1
arrived:	node3#17	1
arrived:	node3#22	1
arrived:	node1#38	1
arrived:	node3#30	1
arrived:	node1#13	1
arrived:	node1#15	1
arrived:	node3#52	1
arrived:	node3#29	1
arrived:	node1#53	1
arrived:	node1#26	1
arrived:	node1#33	1
arrived:	node1#31	1
arrived:	node3#16	1
arrived:	node1#39	1
arrived:	node1#16	1
arrived:	node3#53	1
arrived:	node1#54	1
arrived:	node1#29	1
arrived:	node1#37	1
arrived:	node1#51	1
arrived:	node1#11	1
arrived:	node1#17	1
arrived:	node3#43	1
arrived:	node1#44	1
arrived:	node3#51	1
arrived:	node3#32	1
arrived:	node1#42	1
arrived:	node3#54	1
arrived:	node3#15	1
arrived:	node1#35	1
arrived:	node3#12	1
arrived:	node1#52	1
arrived:	node3#60	1
arrived:	node1#27	1
arrived:	node1#18	1
arrived:	node3#19	1
arrived:	node1#32	1
arrived:	node1#50	1
arrived:	node3#21	1
arrived:	node3#18	1
arrived:	node3#8	1
arrived:	node3#57	1
arrived:	node1#40	1
arrived:	node1#28	1
arrived:	node3#56	1
arrived:	node3#9	1
arrived:	node3#33	1
arrived:	node3#10	1
arrived:	node1#30	1
arrived:	node3#50	1
arrived:	node3#49	1
arrived:	node1#41	1
arrived:	node3#31	1
arrived:	node3#55	1
arrived:	node1#25	1
arrived:	node1#43	1
arrived:	node3#11	1
arrived:	node3#23	1
arrived:	node3#58	1
arrived:	node3#24	1
arrived:	node1#12	1
NOTIFS:
node3	:	60	sent
node1	:	60	sent
SUBS:
on	node1
	node1	:	32	received
on	node3
	node3	:	33	received
1262304604 - 0.5 - - - - - 0.5 0.5 - 0.5 - 0.5 
1262304704 - 0.5 - - - - 0.5 0.5 0.5 - 0.5 0.5 0.5 
1262304804 - 0.5 - 0.5 0.5 - 0.5 0.5 0.5 - 0.5 0.5 0.5 
1262304904 - 0.5 - 0.5 0.5 - 0.5 0.5 0.5 0.5 0.5 0.5 0.5 
1262305004 - 0.5 - 0.5 0.5 - 0.5 0.5 0.5 0.5 0.5 0.5 0.5 
1262305104 - 0.5 - 0.5 0.5 0.5 0.5 0.5 0.5 0.5 0.5 0.5 0.5 
1262305204 - 0.5 - 0.5 0.5 0.5 0.5 0.5 0.5 0.5 0.5 0.5 0.5 
1262305304 - 0.5 - 0.5 0.5 0.5 0.5 0.5 0.4 0.5 0.5 0.5 0.5 
1262305404 - 0.5 - 0.5 0.5 0.5 0.5 0.5 0.5 0.5 0.5 0.5 0.5 
1262305409 - 0.5 - 0.5 0.5 0.5 0.5 0.5 0.5 0.5 0.5 0.5 0.5 
1262305504 - 0.5 - 0.5 0.5 0.5 0.5 0.5 0.5 0.5 0.5 0.5 0.5 
1262305509 - 0.5 - 0.5 0.5 0.5 0.5 0.5 0.5 0.5 0.5 0.5 0.5 
1262305594 - 0.5 - 0.5 0.5 0.5 0.5 0.5 0.5 0.5 0.5 0.5 0.5 
1262305604 - 0.5 1 0.5 0.5 0.5 0.5 0.5 0.5 0.5 0.5 0.5 0.5 
1262305609 - 0.5 1 0.5 0.5 0.5 0.5 0.5 0.5 0.5 0.5 0.5 0.5 
1262305694 - 0.5 1 0.5 0.5 0.5 0.5 0.5 0.5 0.5 0.5 0.5 0.5 
1262305704 0 0.5 1 0.5 0.5 0.5 0.5 0.5 0.5 0.5 0.5 0.5 0.5 
1262305709 0 0.5 1 0.5 0.5 0.5 0.5 0.4 0.5 0.5 0.5 0.5 0.5 
1262305794 0 0.5 1 0.5 0.5 0.5 0.5 0.4 0.5 0.5 0.5 0.5 0.5 
1262305804 0 0.5 1 0.5 0.5 0.5 0.5 0.4 0.5 0.5 0.5 0.5 0.5 
1262305809 0 0.5 1 0.5 0.5 0.5 0.5 0.4 0.5 0.5 0.5 0.5 0.5 
1262305894 0 0.5 1 0.5 0.5 0.5 0.5 0.4 0.5 0.5 0.5 0.5 0.5 
1262305904 0 0.5 1 0.5 0.5 0.5 0.5 0.4 0.3 0.5 0.5 0.5 0.5 
1262305909 0 0.5 1 0.5 0.5 0.5 0.5 0.4 0.3 0.5 0.5 0.5 0.5 
1262305994 0 0.5 1 0.5 0.5 0.5 0.5 0.4 0.3 0.5 0.5 0.5 0.5 
1262306004 0 0.5 1 0.5 0.5 0.5 0.5 0.4 0.3 0.5 0.5 0.5 0.5 
1262306009 0 0.5 1 0.5 0.5 0.5 0.5 0.4 0.3 0.5 0.5 0.5 0.5 
1262306104 0 0.5 1 0.5 0.5 0.5 0.4 0.4 0.3 0.5 0.5 0.5 0.5 
1262306109 0 0.5 1 0.5 0.5 0.5 0.4 0.4 0.3 0.5 0.5 0.5 0.5 
1262306203 0 0.5 1 0.5 0.5 0.5 0.4 0.4 0.3 0.5 0.5 0.5 0.5 
1262306204 0 0.5 1 0.4 0.5 0.5 0.5 0.4 0.5 0.5 0.5 0.5 0.5 
1262306209 0 0.5 1 0.4 0.5 0.5 0.5 0.5 0.5 0.5 0.5 0.5 0.5 
1262306303 0 0.5 1 0.4 0.5 0.5 0.5 0.5 0.5 0.5 0.5 0.5 0.5 
1262306304 0 0.5 1 0.4 0.5 0.5 0.5 0.5 0.5 0.5 0.5 0.5 0.5 
1262306309 0 0.5 1 0.4 0.5 0.5 0.5 0.5 0.5 0.5 0.5 0.5 0.5 
1262306403 0 0.5 1 0.4 0.5 0.5 0.5 0.5 0.5 0.5 0.5 0.5 0.5 
1262306404 0 0.5 1 0.6 0.5 0.5 0.6 0.5 0.5 0.5 0.4 0.5 0.4 
1262306409 0 0.5 1 0.6 0.5 0.5 0.6 0.5 0.5 0.5 0.4 0.5 0.4 
1262306504 0 0.5 1 0.5 0.5 0.5 0.5 0.5 0.5 0.5 0.5 0.5 0.4 
1262306509 0 0.5 1 0.5 0.5 0.5 0.5 0.5 0.5 0.5 0.5 0.5 0.4 
1262306604 0 0.5 1 0.5 0.5 0.4 0.5 0.5 0.5 0.5 0.5 0.5 0.4 
1262306609 0 0.5 1 0.5 0.5 0.4 0.5 0.4 0.5 0.5 0.5 0.5 0.4 
1262306625 0 0.4 1 0.5 0.5 0.4 0.5 0.4 0.5 0.5 0.5 0.5 0.4 
1262306704 0 0.4 1 0.5 0.5 0.4 0.5 0.4 0.5 0.5 0.5 0.5 0.4 
1262306709 0 0.4 1 0.5 0.5 0.4 0.5 0.4 0.5 0.5 0.5 0.5 0.4 
1262306725 0 0.5 1 0.5 0.5 0.4 0.5 0.4 0.5 0.5 0.5 0.5 0.4 
1262306804 0 0.5 1 0.5 0.5 0.4 0.5 0.4 0.5 0.5 0.5 0.5 0.4 
1262306809 0 0.5 1 0.5 0.5 0.4 0.5 0.5 0.5 0.5 0.5 0.5 0.4 
1262306825 0 0.5 1 0.5 0.5 0.4 0.5 0.5 0.5 0.5 0.5 0.5 0.4 
1262306904 0 0.5 1 0.5 0.5 0.4 0.5 0.5 0.5 0.5 0.5 0.5 0.4 
1262306909 0 0.5 1 0.5 0.5 0.4 0.5 0.5 0.5 0.5 0.5 0.5 0.4 
1262306925 0 0.5 1 0.5 0.5 0.4 0.5 0.5 0.5 0.5 0.5 0.5 0.4 
1262307004 0 0.5 1 0.5 0.5 0.5 0.5 0.5 0.5 0.5 0.5 0.5 0.5 
1262307009 0 0.5 1 0.5 0.5 0.5 0.5 0.5 0.5 0.5 0.5 0.5 0.5 
1262307025 0 0.5 1 0.5 0.5 0.5 0.5 0.5 0.5 0.5 0.5 0.5 0.5 
1262307104 0 0.5 1 0.5 0.5 0.5 0.5 0.5 0.5 0.5 0.5 0.5 0.5 
1262307109 0 0.5 1 0.5 0.5 0.5 0.5 0.5 0.5 0.5 0.5 0.5 0.5 
1262307125 0 0.5 1 0.5 0.5 0.5 0.5 0.5 0.5 0.5 0.5 0.5 0.5 
1262307204 0 0.5 1 0.5 0.5 0.5 0.5 0.5 0.5 0.5 0.5 0.5 0.5 
1262307209 0 0.5 1 0.5 0.5 0.5 0.5 0.5 0.5 0.5 0.5 0.5 0.5 
1262307225 0 0.5 1 0.5 0.5 0.5 0.5 0.5 0.5 0.5 0.5 0.5 0.5 
1262307238 0 0.5 1 0.5 0.5 0.5 0.5 0.5 0.5 0.5 0.5 0.5 0.5 
1262307304 0 0.5 1 0.5 0.5 0.5 0.5 0.5 0.5 0.5 0.5 0.5 0.5 
1262307309 0 0.5 1 0.5 0.5 0.5 0.5 0.5 0.5 0.5 0.5 0.5 0.5 
1262307325 0 0.5 1 0.5 0.5 0.5 0.5 0.5 0.5 0.5 0.5 0.5 0.5 
1262307338 0 0.5 1 0.5 0.5 0.5 0.5 0.5 0.5 0.5 0.5 0.5 0.5 
1262307404 0 0.5 1 0.5 0.5 0.5 0.5 0.5 0.5 0.5 0.5 0.5 0.5 
1262307409 0 0.5 1 0.5 0.5 0.5 0.5 0.5 0.5 0.5 0.5 0.5 0.5 
1262307425 0 0.5 1 0.5 0.5 0.5 0.5 0.5 0.5 0.5 0.5 0.5 0.5 
1262307504 0 0.5 1 0.5 0.5 0.5 0.5 0.5 0.5 0.5 0.5 0.5 0.5 
1262307509 0 0.5 1 0.5 0.5 0.5 0.5 0.5 0.5 0.5 0.5 0.5 0.5 
1262307525 0 0.4 1 0.5 0.5 0.5 0.5 0.5 0.5 0.5 0.5 0.5 0.5 
1262307578 0 0.4 1 0.5 0.5 0.5 0.5 0.5 0.5 0.5 0.5 0.5 0.5 
1262307580 0 0.4 1 0.5 0.5 0.5 0.5 0.5 0.5 0.4 0.5 0.5 0.5 
1262307604 0 0.4 1 0.5 0.5 0.5 0.5 0.5 0.5 0.4 0.5 0.5 0.5 
1262307609 0 0.4 1 0.5 0.5 0.5 0.5 0.5 0.5 0.4 0.5 0.5 0.5 
1262307625 0 0.5 1 0.5 0.5 0.5 0.5 0.5 0.5 0.4 0.5 0.5 0.5 
1262307656 0 0.5 1 0.5 0.5 0.5 0.5 0.5 0.5 0.4 0.5 0.5 0.5 
1262307678 0 0.5 1 0.5 0.5 0.5 0.5 0.5 0.5 0.4 0.5 0.5 0.5 
1262307680 0 0.5 1 0.5 0.5 0.5 0.5 0.5 0.5 0.4 0.5 0.5 0.5 
1262307704 0 0.5 1 0.5 0.5 0.5 0.5 0.5 0.5 0.4 0.5 0.5 0.5 
1262307709 0 0.5 1 0.5 0.5 0.5 0.5 0.5 0.5 0.4 0.5 0.5 0.5 
1262307725 0 0.5 1 0.5 0.5 0.5 0.5 0.5 0.5 0.4 0.5 0.5 0.5 
1262307756 0 0.5 1 0.5 0.5 0.5 0.5 0.5 0.5 0.4 0.5 0.5 0.5 
1262307778 0 0.5 1 0.5 0.5 0.5 0.5 0.5 0.5 0.4 0.5 0.5 0.5 
1262307780 0 0.5 1 0.5 0.5 0.5 0.5 0.5 0.5 0.4 0.5 0.5 0.5 
1262307804 0 0.5 1 0.5 0.5 0.5 0.6 0.5 0.5 0.4 0.5 0.5 0.5 
1262307809 0 0.5 1 0.5 0.5 0.5 0.6 0.6 0.5 0.4 0.5 0.5 0.5 
1262307825 0 0.5 1 0.5 0.5 0.5 0.6 0.6 0.5 0.4 0.5 0.5 0.5 
1262307845 0 0.5 1 0.5 0.5 0.5 0.6 0.6 0.5 0.4 0.5 0.5 0.5 
1262307856 0 0.5 1 0.5 0.5 0.5 0.6 0.6 0.5 0.4 0.5 0.5 0.5 
1262307878 0 0.5 1 0.5 0.5 0.5 0.6 0.6 0.5 0.4 0.5 0.5 0.5 
1262307880 0 0.5 1 0.5 0.5 0.5 0.6 0.6 0.5 0.4 0.5 0.5 0.5 
1262307891 0 0.5 1 0.5 0.5 0.5 0.6 0.6 0.5 0.4 0.5 0.5 0.5 
1262307904 0 0.5 1 0.5 0.5 0.5 0.5 0.6 0.5 0.4 0.5 0.4 0.5 
1262307925 0 0.5 1 0.5 0.5 0.5 0.5 0.6 0.5 0.4 0.5 0.4 0.5 
1262307945 0 0.5 1 0.5 0.5 0.5 0.5 0.6 0.5 0.4 0.5 0.4 0.5 
1262307956 0 0.5 1 0.5 0.5 0.5 0.5 0.6 0.5 0.4 0.5 0.4 0.5 
1262307978 0 0.5 1 0.5 0.5 0.5 0.5 0.6 0.5 0.4 0.5 0.4 0.5 
1262307980 0 0.5 1 0.5 0.5 0.5 0.5 0.6 0.5 0.4 0.5 0.4 0.5 
1262307991 0 0.5 1 0.5 0.5 0.5 0.5 0.6 0.5 0.4 0.5 0.4 0.5 
1262308001 0 0.5 1 0.5 0.5 0.5 0.5 0.6 0.5 0.4 0.5 0.4 0.5 
1262308004 0 0.5 1 0.5 0.5 0.5 0.5 0.6 0.5 0.4 0.5 0.5 0.5 
1262308025 0 0.5 1 0.5 0.5 0.5 0.5 0.6 0.5 0.4 0.5 0.5 0.5 
1262308045 0 0.5 1 0.5 0.5 0.5 0.5 0.6 0.5 0.4 0.5 0.5 0.5 
1262308056 0 0.5 1 0.5 0.5 0.5 0.5 0.6 0.5 0.4 0.5 0.5 0.5 
1262308078 0 0.5 1 0.5 0.5 0.5 0.5 0.6 0.5 0.4 0.5 0.5 0.5 
1262308080 0 0.5 1 0.5 0.5 0.5 0.5 0.6 0.5 0.4 0.5 0.5 0.5 
1262308091 0 0.5 1 0.5 0.5 0.5 0.5 0.6 0.5 0.4 0.5 0.5 0.5 
1262308101 0 0.5 1 0.5 0.5 0.5 0.5 0.5 0.5 0.4 0.5 0.5 0.5 
1262308104 0 0.5 1 0.5 0.5 0.5 0.5 0.5 0.5 0.4 0.5 0.5 0.5 
1262308125 0 0.5 1 0.5 0.5 0.5 0.5 0.5 0.5 0.4 0.5 0.5 0.5 
1262308145 0 0.5 1 0.5 0.5 0.5 0.5 0.5 0.5 0.4 0.5 0.5 0.5 
1262308156 0 0.5 1 0.5 0.5 0.5 0.5 0.5 0.5 0.4 0.5 0.5 0.5 
1262308178 0 0.5 1 0.5 0.5 0.5 0.5 0.5 0.5 0.4 0.5 0.5 0.5 
1262308180 0 0.5 1 0.5 0.5 0.5 0.5 0.5 0.5 0.6 0.5 0.5 0.5 
1262308201 0 0.5 1 0.5 0.5 0.5 0.5 0.5 0.5 0.6 0.5 0.5 0.5 
1262308204 0 0.5 1 0.5 0.5 0.5 0.5 0.5 0.5 0.6 0.5 0.5 0.5 
1262308225 0 0.5 1 0.5 0.5 0.5 0.5 0.5 0.5 0.6 0.5 0.5 0.5 
1262308245 0 0.5 1 0.5 0.5 0.5 0.5 0.5 0.5 0.6 0.5 0.5 0.5 
1262308256 0 0.5 1 0.5 0.5 0.5 0.5 0.5 0.5 0.6 0.5 0.5 0.5 
1262308278 0 0.5 1 0.5 0.5 0.5 0.5 0.5 0.5 0.6 0.5 0.5 0.5 
1262308280 0 0.5 1 0.5 0.5 0.5 0.5 0.5 0.5 0.5 0.5 0.5 0.5 
1262308291 0 0.5 1 0.5 0.5 0.5 0.5 0.5 0.5 0.5 0.5 0.5 0.5 
1262308301 0 0.5 1 0.5 0.5 0.5 0.5 0.5 0.5 0.5 0.5 0.5 0.5 
1262308304 0 0.5 1 0.4 0.5 0.5 0.5 0.5 0.5 0.5 0.5 0.5 0.5 
1262308325 0 0.5 1 0.4 0.5 0.5 0.5 0.5 0.5 0.5 0.5 0.5 0.5 
1262308331 0 0.5 1 0.4 0.5 0.5 0.5 0.5 0.5 0.5 0.5 0.5 0.5 
1262308345 0 0.5 1 0.4 0.5 0.5 0.5 0.5 0.5 0.5 0.5 0.5 0.5 
1262308356 0 0.5 1 0.4 0.5 0.5 0.5 0.5 0.5 0.5 0.5 0.5 0.5 
1262308378 0 0.5 1 0.4 0.5 0.5 0.5 0.5 0.5 0.5 0.5 0.5 0.5 
1262308380 0 0.5 1 0.4 0.5 0.5 0.5 0.5 0.5 0.5 0.5 0.5 0.5 
1262308391 0 0.5 1 0.4 0.5 0.5 0.5 0.5 0.5 0.5 0.5 0.5 0.4 
1262308401 0 0.5 1 0.4 0.5 0.5 0.5 0.5 0.5 0.5 0.5 0.5 0.4 
1262308404 0 0.5 1 0.4 0.5 0.5 0.5 0.5 0.5 0.5 0.5 0.5 0.4 
1262308425 0 0.5 1 0.4 0.5 0.5 0.5 0.5 0.5 0.5 0.5 0.5 0.4 
1262308431 0 0.5 1 0.4 0.5 0.5 0.5 0.5 0.5 0.5 0.5 0.5 0.4 
1262308445 0 0.5 1 0.4 0.5 0.5 0.5 0.5 0.5 0.5 0.5 0.5 0.4 
1262308456 0 0.5 1 0.4 0.5 0.5 0.5 0.5 0.5 0.5 0.5 0.5 0.4 
1262308478 0 0.5 1 0.4 0.5 0.5 0.5 0.5 0.5 0.5 0.5 0.5 0.4 
1262308480 0 0.5 1 0.4 0.5 0.5 0.5 0.5 0.5 0.5 0.5 0.5 0.4 
1262308491 0 0.5 1 0.4 0.5 0.5 0.5 0.5 0.5 0.5 0.5 0.5 0.4 
