arrived:	node1#19	1
arrived:	node3#7	1
arrived:	node3#50	1
arrived:	node3#17	1
arrived:	node3#4	1
arrived:	node1#38	1
arrived:	node3#30	1
arrived:	node1#21	1
arrived:	node1#15	1
arrived:	node3#5	1
arrived:	node3#52	1
arrived:	node3#20	1
arrived:	node3#37	1
arrived:	node3#29	1
arrived:	node3#57	1
arrived:	node1#1	1
arrived:	node1#26	1
arrived:	node1#33	1
arrived:	node3#48	1
arrived:	node1#4	1
arrived:	node3#16	1
arrived:	node1#39	1
arrived:	node1#16	1
arrived:	node3#53	1
arrived:	node1#37	1
arrived:	node1#20	1
arrived:	node1#6	1
arrived:	node1#17	1
arrived:	node1#5	1
arrived:	node3#51	1
arrived:	node3#32	1
arrived:	node3#40	1
arrived:	node3#27	1
arrived:	node3#54	1
arrived:	node1#35	1
arrived:	node1#22	1
arrived:	node3#3	1
arrived:	node1#18	1
arrived:	node1#25	1
arrived:	node3#6	1
arrived:	node1#3	1
arrived:	node1#32	1
arrived:	node3#38	1
arrived:	node1#23	1
arrived:	node3#18	1
arrived:	node3#36	1
arrived:	node1#8	1
arrived:	node3#8	1
arrived:	node3#28	1
arrived:	node1#40	1
arrived:	node3#55	1
arrived:	node3#56	1
arrived:	node1#7	1
arrived:	node3#19	1
arrived:	node3#49	1
arrived:	node3#47	1
arrived:	node1#41	1
arrived:	node3#31	1
arrived:	node1#24	1
arrived:	node1#34	1
arrived:	node3#39	1
arrived:	node3#41	1
arrived:	node1#36	1
arrived:	node3#35	1
arrived:	node1#2	1
arrived:	node1#13	1
NOTIFS:
node3	:	60	sent
node1	:	60	sent
SUBS:
on	node1
	node1	:	31	received
on	node3
	node3	:	35	received
1262304604 - 0.5 - 0.5 0.5 0.5 0.5 0.5 - - - - - 
1262304704 - 0.5 - 0.5 0.5 0.5 0.5 0.5 0.5 0.5 0.5 0.5 - 
1262304804 - 0.5 - 0.5 0.5 0.5 0.5 0.5 0.5 0.5 0.5 0.5 - 
1262304893 - 0.5 - 0.5 0.5 0.5 0.5 0.5 0.5 0.5 0.5 0.5 - 
1262304904 0 0.5 - 0.5 0.5 0.5 0.5 0.5 0.5 0.5 0.5 0.5 - 
1262304993 0 0.5 - 0.5 0.5 0.5 0.5 0.5 0.5 0.5 0.5 0.5 - 
1262305004 0 0.5 - 0.5 0.5 0.5 0.5 0.5 0.5 0.5 0.5 0.5 0.44444444444444 
1262305027 0 0.5 - 0.5 0.5 0.5 0.5 0.5 0.5 0.5 0.5 0.5 0.44444444444444 
1262305093 0 0.5 - 0.5 0.5 0.5 0.5 0.5 0.5 0.5 0.5 0.5 0.44444444444444 
1262305104 0 0.5 1 0.5 0.5 0.5 0.6 0.5 0.5 0.5 0.5 0.4 0.44444444444444 
1262305127 0 0.5 1 0.5 0.5 0.5 0.6 0.5 0.5 0.5 0.5 0.4 0.44444444444444 
1262305193 0 0.5 1 0.5 0.5 0.5 0.6 0.5 0.5 0.5 0.5 0.4 0.44444444444444 
1262305204 0 0.5 1 0.5 0.5 0.5 0.6 0.5 0.5 0.5 0.5 0.5 0.5 
1262305227 0 0.5 1 0.5 0.5 0.5 0.6 0.5 0.5 0.5 0.5 0.5 0.5 
1262305293 0 0.5 1 0.5 0.5 0.5 0.6 0.5 0.5 0.5 0.5 0.5 0.5 
1262305304 0 0.5 1 0.5 0.5 0.5 0.5 0.5 0.5 0.5 0.5 0.5 0.5 
1262305327 0 0.5 1 0.5 0.5 0.5 0.5 0.5 0.5 0.5 0.5 0.5 0.5 
1262305393 0 0.5 1 0.5 0.5 0.5 0.5 0.5 0.5 0.5 0.5 0.5 0.5 
1262305404 0 0.5 1 0.5 0.5 0.5 0.5 0.5 0.4 0.5 0.5 0.5 0.5 
1262305427 0 0.5 1 0.5 0.5 0.5 0.5 0.5 0.4 0.5 0.5 0.5 0.5 
1262305493 0 0.5 1 0.5 0.5 0.5 0.5 0.5 0.4 0.5 0.5 0.5 0.5 
1262305504 0 0.5 1 0.5 0.5 0.5 0.5 0.5 0.5 0.5 0.5 0.5 0.5 
1262305515 0 0.5 1 0.5 0.5 0.5 0.5 0.5 0.5 0.5 0.5 0.5 0.5 
1262305527 0 0.5 1 0.5 0.5 0.5 0.5 0.6 0.5 0.5 0.5 0.5 0.5 
1262305593 0 0.5 1 0.5 0.5 0.5 0.5 0.6 0.5 0.5 0.5 0.5 0.5 
1262305604 0 0.5 1 0.5 0.5 0.5 0.5 0.6 0.4 0.5 0.5 0.4 0.5 
1262305615 0 0.5 1 0.5 0.5 0.5 0.5 0.6 0.4 0.5 0.5 0.4 0.5 
1262305627 0 0.5 1 0.5 0.5 0.5 0.5 0.5 0.4 0.5 0.5 0.4 0.5 
1262305693 0 0.5 1 0.5 0.5 0.5 0.5 0.5 0.4 0.5 0.5 0.4 0.5 
1262305704 0 0.5 1 0.5 0.5 0.5 0.5 0.5 0.5 0.5 0.5 0.5 0.5 
1262305715 0 0.5 1 0.5 0.5 0.5 0.5 0.5 0.5 0.5 0.5 0.5 0.5 
1262305727 0 0.5 1 0.5 0.5 0.5 0.5 0.5 0.5 0.5 0.5 0.5 0.5 
1262305793 0 0.5 1 0.5 0.5 0.5 0.5 0.5 0.5 0.5 0.5 0.5 0.5 
1262305804 0 0.5 1 0.5 0.5 0.5 0.5 0.5 0.5 0.5 0.5 0.5 0.5 
1262305815 0 0.5 1 0.5 0.5 0.5 0.5 0.5 0.5 0.5 0.5 0.5 0.5 
1262305827 0 0.5 1 0.5 0.5 0.5 0.5 0.5 0.5 0.5 0.5 0.5 0.5 
1262305870 0 0.5 1 0.5 0.5 0.5 0.5 0.5 0.5 0.5 0.5 0.5 0.5 
1262305893 0 0.5 1 0.5 0.5 0.5 0.5 0.5 0.5 0.5 0.5 0.5 0.5 
1262305904 0 0.5 1 0.5 0.5 0.5 0.5 0.5 0.5 0.5 0.5 0.5 0.5 
1262305927 0 0.5 1 0.5 0.5 0.5 0.5 0.5 0.5 0.5 0.5 0.5 0.5 
1262305970 0 0.5 1 0.5 0.5 0.5 0.5 0.5 0.5 0.5 0.5 0.5 0.5 
1262305993 0 0.5 1 0.5 0.5 0.5 0.5 0.5 0.5 0.5 0.5 0.5 0.5 
1262306004 0 0.5 1 0.5 0.5 0.5 0.5 0.5 0.5 0.5 0.5 0.5 0.5 
1262306027 0 0.5 1 0.5 0.5 0.5 0.5 0.5 0.5 0.5 0.5 0.5 0.5 
1262306036 0 0.5 1 0.5 0.5 0.5 0.5 0.5 0.5 0.5 0.5 0.5 0.5 
1262306070 0 0.5 1 0.5 0.5 0.5 0.5 0.5 0.5 0.5 0.5 0.5 0.5 
1262306093 0 0.5 1 0.5 0.5 0.5 0.5 0.5 0.5 0.5 0.5 0.5 0.5 
1262306104 0 0.5 1 0.6 0.5 0.5 0.5 0.5 0.5 0.5 0.5 0.5 0.5 
1262306127 0 0.5 1 0.6 0.5 0.5 0.5 0.5 0.5 0.5 0.5 0.5 0.5 
1262306136 0 0.5 1 0.6 0.5 0.5 0.5 0.5 0.5 0.5 0.5 0.5 0.5 
1262306170 0 0.5 1 0.6 0.5 0.5 0.5 0.5 0.5 0.5 0.5 0.5 0.5 
1262306193 0 0.5 1 0.6 0.5 0.5 0.5 0.5 0.5 0.5 0.5 0.5 0.5 
1262306204 0 0.5 1 0.5 0.5 0.5 0.5 0.5 0.6 0.5 0.5 0.6 0.5 
1262306227 0 0.5 1 0.5 0.5 0.5 0.5 0.5 0.6 0.5 0.5 0.6 0.5 
1262306236 0 0.5 1 0.5 0.5 0.5 0.5 0.5 0.6 0.5 0.5 0.6 0.5 
1262306261 0 0.5 1 0.5 0.5 0.5 0.5 0.5 0.6 0.5 0.5 0.6 0.5 
1262306270 0 0.5 1 0.5 0.5 0.5 0.5 0.5 0.6 0.5 0.5 0.6 0.5 
1262306304 0 0.5 1 0.5 0.5 0.5 0.5 0.5 0.5 0.5 0.5 0.5 0.6 
1262306327 0 0.5 1 0.5 0.5 0.5 0.5 0.5 0.5 0.5 0.5 0.5 0.6 
1262306370 0 0.5 1 0.5 0.5 0.5 0.5 0.5 0.5 0.5 0.5 0.5 0.6 
1262306371 0 0.5 1 0.5 0.5 0.5 0.5 0.5 0.5 0.5 0.5 0.5 0.6 
1262306394 0 0.5 1 0.5 0.5 0.5 0.5 0.5 0.5 0.5 0.5 0.5 0.6 
1262306404 0 0.5 1 0.5 0.5 0.5 0.5 0.5 0.5 0.5 0.5 0.5 0.5 
1262306427 0 0.5 1 0.5 0.5 0.5 0.5 0.5 0.5 0.5 0.5 0.5 0.5 
1262306470 0 0.5 1 0.5 0.5 0.5 0.5 0.5 0.5 0.5 0.5 0.5 0.5 
1262306471 0 0.5 1 0.5 0.5 0.5 0.5 0.5 0.5 0.5 0.5 0.5 0.5 
1262306494 0 0.5 1 0.5 0.5 0.5 0.5 0.5 0.5 0.5 0.5 0.5 0.5 
1262306504 0 0.5 1 0.5 0.5 0.5 0.5 0.5 0.5 0.5 0.5 0.5 0.5 
1262306519 0 0.5 1 0.5 0.5 0.5 0.5 0.5 0.5 0.5 0.5 0.5 0.5 
1262306527 0 0.5 1 0.5 0.5 0.5 0.5 0.5 0.5 0.5 0.5 0.5 0.5 
1262306570 0 0.5 1 0.5 0.5 0.5 0.5 0.5 0.5 0.5 0.5 0.5 0.5 
1262306571 0 0.5 1 0.5 0.5 0.5 0.5 0.5 0.5 0.5 0.5 0.5 0.5 
1262306594 0 0.5 1 0.5 0.5 0.5 0.5 0.5 0.5 0.5 0.5 0.5 0.5 
1262306604 0 0.5 1 0.5 0.5 0.5 0.5 0.5 0.5 0.5 0.5 0.5 0.5 
1262306619 0 0.5 1 0.5 0.5 0.5 0.5 0.5 0.5 0.5 0.5 0.5 0.5 
1262306627 0 0.5 1 0.5 0.5 0.5 0.5 0.5 0.5 0.5 0.5 0.5 0.5 
1262306670 0 0.5 1 0.5 0.5 0.5 0.5 0.5 0.5 0.5 0.5 0.5 0.5 
1262306671 0 0.5 1 0.5 0.5 0.5 0.5 0.5 0.5 0.5 0.5 0.5 0.5 
1262306694 0 0.5 1 0.5 0.5 0.5 0.5 0.5 0.5 0.5 0.5 0.5 0.5 
1262306704 0 0.5 1 0.5 0.5 0.5 0.5 0.5 0.5 0.5 0.5 0.5 0.5 
1262306719 0 0.5 1 0.5 0.5 0.5 0.5 0.5 0.5 0.5 0.5 0.5 0.5 
1262306727 0 0.5 1 0.5 0.5 0.5 0.5 0.5 0.5 0.5 0.5 0.5 0.5 
1262306770 0 0.5 1 0.5 0.5 0.5 0.5 0.5 0.5 0.5 0.5 0.5 0.5 
1262306794 0 0.5 1 0.5 0.5 0.5 0.5 0.5 0.5 0.5 0.5 0.5 0.5 
1262306804 0 0.5 1 0.5 0.5 0.5 0.5 0.5 0.5 0.5 0.5 0.5 0.5 
1262306819 0 0.5 1 0.5 0.5 0.5 0.5 0.5 0.5 0.5 0.5 0.5 0.5 
1262306827 0 0.5 1 0.5 0.5 0.5 0.5 0.5 0.5 0.5 0.5 0.5 0.5 
1262306870 0 0.5 1 0.5 0.5 0.5 0.5 0.5 0.5 0.5 0.5 0.5 0.5 
1262306879 0 0.5 1 0.5 0.5 0.5 0.5 0.5 0.5 0.5 0.5 0.5 0.5 
1262306894 0 0.5 1 0.5 0.5 0.5 0.5 0.5 0.5 0.5 0.5 0.5 0.5 
1262306904 0 0.5 1 0.5 0.5 0.5 0.6 0.5 0.5 0.5 0.5 0.5 0.5 
1262306919 0 0.5 1 0.5 0.5 0.5 0.6 0.5 0.5 0.5 0.5 0.5 0.5 
1262306927 0 0.5 1 0.5 0.5 0.5 0.6 0.5 0.5 0.5 0.5 0.5 0.5 
1262306941 0 0.5 1 0.5 0.5 0.5 0.6 0.5 0.5 0.5 0.5 0.5 0.5 
1262306970 0 0.5 1 0.5 0.5 0.5 0.6 0.5 0.5 0.5 0.5 0.5 0.5 
1262306973 0 0.5 1 0.5 0.5 0.5 0.6 0.5 0.5 0.5 0.5 0.5 0.5 
1262306979 0 0.5 1 0.5 0.7 0.5 0.6 0.5 0.5 0.5 0.5 0.5 0.5 
1262306994 0 0.5 1 0.5 0.7 0.5 0.6 0.5 0.5 0.5 0.5 0.5 0.5 
1262307004 0 0.5 1 0.5 0.7 0.5 0.5 0.5 0.5 0.5 0.5 0.5 0.5 
1262307019 0 0.5 1 0.5 0.7 0.5 0.5 0.5 0.5 0.5 0.5 0.5 0.5 
1262307027 0 0.5 1 0.5 0.7 0.5 0.5 0.5 0.5 0.5 0.5 0.5 0.5 
1262307041 0 0.5 1 0.5 0.7 0.5 0.5 0.5 0.5 0.5 0.5 0.5 0.5 
1262307070 0 0.5 1 0.5 0.7 0.5 0.5 0.5 0.5 0.5 0.5 0.5 0.5 
1262307073 0 0.5 1 0.5 0.7 0.5 0.5 0.5 0.5 0.5 0.5 0.5 0.5 
1262307079 0 0.5 1 0.5 0.5 0.5 0.5 0.5 0.5 0.5 0.5 0.5 0.5 
1262307094 0 0.5 1 0.5 0.5 0.5 0.5 0.5 0.5 0.5 0.5 0.5 0.5 
1262307104 0 0.5 1 0.5 0.5 0.5 0.5 0.5 0.5 0.5 0.5 0.5 0.5 
1262307119 0 0.5 1 0.5 0.5 0.5 0.5 0.5 0.5 0.5 0.5 0.5 0.5 
1262307127 0 0.5 1 0.5 0.5 0.5 0.5 0.5 0.5 0.5 0.5 0.5 0.5 
1262307141 0 0.5 1 0.5 0.5 0.5 0.5 0.5 0.5 0.5 0.5 0.5 0.5 
1262307170 0 0.5 1 0.5 0.5 0.5 0.5 0.5 0.5 0.5 0.5 0.5 0.5 
1262307173 0 0.5 1 0.5 0.5 0.5 0.5 0.5 0.5 0.5 0.5 0.5 0.5 
1262307179 0 0.5 1 0.5 0.5 0.5 0.5 0.5 0.5 0.5 0.5 0.5 0.5 
1262307194 0 0.5 1 0.5 0.5 0.5 0.5 0.5 0.5 0.5 0.6 0.5 0.5 
1262307204 0 0.5 1 0.5 0.5 0.5 0.5 0.5 0.5 0.5 0.6 0.5 0.5 
1262307218 0 0.5 1 0.5 0.5 0.5 0.5 0.5 0.5 0.5 0.6 0.5 0.5 
1262307219 0 0.5 1 0.5 0.5 0.5 0.5 0.5 0.5 0.5 0.6 0.5 0.5 
1262307227 0 0.5 1 0.5 0.5 0.5 0.5 0.5 0.5 0.5 0.6 0.5 0.5 
1262307241 0 0.5 1 0.5 0.5 0.5 0.5 0.5 0.5 0.5 0.6 0.5 0.5 
1262307270 0 0.5 1 0.5 0.5 0.5 0.5 0.5 0.5 0.5 0.6 0.5 0.5 
1262307273 0 0.5 1 0.5 0.5 0.5 0.5 0.5 0.5 0.5 0.6 0.5 0.5 
1262307279 0 0.5 1 0.5 0.5 0.5 0.5 0.5 0.5 0.5 0.6 0.5 0.5 
1262307294 0 0.5 1 0.5 0.5 0.5 0.5 0.5 0.5 0.5 0.5 0.5 0.5 
1262307304 0 0.5 1 0.5 0.5 0.5 0.6 0.5 0.5 0.5 0.5 0.5 0.5 
1262307318 0 0.5 1 0.5 0.5 0.5 0.6 0.5 0.5 0.5 0.5 0.5 0.5 
1262307319 0 0.5 1 0.5 0.5 0.5 0.6 0.5 0.5 0.5 0.5 0.5 0.5 
1262307327 0 0.5 1 0.5 0.5 0.5 0.6 0.5 0.5 0.5 0.5 0.5 0.5 
1262307341 0 0.5 1 0.5 0.5 0.5 0.6 0.5 0.5 0.5 0.5 0.5 0.5 
1262307370 0 0.5 1 0.5 0.5 0.5 0.6 0.5 0.5 0.5 0.5 0.5 0.5 
1262307373 0 0.5 1 0.5 0.5 0.5 0.6 0.5 0.5 0.5 0.5 0.5 0.5 
1262307379 0 0.5 1 0.5 0.5 0.5 0.6 0.5 0.5 0.5 0.5 0.5 0.5 
1262307394 0 0.5 1 0.5 0.5 0.5 0.6 0.5 0.5 0.5 0.5 0.5 0.5 
1262307404 0 0.5 1 0.5 0.5 0.5 0.6 0.5 0.5 0.5 0.5 0.5 0.5 
1262307418 0 0.5 1 0.5 0.5 0.5 0.6 0.5 0.5 0.5 0.5 0.5 0.5 
1262307419 0 0.5 1 0.5 0.5 0.5 0.6 0.5 0.5 0.5 0.5 0.5 0.5 
1262307427 0 0.5 1 0.5 0.5 0.5 0.6 0.5 0.5 0.5 0.5 0.5 0.5 
1262307441 0 0.5 1 0.5 0.5 0.5 0.6 0.5 0.5 0.5 0.5 0.5 0.5 
1262307470 0 0.5 1 0.5 0.5 0.5 0.6 0.5 0.5 0.5 0.5 0.5 0.5 
1262307473 0 0.5 1 0.5 0.5 0.5 0.6 0.5 0.5 0.5 0.5 0.5 0.5 
1262307479 0 0.5 1 0.5 0.5 0.5 0.6 0.5 0.5 0.5 0.5 0.5 0.5 
1262307494 0 0.5 1 0.5 0.5 0.5 0.6 0.5 0.5 0.5 0.5 0.5 0.5 
1262307504 0 0.5 1 0.5 0.5 0.5 0.6 0.5 0.5 0.5 0.5 0.5 0.5 
1262307518 0 0.5 1 0.5 0.5 0.5 0.6 0.5 0.5 0.5 0.5 0.5 0.5 
1262307519 0 0.5 1 0.5 0.5 0.5 0.6 0.5 0.5 0.5 0.5 0.5 0.5 
1262307527 0 0.5 1 0.5 0.5 0.5 0.6 0.5 0.5 0.5 0.5 0.5 0.5 
1262307570 0 0.5 1 0.5 0.5 0.5 0.6 0.5 0.5 0.5 0.5 0.5 0.5 
1262307573 0 0.5 1 0.5 0.5 0.5 0.6 0.5 0.5 0.5 0.5 0.5 0.5 
1262307579 0 0.5 1 0.5 0.5 0.5 0.6 0.5 0.5 0.5 0.5 0.5 0.5 
1262307594 0 0.5 1 0.5 0.5 0.5 0.6 0.5 0.5 0.5 0.5 0.5 0.5 
1262307604 0 0.5 1 0.5 0.5 0.5 0.5 0.5 0.6 0.4 0.5 0.5 0.5 
1262307618 0 0.5 1 0.5 0.5 0.5 0.5 0.5 0.6 0.4 0.5 0.5 0.5 
1262307619 0 0.5 1 0.5 0.5 0.5 0.5 0.5 0.6 0.4 0.5 0.5 0.5 
1262307627 0 0.5 1 0.5 0.5 0.5 0.5 0.5 0.6 0.4 0.5 0.5 0.5 
1262307646 0 0.5 1 0.5 0.5 0.5 0.5 0.5 0.6 0.4 0.5 0.5 0.5 
1262307670 0 0.5 1 0.5 0.5 0.5 0.5 0.5 0.6 0.4 0.5 0.5 0.5 
1262307679 0 0.5 1 0.5 0.5 0.5 0.5 0.5 0.6 0.4 0.5 0.5 0.5 
1262307694 0 0.5 1 0.5 0.5 0.5 0.5 0.5 0.6 0.4 0.5 0.5 0.5 
1262307704 0 0.5 1 0.5 0.5 0.5 0.5 0.5 0.6 0.4 0.5 0.5 0.5 
1262307718 0 0.5 1 0.5 0.5 0.5 0.5 0.5 0.6 0.4 0.5 0.5 0.5 
1262307727 0 0.5 1 0.5 0.5 0.5 0.5 0.5 0.6 0.4 0.5 0.5 0.5 
1262307746 0 0.5 1 0.5 0.5 0.5 0.5 0.5 0.6 0.4 0.5 0.5 0.5 
1262307770 0 0.5 1 0.5 0.5 0.5 0.5 0.5 0.6 0.4 0.5 0.5 0.5 
1262307779 0 0.5 1 0.5 0.5 0.5 0.5 0.5 0.6 0.4 0.5 0.5 0.5 
1262307794 0 0.5 1 0.5 0.5 0.5 0.5 0.5 0.6 0.4 0.5 0.5 0.5 
1262307804 0 0.5 1 0.5 0.5 0.5 0.6 0.5 0.6 0.4 0.5 0.5 0.5 
1262307818 0 0.5 1 0.5 0.5 0.5 0.6 0.5 0.6 0.4 0.5 0.5 0.5 
1262307827 0 0.5 1 0.5 0.5 0.5 0.6 0.5 0.6 0.4 0.5 0.5 0.5 
1262307835 0 0.5 1 0.5 0.5 0.5 0.6 0.5 0.6 0.4 0.5 0.5 0.5 
1262307846 0 0.5 1 0.5 0.5 0.5 0.6 0.5 0.6 0.4 0.5 0.5 0.5 
1262307870 0 0.5 1 0.5 0.5 0.5 0.6 0.5 0.6 0.4 0.5 0.5 0.5 
1262307879 0 0.5 1 0.5 0.5 0.5 0.6 0.5 0.6 0.4 0.5 0.5 0.5 
1262307894 0 0.5 1 0.5 0.5 0.5 0.6 0.5 0.6 0.4 0.5 0.5 0.5 
1262307904 0 0.5 1 0.5 0.5 0.5 0.6 0.5 0.6 0.5 0.5 0.5 0.5 
1262307918 0 0.5 1 0.5 0.5 0.5 0.6 0.5 0.6 0.5 0.5 0.5 0.5 
1262307927 0 0.5 1 0.5 0.5 0.5 0.6 0.5 0.6 0.5 0.5 0.5 0.5 
1262307935 0 0.5 1 0.5 0.5 0.5 0.6 0.5 0.6 0.5 0.5 0.5 0.5 
1262307946 0 0.5 1 0.5 0.5 0.5 0.6 0.5 0.6 0.5 0.5 0.5 0.5 
1262307970 0 0.5 1 0.5 0.5 0.5 0.6 0.5 0.6 0.5 0.5 0.5 0.5 
1262307979 0 0.5 1 0.5 0.5 0.5 0.6 0.5 0.6 0.5 0.5 0.5 0.5 
1262307994 0 0.5 1 0.5 0.5 0.5 0.6 0.5 0.6 0.5 0.5 0.5 0.5 
1262308004 0 0.5 1 0.5 0.5 0.5 0.6 0.5 0.5 0.5 0.5 0.5 0.5 
1262308018 0 0.5 1 0.5 0.5 0.5 0.6 0.5 0.5 0.5 0.5 0.5 0.5 
1262308027 0 0.5 1 0.5 0.5 0.5 0.6 0.5 0.5 0.5 0.5 0.5 0.5 
1262308035 0 0.5 1 0.5 0.5 0.5 0.6 0.5 0.5 0.5 0.5 0.5 0.5 
1262308046 0 0.5 1 0.5 0.5 0.5 0.6 0.5 0.5 0.5 0.5 0.5 0.5 
1262308070 0 0.5 1 0.5 0.5 0.5 0.6 0.5 0.5 0.5 0.5 0.5 0.5 
1262308079 0 0.5 1 0.5 0.5 0.5 0.6 0.5 0.5 0.5 0.5 0.5 0.5 
1262308094 0 0.5 1 0.5 0.5 0.5 0.6 0.5 0.5 0.5 0.5 0.5 0.5 
1262308104 0 0.5 1 0.4 0.5 0.5 0.6 0.5 0.5 0.5 0.5 0.5 0.5 
1262308118 0 0.5 1 0.4 0.5 0.5 0.6 0.5 0.5 0.5 0.5 0.5 0.5 
1262308127 0 0.5 1 0.4 0.5 0.5 0.6 0.5 0.5 0.5 0.5 0.5 0.5 
1262308135 0 0.5 1 0.4 0.5 0.5 0.6 0.5 0.5 0.5 0.5 0.5 0.4 
1262308146 0 0.5 1 0.4 0.5 0.4 0.6 0.5 0.5 0.5 0.5 0.5 0.4 
1262308170 0 0.5 1 0.4 0.5 0.4 0.6 0.5 0.5 0.5 0.5 0.5 0.4 
1262308179 0 0.5 1 0.4 0.5 0.4 0.6 0.5 0.5 0.5 0.5 0.5 0.4 
1262308194 0 0.5 1 0.4 0.5 0.4 0.6 0.5 0.5 0.5 0.5 0.5 0.4 
1262308204 0 0.5 1 0.4 0.5 0.4 0.6 0.5 0.5 0.5 0.5 0.5 0.4 
1262308218 0 0.5 1 0.4 0.5 0.4 0.6 0.5 0.5 0.5 0.5 0.5 0.4 
1262308227 0 0.5 1 0.4 0.5 0.4 0.6 0.5 0.5 0.5 0.5 0.5 0.4 
1262308235 0 0.5 1 0.4 0.5 0.4 0.6 0.5 0.5 0.5 0.5 0.5 0.4 
1262308246 0 0.5 1 0.4 0.5 0.4 0.6 0.5 0.5 0.5 0.5 0.5 0.4 
1262308270 0 0.5 1 0.4 0.5 0.4 0.6 0.5 0.5 0.5 0.5 0.5 0.4 
1262308279 0 0.5 1 0.4 0.4 0.4 0.6 0.5 0.5 0.5 0.5 0.5 0.4 
1262308285 0 0.5 1 0.4 0.4 0.4 0.6 0.5 0.5 0.5 0.5 0.5 0.4 
1262308294 0 0.5 1 0.4 0.4 0.4 0.6 0.5 0.5 0.5 0.5 0.5 0.4 
1262308304 0 0.5 1 0.4 0.4 0.4 0.6 0.5 0.3 0.5 0.5 0.5 0.4 
1262308318 0 0.5 1 0.4 0.4 0.4 0.6 0.5 0.3 0.5 0.5 0.6 0.4 
1262308327 0 0.5 1 0.4 0.4 0.4 0.6 0.5 0.3 0.5 0.5 0.6 0.4 
1262308335 0 0.5 1 0.4 0.4 0.4 0.6 0.5 0.3 0.5 0.5 0.6 0.4 
1262308346 0 0.5 1 0.4 0.4 0.4 0.6 0.5 0.3 0.5 0.5 0.6 0.4 
1262308370 0 0.5 1 0.4 0.4 0.4 0.6 0.5 0.3 0.5 0.5 0.6 0.4 
1262308379 0 0.5 1 0.4 0.4 0.4 0.6 0.5 0.3 0.5 0.5 0.6 0.4 
1262308385 0 0.5 1 0.4 0.4 0.4 0.6 0.5 0.3 0.5 0.5 0.6 0.4 
1262308394 0 0.5 1 0.4 0.4 0.4 0.6 0.5 0.3 0.5 0.5 0.6 0.4 
1262308404 0 0.5 1 0.4 0.4 0.4 0.4 0.5 0.3 0.5 0.5 0.6 0.4 
1262308418 0 0.5 1 0.4 0.4 0.4 0.4 0.5 0.3 0.5 0.5 0.5 0.4 
1262308427 0 0.5 1 0.4 0.4 0.4 0.4 0.5 0.3 0.5 0.5 0.5 0.4 
1262308435 0 0.5 1 0.4 0.4 0.4 0.4 0.5 0.3 0.5 0.5 0.5 0.3 
1262308446 0 0.5 1 0.4 0.4 0.4 0.4 0.5 0.3 0.5 0.5 0.5 0.3 
1262308470 0 0.5 1 0.4 0.4 0.4 0.4 0.5 0.3 0.5 0.5 0.5 0.3 
1262308479 0 0.5 1 0.4 0.5 0.4 0.4 0.5 0.3 0.5 0.5 0.5 0.3 
1262308485 0 0.5 1 0.4 0.5 0.4 0.4 0.5 0.3 0.5 0.5 0.5 0.3 
1262308494 0 0.5 1 0.4 0.5 0.4 0.4 0.5 0.3 0.5 0.5 0.5 0.3 
