arrived:	node3#7	1
arrived:	node3#9	1
arrived:	node1#14	1
arrived:	node1#30	1
arrived:	node3#17	1
arrived:	node3#4	1
arrived:	node1#57	1
arrived:	node1#13	1
arrived:	node1#15	1
arrived:	node3#5	1
arrived:	node3#52	1
arrived:	node3#20	1
arrived:	node1#58	1
arrived:	node3#29	1
arrived:	node1#43	1
arrived:	node1#26	1
arrived:	node3#46	1
arrived:	node1#33	1
arrived:	node1#56	1
arrived:	node1#31	1
arrived:	node1#4	1
arrived:	node1#16	1
arrived:	node3#53	1
arrived:	node1#29	1
arrived:	node1#37	1
arrived:	node1#20	1
arrived:	node1#11	1
arrived:	node1#6	1
arrived:	node1#17	1
arrived:	node3#43	1
arrived:	node1#44	1
arrived:	node1#5	1
arrived:	node3#45	1
arrived:	node3#51	1
arrived:	node1#7	1
arrived:	node3#40	1
arrived:	node3#27	1
arrived:	node1#42	1
arrived:	node1#35	1
arrived:	node3#12	1
arrived:	node1#10	1
arrived:	node1#59	1
arrived:	node1#27	1
arrived:	node3#50	1
arrived:	node1#18	1
arrived:	node3#49	1
arrived:	node3#19	1
arrived:	node1#46	1
arrived:	node3#6	1
arrived:	node3#47	1
arrived:	node3#48	1
arrived:	node1#32	1
arrived:	node3#38	1
arrived:	node3#39	1
arrived:	node1#23	1
arrived:	node1#28	1
arrived:	node3#41	1
arrived:	node3#42	1
arrived:	node3#30	1
arrived:	node1#8	1
arrived:	node3#8	1
arrived:	node3#28	1
arrived:	node1#12	1
arrived:	node3#32	1
arrived:	node3#21	1
arrived:	node3#26	1
arrived:	node3#11	1
arrived:	node3#10	1
arrived:	node1#22	1
arrived:	node3#18	1
arrived:	node1#48	1
arrived:	node1#41	1
arrived:	node3#31	1
arrived:	node1#34	1
arrived:	node1#60	1
arrived:	node3#14	1
arrived:	node1#45	1
arrived:	node1#36	1
arrived:	node3#13	1
arrived:	node1#47	1
arrived:	node1#21	1
NOTIFS:
node3	:	60	sent
node1	:	60	sent
SUBS:
on	node1
	node1	:	43	received
on	node3
	node3	:	38	received
1262304604 - 0.5 - - - - - - 0.5 - - - - 
1262304704 - 0.5 - - - - - - 0.5 - 0.5 - - 
1262304804 - 0.5 - - - - - - 0.5 - 0.5 - 0.5 
1262304904 - 0.5 - - - 0.5 - - 0.5 - 0.5 0.5 0.5 
1262305004 - 0.5 - 0.5 - 0.5 - 0.44444444444444 0.5 - 0.5 0.5 0.5 
1262305104 - 0.5 - 0.5 - 0.5 - 0.44444444444444 0.5 0.5 0.5 0.5 0.5 
1262305204 - 0.5 1 0.5 - 0.5 0.5 0.44444444444444 0.5 0.5 0.5 0.5 0.5 
1262305249 - 0.5 1 0.5 - 0.5 0.5 0.44444444444444 0.5 0.5 0.5 0.5 0.5 
1262305304 - 0.5 1 0.5 - 0.5 0.5 0.44444444444444 0.5 0.4 0.5 0.5 0.5 
1262305349 - 0.5 1 0.5 - 0.5 0.5 0.44444444444444 0.5 0.4 0.5 0.5 0.5 
1262305404 0 0.5 1 0.5 0.5 0.5 0.5 0.44444444444444 0.5 0.5 0.5 0.5 0.5 
1262305449 0 0.5 1 0.5 0.5 0.5 0.5 0.44444444444444 0.5 0.5 0.5 0.5 0.5 
1262305504 0 0.5 1 0.5 0.5 0.5 0.5 0.5 0.5 0.5 0.5 0.5 0.5 
1262305549 0 0.5 1 0.5 0.5 0.5 0.5 0.5 0.5 0.5 0.5 0.5 0.5 
1262305604 0 0.5 1 0.5 0.5 0.5 0.5 0.5 0.5 0.5 0.5 0.5 0.5 
1262305640 0 0.5 1 0.5 0.5 0.5 0.5 0.5 0.5 0.5 0.5 0.5 0.5 
1262305649 0 0.5 1 0.5 0.5 0.5 0.5 0.5 0.5 0.5 0.5 0.5 0.5 
1262305704 0 0.5 1 0.5 0.5 0.5 0.5 0.5 0.5 0.5 0.5 0.5 0.5 
1262305740 0 0.5 1 0.5 0.5 0.5 0.5 0.5 0.5 0.5 0.5 0.5 0.5 
1262305749 0 0.5 1 0.5 0.5 0.5 0.5 0.5 0.5 0.5 0.5 0.5 0.5 
1262305804 0 0.5 1 0.5 0.5 0.5 0.5 0.5 0.5 0.5 0.5 0.5 0.5 
1262305840 0 0.5 1 0.5 0.5 0.5 0.5 0.5 0.5 0.5 0.5 0.5 0.5 
1262305849 0 0.5 1 0.5 0.5 0.5 0.5 0.5 0.5 0.5 0.5 0.5 0.5 
1262305904 0 0.5 1 0.5 0.5 0.5 0.5 0.5 0.5 0.5 0.5 0.5 0.5 
1262305920 0 0.5 1 0.5 0.5 0.5 0.5 0.5 0.5 0.5 0.5 0.5 0.5 
1262305940 0 0.5 1 0.5 0.5 0.5 0.5 0.5 0.5 0.5 0.5 0.5 0.5 
1262305949 0 0.5 1 0.5 0.5 0.5 0.5 0.5 0.5 0.5 0.5 0.5 0.5 
1262306004 0 0.5 1 0.5 0.5 0.5 0.5 0.5 0.5 0.5 0.5 0.5 0.5 
1262306020 0 0.5 1 0.5 0.5 0.5 0.5 0.5 0.5 0.5 0.5 0.5 0.5 
1262306040 0 0.5 1 0.5 0.5 0.5 0.5 0.5 0.5 0.5 0.5 0.5 0.5 
1262306049 0 0.5 1 0.5 0.5 0.5 0.5 0.5 0.5 0.5 0.5 0.5 0.5 
1262306104 0 0.5 1 0.5 0.5 0.4 0.5 0.5 0.5 0.5 0.5 0.5 0.5 
1262306120 0 0.5 1 0.5 0.5 0.4 0.5 0.5 0.5 0.5 0.5 0.5 0.5 
1262306131 0 0.5 1 0.5 0.5 0.4 0.5 0.5 0.5 0.5 0.5 0.5 0.5 
1262306140 0 0.5 1 0.5 0.5 0.4 0.5 0.5 0.5 0.5 0.5 0.5 0.5 
1262306149 0 0.5 1 0.5 0.5 0.4 0.5 0.5 0.5 0.5 0.5 0.5 0.5 
1262306155 0 0.5 1 0.5 0.5 0.4 0.5 0.5 0.5 0.5 0.5 0.5 0.5 
1262306190 0 0.5 1 0.5 0.5 0.4 0.5 0.5 0.5 0.5 0.5 0.5 0.5 
1262306204 0 0.5 1 0.6 0.5 0.4 0.5 0.5 0.5 0.5 0.5 0.5 0.5 
1262306220 0 0.5 1 0.6 0.5 0.4 0.5 0.5 0.5 0.5 0.5 0.5 0.5 
1262306231 0 0.5 1 0.6 0.5 0.4 0.5 0.5 0.5 0.5 0.6 0.5 0.5 
1262306240 0 0.5 1 0.6 0.5 0.4 0.5 0.5 0.5 0.5 0.6 0.5 0.5 
1262306249 0 0.5 1 0.6 0.5 0.4 0.5 0.5 0.6 0.5 0.6 0.5 0.5 
1262306255 0 0.5 1 0.6 0.5 0.4 0.5 0.5 0.6 0.5 0.6 0.5 0.5 
1262306290 0 0.5 1 0.6 0.5 0.4 0.5 0.5 0.6 0.5 0.6 0.5 0.5 
1262306304 0 0.5 1 0.6 0.5 0.4 0.5 0.5 0.6 0.5 0.6 0.5 0.5 
1262306320 0 0.5 1 0.6 0.5 0.4 0.5 0.5 0.6 0.5 0.6 0.5 0.5 
1262306331 0 0.5 1 0.6 0.5 0.4 0.5 0.5 0.6 0.5 0.6 0.5 0.5 
1262306340 0 0.5 1 0.6 0.5 0.4 0.5 0.5 0.6 0.5 0.6 0.5 0.5 
1262306349 0 0.5 1 0.6 0.5 0.4 0.5 0.5 0.5 0.5 0.6 0.5 0.5 
1262306355 0 0.5 1 0.6 0.5 0.4 0.5 0.5 0.5 0.5 0.6 0.5 0.5 
1262306390 0 0.5 1 0.6 0.5 0.4 0.5 0.5 0.5 0.5 0.6 0.6 0.5 
1262306404 0 0.4 1 0.5 0.5 0.4 0.5 0.5 0.5 0.5 0.6 0.6 0.5 
1262306420 0 0.4 1 0.5 0.5 0.4 0.5 0.5 0.5 0.5 0.6 0.6 0.5 
1262306431 0 0.4 1 0.5 0.5 0.4 0.5 0.5 0.5 0.5 0.6 0.6 0.5 
1262306440 0 0.4 1 0.5 0.5 0.4 0.5 0.5 0.5 0.5 0.6 0.6 0.5 
1262306449 0 0.4 1 0.5 0.5 0.4 0.5 0.5 0.5 0.5 0.6 0.6 0.5 
1262306455 0 0.4 1 0.5 0.5 0.4 0.5 0.5 0.5 0.5 0.6 0.6 0.5 
1262306490 0 0.4 1 0.5 0.5 0.4 0.5 0.5 0.5 0.5 0.6 0.5 0.5 
1262306504 0 0.5 1 0.5 0.5 0.4 0.5 0.5 0.5 0.5 0.6 0.5 0.5 
1262306520 0 0.5 1 0.5 0.5 0.4 0.5 0.5 0.5 0.5 0.6 0.5 0.5 
1262306531 0 0.5 1 0.5 0.5 0.4 0.5 0.5 0.5 0.5 0.6 0.5 0.5 
1262306540 0 0.5 1 0.5 0.5 0.4 0.5 0.5 0.5 0.5 0.6 0.5 0.5 
1262306549 0 0.5 1 0.5 0.5 0.4 0.5 0.5 0.5 0.5 0.6 0.5 0.5 
1262306555 0 0.5 1 0.5 0.5 0.4 0.5 0.5 0.5 0.5 0.6 0.5 0.5 
1262306590 0 0.5 1 0.5 0.5 0.4 0.5 0.5 0.5 0.5 0.6 0.5 0.5 
1262306604 0 0.5 1 0.5 0.5 0.4 0.5 0.5 0.5 0.5 0.6 0.5 0.5 
1262306620 0 0.5 1 0.5 0.5 0.4 0.5 0.5 0.5 0.5 0.6 0.5 0.6 
1262306631 0 0.5 1 0.5 0.5 0.4 0.5 0.5 0.5 0.5 0.6 0.5 0.6 
1262306640 0 0.5 1 0.5 0.5 0.4 0.5 0.5 0.5 0.5 0.6 0.5 0.6 
1262306649 0 0.5 1 0.5 0.5 0.4 0.5 0.5 0.5 0.5 0.6 0.5 0.6 
1262306655 0 0.5 1 0.5 0.5 0.4 0.5 0.5 0.5 0.5 0.6 0.5 0.6 
1262306690 0 0.5 1 0.5 0.5 0.4 0.5 0.5 0.5 0.5 0.6 0.5 0.6 
1262306704 0 0.5 1 0.5 0.5 0.4 0.5 0.5 0.5 0.5 0.6 0.5 0.6 
1262306720 0 0.5 1 0.5 0.5 0.4 0.5 0.5 0.5 0.5 0.6 0.5 0.6 
1262306731 0 0.5 1 0.5 0.5 0.4 0.5 0.5 0.5 0.5 0.6 0.5 0.6 
1262306740 0 0.5 1 0.5 0.5 0.4 0.5 0.5 0.5 0.5 0.6 0.5 0.6 
1262306755 0 0.5 1 0.5 0.5 0.4 0.5 0.5 0.5 0.5 0.6 0.5 0.6 
1262306790 0 0.5 1 0.5 0.5 0.4 0.5 0.5 0.5 0.5 0.6 0.5 0.6 
1262306804 0 0.5 1 0.5 0.5 0.5 0.5 0.5 0.5 0.5 0.6 0.5 0.6 
1262306820 0 0.5 1 0.5 0.5 0.5 0.5 0.5 0.5 0.5 0.6 0.5 0.6 
1262306824 0 0.5 1 0.5 0.5 0.5 0.5 0.5 0.5 0.5 0.6 0.5 0.6 
1262306831 0 0.5 1 0.5 0.5 0.5 0.5 0.5 0.5 0.5 0.6 0.5 0.6 
1262306840 0 0.5 1 0.5 0.5 0.5 0.5 0.5 0.5 0.5 0.6 0.5 0.6 
1262306855 0 0.5 1 0.5 0.5 0.5 0.5 0.5 0.5 0.5 0.6 0.5 0.6 
1262306890 0 0.5 1 0.5 0.5 0.5 0.5 0.5 0.5 0.5 0.6 0.4 0.6 
1262306904 0 0.5 1 0.5 0.5 0.5 0.5 0.5 0.5 0.5 0.6 0.4 0.6 
1262306920 0 0.5 1 0.5 0.5 0.5 0.5 0.5 0.5 0.5 0.6 0.4 0.6 
1262306940 0 0.5 1 0.5 0.5 0.5 0.5 0.5 0.5 0.4 0.6 0.4 0.6 
1262306955 0 0.5 1 0.5 0.5 0.5 0.5 0.5 0.5 0.4 0.6 0.4 0.6 
1262306990 0 0.5 1 0.5 0.5 0.5 0.5 0.5 0.5 0.4 0.6 0.5 0.6 
1262307004 0 0.5 1 0.5 0.5 0.5 0.5 0.5 0.5 0.4 0.6 0.5 0.6 
1262307020 0 0.5 1 0.5 0.5 0.5 0.5 0.5 0.5 0.4 0.6 0.5 0.5 
1262307055 0 0.5 1 0.5 0.5 0.5 0.5 0.5 0.5 0.4 0.6 0.5 0.5 
1262307078 0 0.5 1 0.5 0.5 0.5 0.5 0.5 0.5 0.4 0.6 0.5 0.5 
1262307090 0 0.5 1 0.5 0.5 0.5 0.5 0.5 0.5 0.4 0.6 0.5 0.5 
1262307104 0 0.6 1 0.5 0.5 0.5 0.5 0.5 0.5 0.4 0.6 0.5 0.5 
1262307120 0 0.6 1 0.5 0.5 0.5 0.5 0.5 0.5 0.4 0.6 0.5 0.5 
1262307155 0 0.6 1 0.5 0.5 0.5 0.5 0.5 0.5 0.4 0.6 0.5 0.5 
1262307178 0 0.6 1 0.5 0.5 0.5 0.5 0.5 0.5 0.4 0.5 0.5 0.5 
1262307186 0 0.6 1 0.5 0.5 0.5 0.5 0.5 0.5 0.5 0.5 0.5 0.5 
1262307190 0 0.6 1 0.5 0.5 0.5 0.5 0.5 0.5 0.5 0.5 0.5 0.5 
1262307204 0 0.5 1 0.5 0.5 0.6 0.5 0.5 0.5 0.5 0.5 0.5 0.5 
1262307220 0 0.5 1 0.5 0.5 0.6 0.5 0.5 0.5 0.5 0.5 0.5 0.5 
1262307255 0 0.5 1 0.5 0.5 0.6 0.5 0.5 0.5 0.5 0.5 0.5 0.5 
1262307278 0 0.5 1 0.5 0.5 0.6 0.5 0.5 0.4 0.5 0.5 0.5 0.5 
1262307286 0 0.5 1 0.5 0.5 0.6 0.5 0.5 0.4 0.5 0.5 0.5 0.5 
1262307290 0 0.5 1 0.5 0.5 0.6 0.5 0.5 0.4 0.5 0.5 0.5 0.5 
1262307304 0 0.5 1 0.5 0.5 0.6 0.5 0.5 0.4 0.5 0.5 0.5 0.5 
1262307320 0 0.5 1 0.5 0.5 0.6 0.5 0.5 0.4 0.5 0.5 0.5 0.5 
1262307355 0 0.5 1 0.5 0.5 0.6 0.5 0.5 0.4 0.5 0.5 0.5 0.5 
1262307378 0 0.5 1 0.5 0.5 0.6 0.5 0.5 0.5 0.5 0.5 0.5 0.5 
1262307386 0 0.5 1 0.5 0.5 0.6 0.5 0.5 0.5 0.5 0.5 0.5 0.5 
1262307390 0 0.5 1 0.5 0.5 0.6 0.5 0.5 0.5 0.5 0.5 0.5 0.5 
1262307404 0 0.5 1 0.5 0.5 0.5 0.5 0.5 0.5 0.5 0.5 0.5 0.5 
1262307420 0 0.5 1 0.5 0.5 0.5 0.5 0.5 0.5 0.5 0.5 0.5 0.5 
1262307455 0 0.5 1 0.5 0.5 0.5 0.5 0.5 0.5 0.5 0.5 0.5 0.5 
1262307478 0 0.5 1 0.5 0.5 0.5 0.5 0.5 0.5 0.5 0.5 0.5 0.5 
1262307486 0 0.5 1 0.5 0.5 0.5 0.5 0.5 0.5 0.5 0.5 0.5 0.5 
1262307490 0 0.5 1 0.5 0.5 0.5 0.5 0.5 0.5 0.5 0.5 0.5 0.5 
1262307504 0 0.5 1 0.5 0.5 0.5 0.5 0.5 0.5 0.5 0.5 0.5 0.5 
1262307520 0 0.5 1 0.5 0.5 0.5 0.5 0.5 0.5 0.5 0.5 0.5 0.5 
1262307555 0 0.5 1 0.5 0.5 0.5 0.5 0.5 0.5 0.5 0.5 0.5 0.5 
1262307578 0 0.5 1 0.5 0.5 0.5 0.5 0.5 0.5 0.5 0.5 0.5 0.5 
1262307586 0 0.5 1 0.5 0.5 0.5 0.5 0.5 0.5 0.5 0.5 0.5 0.5 
1262307590 0 0.5 1 0.5 0.5 0.5 0.5 0.5 0.5 0.5 0.5 0.5 0.5 
1262307604 0 0.5 1 0.5 0.5 0.5 0.5 0.5 0.5 0.5 0.5 0.5 0.5 
1262307620 0 0.5 1 0.5 0.5 0.5 0.5 0.5 0.5 0.5 0.5 0.5 0.5 
1262307655 0 0.5 1 0.5 0.5 0.5 0.5 0.5 0.5 0.5 0.5 0.5 0.5 
1262307678 0 0.5 1 0.5 0.5 0.5 0.5 0.5 0.5 0.5 0.4 0.5 0.5 
1262307686 0 0.5 1 0.5 0.5 0.5 0.5 0.5 0.5 0.5 0.4 0.5 0.5 
1262307690 0 0.5 1 0.5 0.5 0.5 0.5 0.5 0.5 0.5 0.4 0.5 0.5 
1262307704 0 0.5 1 0.5 0.5 0.5 0.5 0.5 0.5 0.5 0.4 0.5 0.5 
1262307720 0 0.5 1 0.5 0.5 0.5 0.5 0.5 0.5 0.5 0.4 0.5 0.5 
1262307755 0 0.5 1 0.5 0.5 0.5 0.5 0.5 0.5 0.5 0.4 0.5 0.5 
1262307778 0 0.5 1 0.5 0.5 0.5 0.5 0.5 0.5 0.5 0.4 0.5 0.5 
1262307790 0 0.5 1 0.5 0.5 0.5 0.5 0.5 0.5 0.5 0.4 0.5 0.5 
1262307804 0 0.5 1 0.5 0.5 0.5 0.5 0.5 0.5 0.5 0.4 0.5 0.5 
1262307820 0 0.5 1 0.5 0.5 0.5 0.5 0.5 0.5 0.5 0.4 0.5 0.5 
1262307855 0 0.5 1 0.5 0.5 0.5 0.5 0.5 0.5 0.5 0.4 0.5 0.5 
1262307878 0 0.5 1 0.5 0.5 0.5 0.5 0.5 0.5 0.5 0.4 0.5 0.5 
1262307890 0 0.5 1 0.5 0.5 0.5 0.5 0.5 0.5 0.5 0.4 0.5 0.5 
1262307904 0 0.5 1 0.5 0.5 0.5 0.5 0.5 0.5 0.5 0.4 0.5 0.5 
1262307920 0 0.5 1 0.5 0.5 0.5 0.5 0.5 0.5 0.5 0.4 0.5 0.5 
1262307924 0 0.5 1 0.5 0.5 0.5 0.5 0.5 0.5 0.5 0.4 0.5 0.5 
1262307955 0 0.5 1 0.5 0.5 0.5 0.5 0.5 0.5 0.5 0.4 0.5 0.5 
1262307978 0 0.5 1 0.5 0.5 0.5 0.5 0.5 0.5 0.5 0.5 0.5 0.5 
1262307990 0 0.5 1 0.5 0.5 0.5 0.5 0.5 0.5 0.5 0.5 0.5 0.5 
1262308004 0 0.5 1 0.5 0.5 0.5 0.5 0.5 0.5 0.5 0.5 0.5 0.5 
1262308020 0 0.5 1 0.5 0.5 0.5 0.5 0.5 0.5 0.5 0.5 0.5 0.5 
1262308024 0 0.5 1 0.5 0.5 0.5 0.5 0.5 0.5 0.5 0.5 0.5 0.5 
1262308055 0 0.5 1 0.5 0.5 0.5 0.5 0.5 0.5 0.5 0.5 0.5 0.5 
1262308078 0 0.5 1 0.5 0.5 0.5 0.5 0.5 0.5 0.5 0.5 0.5 0.5 
1262308090 0 0.5 1 0.5 0.5 0.5 0.5 0.5 0.5 0.5 0.5 0.5 0.5 
1262308104 0 0.5 1 0.5 0.5 0.5 0.5 0.5 0.5 0.5 0.5 0.5 0.5 
1262308120 0 0.5 1 0.5 0.5 0.5 0.5 0.5 0.5 0.5 0.5 0.5 0.5 
1262308124 0 0.5 1 0.5 0.5 0.5 0.5 0.5 0.5 0.5 0.5 0.5 0.5 
1262308155 0 0.5 1 0.5 0.5 0.5 0.5 0.5 0.5 0.5 0.5 0.5 0.5 
1262308178 0 0.5 1 0.5 0.5 0.5 0.5 0.5 0.5 0.5 0.5 0.5 0.5 
1262308190 0 0.5 1 0.5 0.5 0.5 0.5 0.5 0.5 0.5 0.5 0.5 0.5 
1262308204 0 0.5 1 0.5 0.5 0.5 0.5 0.5 0.5 0.5 0.5 0.5 0.5 
1262308220 0 0.5 1 0.5 0.5 0.5 0.5 0.5 0.5 0.5 0.5 0.5 0.5 
1262308224 0 0.5 1 0.5 0.5 0.5 0.5 0.5 0.5 0.5 0.5 0.5 0.5 
1262308255 0 0.5 1 0.5 0.5 0.5 0.5 0.5 0.5 0.5 0.5 0.5 0.5 
1262308278 0 0.5 1 0.5 0.5 0.5 0.5 0.5 0.5 0.5 0.5 0.5 0.5 
1262308290 0 0.5 1 0.5 0.5 0.5 0.5 0.5 0.5 0.5 0.5 0.5 0.5 
1262308304 0 0.5 1 0.4 0.5 0.5 0.5 0.5 0.5 0.5 0.5 0.5 0.5 
1262308320 0 0.5 1 0.4 0.5 0.5 0.5 0.5 0.5 0.5 0.5 0.5 0.5 
1262308324 0 0.5 1 0.4 0.5 0.5 0.5 0.5 0.5 0.5 0.5 0.5 0.5 
1262308355 0 0.5 1 0.4 0.5 0.5 0.5 0.5 0.5 0.5 0.5 0.5 0.5 
1262308378 0 0.5 1 0.4 0.5 0.5 0.5 0.5 0.5 0.5 0.5 0.5 0.5 
1262308390 0 0.5 1 0.4 0.5 0.5 0.5 0.5 0.5 0.5 0.5 0.5 0.5 
1262308404 0 0.5 1 0.5 0.5 0.5 0.5 0.5 0.5 0.5 0.5 0.5 0.5 
1262308420 0 0.5 1 0.5 0.5 0.5 0.5 0.5 0.5 0.5 0.5 0.5 0.5 
1262308424 0 0.5 1 0.5 0.5 0.5 0.5 0.5 0.5 0.5 0.5 0.5 0.5 
1262308455 0 0.5 1 0.5 0.5 0.5 0.5 0.5 0.5 0.5 0.5 0.5 0.5 
1262308478 0 0.5 1 0.5 0.5 0.5 0.5 0.5 0.5 0.5 0.5 0.5 0.5 
1262308490 0 0.5 1 0.5 0.5 0.5 0.5 0.5 0.5 0.5 0.5 0.5 0.5 
