arrived:	node3#7	1
arrived:	node3#9	1
arrived:	node1#14	1
arrived:	node3#4	1
arrived:	node3#22	1
arrived:	node1#38	1
arrived:	node1#57	1
arrived:	node1#13	1
arrived:	node1#15	1
arrived:	node3#5	1
arrived:	node3#20	1
arrived:	node1#58	1
arrived:	node3#2	1
arrived:	node3#37	1
arrived:	node3#29	1
arrived:	node1#43	1
arrived:	node1#1	1
arrived:	node3#46	1
arrived:	node1#33	1
arrived:	node1#56	1
arrived:	node1#31	1
arrived:	node1#4	1
arrived:	node1#39	1
arrived:	node1#54	1
arrived:	node1#37	1
arrived:	node1#11	1
arrived:	node3#41	1
arrived:	node3#43	1
arrived:	node1#44	1
arrived:	node3#45	1
arrived:	node3#32	1
arrived:	node1#42	1
arrived:	node3#54	1
arrived:	node1#35	1
arrived:	node1#10	1
arrived:	node3#3	1
arrived:	node3#44	1
arrived:	node3#1	1
arrived:	node3#19	1
arrived:	node3#6	1
arrived:	node1#3	1
arrived:	node1#32	1
arrived:	node3#34	1
arrived:	node3#21	1
arrived:	node3#18	1
arrived:	node3#36	1
arrived:	node1#55	1
arrived:	node1#8	1
arrived:	node3#8	1
arrived:	node3#28	1
arrived:	node1#12	1
arrived:	node3#57	1
arrived:	node3#55	1
arrived:	node3#56	1
arrived:	node3#10	1
arrived:	node3#30	1
arrived:	node1#7	1
arrived:	node3#42	1
arrived:	node1#41	1
arrived:	node3#31	1
arrived:	node1#34	1
arrived:	node3#35	1
arrived:	node1#9	1
arrived:	node3#11	1
arrived:	node1#36	1
arrived:	node3#58	1
arrived:	node1#2	1
arrived:	node1#40	1
NOTIFS:
node1	:	60	sent
node3	:	60	sent
SUBS:
on	node1
	node1	:	32	received
on	node3
	node3	:	36	received
1262304604 - 0.5 - - - 0.5 0.5 - 0.5 - - 0.5 0.5 
1262304704 - 0.5 - - 0.5 0.5 0.5 - 0.5 0.5 0.5 0.5 0.5 
1262304804 - 0.5 - - 0.5 0.5 0.5 - 0.5 0.5 0.5 0.5 0.5 
1262304904 - 0.5 1 - 0.5 0.5 0.5 - 0.5 0.42857142857143 0.5 0.5 0.5 
1262305004 0 0.5 1 0.5 0.5 0.5 0.5 - 0.5 0.5 0.5 0.5 0.5 
1262305104 0 0.5 1 0.5 0.5 0.5 0.5 - 0.5 0.5 0.5 0.5 0.5 
1262305204 0 0.5 1 0.5 0.5 0.5 0.5 0.5 0.5 0.4 0.5 0.5 0.5 
1262305219 0 0.5 1 0.5 0.5 0.5 0.5 0.5 0.5 0.4 0.5 0.5 0.5 
1262305304 0 0.5 1 0.5 0.5 0.5 0.5 0.5 0.5 0.5 0.6 0.5 0.5 
1262305319 0 0.5 1 0.5 0.5 0.5 0.5 0.5 0.5 0.5 0.6 0.5 0.5 
1262305404 0 0.5 1 0.5 0.5 0.5 0.5 0.5 0.5 0.5 0.6 0.5 0.5 
1262305419 0 0.5 1 0.5 0.5 0.5 0.5 0.5 0.5 0.5 0.6 0.5 0.5 
1262305504 0 0.5 1 0.5 0.5 0.5 0.5 0.5 0.5 0.5 0.6 0.5 0.5 
1262305519 0 0.5 1 0.5 0.5 0.5 0.5 0.5 0.5 0.5 0.6 0.5 0.5 
1262305604 0 0.5 1 0.5 0.5 0.5 0.5 0.5 0.5 0.5 0.6 0.5 0.5 
1262305619 0 0.5 1 0.5 0.5 0.5 0.5 0.5 0.5 0.5 0.6 0.5 0.5 
1262305683 0 0.5 1 0.5 0.5 0.5 0.5 0.5 0.5 0.5 0.6 0.5 0.5 
1262305704 0 0.5 1 0.5 0.5 0.5 0.5 0.5 0.5 0.5 0.6 0.4 0.5 
1262305719 0 0.5 1 0.5 0.5 0.5 0.5 0.5 0.5 0.5 0.6 0.4 0.5 
1262305741 0 0.5 1 0.5 0.5 0.5 0.5 0.5 0.5 0.5 0.6 0.4 0.5 
1262305783 0 0.5 1 0.5 0.5 0.5 0.5 0.5 0.5 0.5 0.6 0.4 0.5 
1262305804 0 0.5 1 0.5 0.5 0.5 0.5 0.5 0.5 0.5 0.5 0.5 0.5 
1262305819 0 0.5 1 0.5 0.5 0.5 0.5 0.5 0.5 0.5 0.5 0.5 0.5 
1262305841 0 0.5 1 0.5 0.5 0.5 0.5 0.5 0.5 0.5 0.5 0.5 0.5 
1262305883 0 0.5 1 0.5 0.5 0.5 0.5 0.5 0.5 0.5 0.5 0.5 0.5 
1262305904 0 0.5 1 0.5 0.5 0.5 0.5 0.5 0.5 0.5 0.5 0.5 0.5 
1262305919 0 0.5 1 0.5 0.5 0.5 0.5 0.5 0.5 0.5 0.5 0.5 0.5 
1262305930 0 0.5 1 0.5 0.5 0.5 0.5 0.5 0.5 0.5 0.5 0.5 0.5 
1262305941 0 0.5 1 0.5 0.5 0.5 0.5 0.5 0.5 0.5 0.5 0.5 0.5 
1262305970 0 0.5 1 0.5 0.5 0.5 0.5 0.5 0.5 0.5 0.5 0.5 0.5 
1262305983 0 0.5 1 0.5 0.5 0.5 0.5 0.5 0.5 0.5 0.5 0.5 0.5 
1262306004 0 0.5 1 0.5 0.5 0.5 0.5 0.5 0.5 0.5 0.5 0.5 0.5 
1262306019 0 0.5 1 0.5 0.5 0.5 0.5 0.5 0.5 0.5 0.5 0.5 0.5 
1262306030 0 0.5 1 0.5 0.5 0.5 0.5 0.5 0.5 0.5 0.5 0.5 0.5 
1262306041 0 0.5 1 0.5 0.5 0.5 0.5 0.5 0.5 0.5 0.5 0.5 0.5 
1262306063 0 0.5 1 0.5 0.5 0.5 0.5 0.5 0.5 0.5 0.5 0.6 0.5 
1262306070 0 0.5 1 0.5 0.5 0.5 0.5 0.5 0.5 0.5 0.5 0.6 0.5 
1262306083 0 0.5 1 0.5 0.5 0.5 0.5 0.5 0.5 0.5 0.5 0.6 0.5 
1262306104 0 0.5 1 0.5 0.5 0.4 0.5 0.5 0.5 0.5 0.5 0.6 0.5 
1262306119 0 0.5 1 0.5 0.5 0.4 0.5 0.5 0.5 0.5 0.5 0.6 0.5 
1262306130 0 0.5 1 0.4 0.5 0.4 0.5 0.5 0.5 0.5 0.5 0.6 0.5 
1262306141 0 0.5 1 0.4 0.5 0.4 0.5 0.5 0.5 0.5 0.5 0.6 0.5 
1262306163 0 0.5 1 0.4 0.5 0.4 0.5 0.5 0.5 0.5 0.5 0.5 0.5 
1262306170 0 0.5 1 0.4 0.5 0.4 0.5 0.5 0.5 0.5 0.5 0.5 0.5 
1262306183 0 0.5 1 0.4 0.5 0.4 0.5 0.5 0.5 0.5 0.5 0.5 0.5 
1262306204 0 0.5 1 0.4 0.5 0.4 0.5 0.5 0.5 0.5 0.5 0.5 0.5 
1262306219 0 0.5 1 0.4 0.5 0.4 0.5 0.5 0.5 0.5 0.5 0.5 0.5 
1262306230 0 0.5 1 0.4 0.5 0.4 0.5 0.5 0.5 0.5 0.5 0.5 0.5 
1262306263 0 0.5 1 0.4 0.5 0.4 0.5 0.5 0.5 0.5 0.5 0.5 0.5 
1262306270 0 0.5 1 0.4 0.5 0.4 0.5 0.5 0.5 0.5 0.5 0.5 0.5 
1262306283 0 0.5 1 0.4 0.5 0.4 0.5 0.5 0.5 0.5 0.5 0.5 0.5 
1262306304 0 0.5 1 0.4 0.5 0.5 0.5 0.5 0.5 0.5 0.5 0.5 0.5 
1262306319 0 0.5 1 0.4 0.5 0.5 0.5 0.5 0.5 0.5 0.5 0.5 0.5 
1262306330 0 0.5 1 0.4 0.5 0.5 0.5 0.5 0.5 0.5 0.5 0.5 0.5 
1262306358 0 0.5 1 0.4 0.5 0.5 0.5 0.5 0.5 0.5 0.5 0.5 0.5 
1262306363 0 0.5 1 0.4 0.5 0.5 0.5 0.5 0.5 0.5 0.5 0.5 0.5 
1262306364 0 0.5 1 0.4 0.5 0.5 0.5 0.5 0.5 0.5 0.5 0.5 0.5 
1262306370 0 0.5 1 0.4 0.5 0.5 0.5 0.5 0.5 0.5 0.5 0.5 0.5 
1262306383 0 0.5 1 0.4 0.5 0.5 0.5 0.5 0.5 0.5 0.5 0.5 0.5 
1262306404 0 0.5 1 0.4 0.5 0.4 0.5 0.5 0.5 0.5 0.5 0.5 0.5 
1262306419 0 0.5 1 0.4 0.5 0.4 0.5 0.5 0.5 0.5 0.5 0.5 0.5 
1262306430 0 0.5 1 0.4 0.5 0.4 0.5 0.5 0.5 0.5 0.5 0.5 0.5 
1262306458 0 0.5 1 0.4 0.5 0.4 0.5 0.5 0.5 0.5 0.5 0.5 0.5 
1262306463 0 0.5 1 0.4 0.5 0.4 0.5 0.5 0.5 0.5 0.5 0.5 0.5 
1262306464 0 0.5 1 0.4 0.5 0.4 0.5 0.5 0.5 0.5 0.4 0.5 0.5 
1262306470 0 0.5 1 0.4 0.5 0.4 0.5 0.5 0.5 0.5 0.4 0.5 0.5 
1262306483 0 0.5 1 0.4 0.5 0.4 0.5 0.5 0.5 0.5 0.4 0.5 0.5 
1262306504 0 0.5 1 0.4 0.5 0.5 0.5 0.5 0.5 0.5 0.4 0.5 0.5 
1262306519 0 0.5 1 0.4 0.5 0.5 0.5 0.5 0.5 0.5 0.4 0.5 0.5 
1262306530 0 0.5 1 0.4 0.5 0.5 0.5 0.5 0.5 0.5 0.4 0.5 0.5 
1262306558 0 0.5 1 0.4 0.5 0.5 0.5 0.5 0.5 0.5 0.4 0.5 0.5 
1262306563 0 0.5 1 0.4 0.5 0.5 0.5 0.5 0.5 0.5 0.4 0.5 0.5 
1262306564 0 0.5 1 0.4 0.5 0.5 0.5 0.5 0.5 0.5 0.5 0.5 0.5 
1262306570 0 0.5 1 0.4 0.5 0.5 0.5 0.5 0.5 0.5 0.5 0.5 0.5 
1262306583 0 0.5 1 0.4 0.5 0.5 0.5 0.5 0.5 0.5 0.5 0.5 0.5 
1262306604 0 0.5 1 0.4 0.5 0.5 0.5 0.5 0.5 0.5 0.5 0.5 0.5 
1262306619 0 0.5 1 0.4 0.5 0.5 0.5 0.5 0.5 0.5 0.5 0.5 0.5 
1262306630 0 0.5 1 0.5 0.5 0.5 0.5 0.5 0.5 0.5 0.5 0.5 0.5 
1262306658 0 0.5 1 0.5 0.5 0.5 0.5 0.5 0.5 0.5 0.5 0.5 0.5 
1262306663 0 0.5 1 0.5 0.5 0.5 0.5 0.5 0.5 0.5 0.5 0.5 0.5 
1262306664 0 0.5 1 0.5 0.5 0.5 0.5 0.5 0.5 0.5 0.5 0.5 0.5 
1262306670 0 0.5 1 0.5 0.5 0.5 0.5 0.5 0.5 0.5 0.5 0.5 0.5 
1262306683 0 0.5 1 0.5 0.5 0.5 0.5 0.5 0.5 0.5 0.5 0.5 0.5 
1262306704 0 0.5 1 0.5 0.5 0.5 0.5 0.5 0.5 0.5 0.5 0.5 0.5 
1262306719 0 0.5 1 0.5 0.5 0.5 0.5 0.5 0.5 0.5 0.5 0.5 0.5 
1262306730 0 0.5 1 0.5 0.5 0.5 0.5 0.5 0.5 0.5 0.5 0.5 0.5 
1262306758 0 0.5 1 0.5 0.5 0.5 0.5 0.6 0.5 0.5 0.5 0.5 0.5 
1262306763 0 0.5 1 0.5 0.5 0.5 0.5 0.6 0.5 0.5 0.5 0.5 0.5 
1262306764 0 0.5 1 0.5 0.5 0.5 0.5 0.6 0.5 0.5 0.5 0.5 0.5 
1262306770 0 0.5 1 0.5 0.5 0.5 0.5 0.6 0.5 0.5 0.5 0.5 0.5 
1262306783 0 0.5 1 0.5 0.6 0.5 0.5 0.6 0.5 0.5 0.5 0.5 0.5 
1262306804 0 0.5 1 0.5 0.6 0.5 0.5 0.6 0.5 0.5 0.5 0.5 0.5 
1262306819 0 0.5 1 0.5 0.6 0.5 0.5 0.6 0.5 0.5 0.5 0.5 0.5 
1262306830 0 0.5 1 0.5 0.6 0.5 0.5 0.6 0.5 0.5 0.5 0.5 0.5 
1262306858 0 0.5 1 0.5 0.6 0.5 0.5 0.6 0.5 0.5 0.5 0.5 0.5 
1262306863 0 0.5 1 0.5 0.6 0.5 0.5 0.6 0.5 0.5 0.5 0.5 0.5 
1262306864 0 0.5 1 0.5 0.6 0.5 0.5 0.6 0.5 0.5 0.5 0.5 0.5 
1262306883 0 0.5 1 0.5 0.5 0.5 0.5 0.6 0.5 0.5 0.5 0.5 0.5 
1262306904 0 0.5 1 0.5 0.5 0.5 0.5 0.6 0.5 0.5 0.5 0.5 0.5 
1262306919 0 0.5 1 0.5 0.5 0.5 0.5 0.6 0.5 0.5 0.5 0.5 0.5 
1262306930 0 0.5 1 0.5 0.5 0.5 0.5 0.6 0.5 0.5 0.5 0.5 0.5 
1262306958 0 0.5 1 0.5 0.5 0.5 0.5 0.6 0.5 0.5 0.5 0.5 0.5 
1262306963 0 0.5 1 0.5 0.5 0.5 0.5 0.6 0.5 0.5 0.5 0.4 0.5 
1262306964 0 0.5 1 0.5 0.5 0.5 0.5 0.6 0.5 0.5 0.5 0.4 0.5 
1262306983 0 0.5 1 0.5 0.5 0.5 0.5 0.6 0.5 0.5 0.5 0.4 0.5 
1262306989 0 0.5 1 0.5 0.5 0.5 0.5 0.6 0.5 0.5 0.5 0.4 0.5 
1262307004 0 0.5 1 0.5 0.5 0.5 0.5 0.6 0.5 0.5 0.5 0.4 0.5 
1262307019 0 0.5 1 0.5 0.5 0.5 0.5 0.6 0.5 0.5 0.5 0.4 0.5 
1262307030 0 0.5 1 0.5 0.5 0.5 0.5 0.6 0.5 0.5 0.5 0.4 0.5 
1262307063 0 0.5 1 0.5 0.5 0.5 0.5 0.6 0.5 0.5 0.5 0.4 0.5 
1262307064 0 0.5 1 0.5 0.5 0.5 0.5 0.6 0.5 0.5 0.5 0.4 0.5 
1262307066 0 0.5 1 0.5 0.5 0.5 0.5 0.6 0.5 0.5 0.5 0.4 0.5 
1262307083 0 0.5 1 0.5 0.5 0.5 0.5 0.6 0.5 0.5 0.5 0.4 0.5 
1262307089 0 0.5 1 0.5 0.5 0.5 0.5 0.6 0.5 0.5 0.5 0.4 0.5 
1262307104 0 0.5 1 0.5 0.5 0.5 0.6 0.6 0.5 0.5 0.5 0.4 0.5 
1262307119 0 0.6 1 0.5 0.5 0.5 0.6 0.6 0.5 0.5 0.5 0.4 0.5 
1262307130 0 0.6 1 0.5 0.5 0.5 0.6 0.6 0.5 0.5 0.5 0.4 0.5 
1262307163 0 0.6 1 0.5 0.5 0.5 0.6 0.6 0.5 0.5 0.5 0.4 0.5 
1262307164 0 0.6 1 0.5 0.5 0.5 0.6 0.6 0.5 0.5 0.5 0.4 0.5 
1262307166 0 0.6 1 0.5 0.5 0.5 0.6 0.5 0.5 0.5 0.5 0.4 0.5 
1262307183 0 0.6 1 0.5 0.5 0.5 0.6 0.5 0.5 0.5 0.5 0.4 0.5 
1262307189 0 0.6 1 0.5 0.5 0.5 0.6 0.5 0.5 0.5 0.5 0.4 0.5 
1262307204 0 0.6 1 0.5 0.5 0.6 0.6 0.5 0.5 0.5 0.5 0.4 0.5 
1262307219 0 0.5 1 0.5 0.5 0.6 0.6 0.5 0.5 0.5 0.5 0.4 0.5 
1262307230 0 0.5 1 0.6 0.5 0.6 0.6 0.5 0.5 0.5 0.5 0.4 0.5 
1262307264 0 0.5 1 0.6 0.5 0.6 0.6 0.5 0.5 0.5 0.5 0.4 0.5 
1262307283 0 0.5 1 0.6 0.5 0.6 0.6 0.5 0.5 0.5 0.5 0.4 0.5 
1262307289 0 0.5 1 0.6 0.5 0.6 0.6 0.5 0.5 0.5 0.5 0.4 0.5 
1262307304 0 0.5 1 0.6 0.5 0.6 0.6 0.5 0.5 0.5 0.5 0.4 0.5 
1262307319 0 0.5 1 0.6 0.5 0.6 0.6 0.5 0.5 0.5 0.5 0.4 0.5 
1262307330 0 0.5 1 0.6 0.5 0.6 0.6 0.5 0.5 0.5 0.5 0.4 0.5 
1262307364 0 0.5 1 0.6 0.5 0.6 0.6 0.5 0.5 0.5 0.5 0.4 0.5 
1262307383 0 0.5 1 0.6 0.5 0.6 0.6 0.5 0.5 0.5 0.5 0.4 0.5 
1262307389 0 0.5 1 0.6 0.5 0.6 0.6 0.5 0.5 0.5 0.5 0.4 0.5 
1262307404 0 0.5 1 0.6 0.5 0.6 0.6 0.5 0.5 0.5 0.5 0.4 0.5 
1262307413 0 0.5 1 0.6 0.5 0.6 0.6 0.5 0.5 0.5 0.5 0.4 0.5 
1262307419 0 0.5 1 0.6 0.5 0.6 0.6 0.5 0.5 0.5 0.5 0.4 0.5 
1262307430 0 0.5 1 0.6 0.5 0.6 0.6 0.5 0.5 0.5 0.5 0.4 0.5 
1262307446 0 0.5 1 0.6 0.5 0.6 0.6 0.5 0.5 0.5 0.5 0.5 0.5 
1262307464 0 0.5 1 0.6 0.5 0.6 0.6 0.5 0.5 0.5 0.5 0.5 0.5 
1262307479 0 0.5 1 0.6 0.5 0.6 0.6 0.5 0.5 0.5 0.5 0.5 0.5 
1262307489 0 0.5 1 0.6 0.5 0.6 0.6 0.5 0.5 0.5 0.5 0.5 0.5 
1262307504 0 0.5 1 0.6 0.5 0.6 0.6 0.5 0.5 0.5 0.5 0.5 0.5 
1262307513 0 0.5 1 0.6 0.5 0.6 0.6 0.5 0.5 0.5 0.5 0.5 0.5 
1262307530 0 0.5 1 0.6 0.5 0.6 0.6 0.5 0.5 0.5 0.5 0.5 0.5 
1262307546 0 0.5 1 0.6 0.5 0.6 0.6 0.5 0.5 0.5 0.5 0.5 0.5 
1262307564 0 0.5 1 0.6 0.5 0.6 0.6 0.5 0.5 0.5 0.5 0.5 0.5 
1262307579 0 0.5 1 0.6 0.5 0.6 0.6 0.5 0.5 0.5 0.5 0.5 0.5 
1262307589 0 0.5 1 0.6 0.5 0.6 0.6 0.5 0.5 0.5 0.5 0.5 0.5 
1262307602 0 0.5 1 0.6 0.5 0.6 0.6 0.5 0.5 0.5 0.5 0.5 0.5 
1262307604 0 0.5 1 0.6 0.5 0.6 0.6 0.5 0.5 0.5 0.5 0.5 0.5 
1262307613 0 0.5 1 0.6 0.5 0.6 0.6 0.5 0.5 0.5 0.5 0.5 0.5 
1262307630 0 0.5 1 0.6 0.5 0.6 0.6 0.5 0.5 0.5 0.5 0.5 0.5 
1262307635 0 0.5 1 0.6 0.5 0.6 0.6 0.5 0.5 0.5 0.5 0.5 0.5 
1262307646 0 0.5 1 0.6 0.5 0.6 0.6 0.5 0.5 0.5 0.5 0.5 0.5 
1262307664 0 0.5 1 0.6 0.5 0.6 0.6 0.5 0.5 0.5 0.5 0.5 0.5 
1262307679 0 0.5 1 0.6 0.5 0.6 0.6 0.5 0.5 0.5 0.5 0.5 0.5 
1262307689 0 0.5 1 0.6 0.5 0.6 0.6 0.5 0.5 0.5 0.5 0.5 0.5 
1262307702 0 0.5 1 0.6 0.5 0.6 0.6 0.5 0.5 0.5 0.5 0.5 0.5 
1262307704 0 0.5 1 0.6 0.5 0.6 0.6 0.5 0.5 0.5 0.5 0.5 0.5 
1262307713 0 0.5 1 0.6 0.5 0.6 0.6 0.5 0.5 0.5 0.5 0.5 0.5 
1262307730 0 0.5 1 0.6 0.5 0.6 0.6 0.5 0.5 0.5 0.5 0.5 0.5 
1262307735 0 0.6 1 0.6 0.5 0.6 0.6 0.5 0.5 0.5 0.5 0.5 0.5 
1262307746 0 0.6 1 0.6 0.5 0.6 0.6 0.5 0.5 0.5 0.5 0.5 0.5 
1262307764 0 0.6 1 0.6 0.5 0.6 0.6 0.5 0.5 0.5 0.5 0.5 0.5 
1262307779 0 0.6 1 0.6 0.5 0.6 0.6 0.5 0.5 0.5 0.5 0.5 0.5 
1262307789 0 0.6 1 0.6 0.5 0.6 0.6 0.5 0.5 0.5 0.5 0.5 0.5 
1262307802 0 0.6 1 0.6 0.5 0.6 0.6 0.5 0.5 0.5 0.5 0.5 0.5 
1262307804 0 0.6 1 0.6 0.5 0.6 0.6 0.5 0.5 0.5 0.5 0.5 0.5 
1262307813 0 0.6 1 0.6 0.5 0.6 0.6 0.5 0.5 0.5 0.5 0.5 0.5 
1262307830 0 0.6 1 0.5 0.5 0.6 0.6 0.5 0.5 0.5 0.5 0.5 0.5 
1262307835 0 0.5 1 0.5 0.5 0.6 0.6 0.5 0.5 0.5 0.5 0.5 0.5 
1262307846 0 0.5 1 0.5 0.5 0.6 0.6 0.5 0.5 0.5 0.5 0.5 0.5 
1262307864 0 0.5 1 0.5 0.5 0.6 0.6 0.5 0.5 0.5 0.5 0.5 0.5 
1262307879 0 0.5 1 0.5 0.5 0.6 0.6 0.5 0.6 0.5 0.5 0.5 0.5 
1262307889 0 0.5 1 0.5 0.5 0.6 0.6 0.5 0.6 0.5 0.5 0.5 0.5 
1262307902 0 0.5 1 0.5 0.6 0.6 0.6 0.5 0.6 0.5 0.5 0.5 0.5 
1262307904 0 0.5 1 0.5 0.6 0.6 0.6 0.5 0.6 0.5 0.5 0.5 0.5 
1262307913 0 0.5 1 0.5 0.6 0.6 0.6 0.6 0.6 0.5 0.5 0.5 0.5 
1262307930 0 0.5 1 0.5 0.6 0.6 0.6 0.6 0.6 0.5 0.5 0.5 0.5 
1262307935 0 0.5 1 0.5 0.6 0.6 0.6 0.6 0.6 0.5 0.5 0.5 0.5 
1262307946 0 0.5 1 0.5 0.6 0.6 0.6 0.6 0.6 0.5 0.5 0.5 0.5 
1262307964 0 0.5 1 0.5 0.6 0.6 0.6 0.6 0.6 0.5 0.5 0.5 0.5 
1262307979 0 0.5 1 0.5 0.6 0.6 0.6 0.6 0.5 0.5 0.5 0.5 0.5 
1262307989 0 0.5 1 0.5 0.6 0.6 0.6 0.6 0.5 0.5 0.5 0.5 0.5 
1262308002 0 0.5 1 0.5 0.6 0.6 0.6 0.6 0.5 0.5 0.5 0.5 0.5 
1262308004 0 0.5 1 0.5 0.6 0.6 0.6 0.6 0.5 0.5 0.5 0.5 0.5 
1262308013 0 0.5 1 0.5 0.6 0.6 0.6 0.5 0.5 0.5 0.5 0.5 0.5 
1262308030 0 0.5 1 0.5 0.6 0.6 0.6 0.5 0.5 0.5 0.5 0.5 0.5 
1262308035 0 0.5 1 0.5 0.6 0.6 0.5 0.5 0.5 0.5 0.5 0.5 0.5 
1262308046 0 0.5 1 0.5 0.6 0.6 0.5 0.5 0.5 0.5 0.5 0.5 0.5 
1262308064 0 0.5 1 0.5 0.6 0.6 0.5 0.5 0.5 0.5 0.5 0.5 0.5 
1262308079 0 0.5 1 0.5 0.6 0.6 0.5 0.5 0.5 0.5 0.5 0.5 0.5 
1262308089 0 0.5 1 0.5 0.6 0.6 0.5 0.5 0.5 0.5 0.5 0.5 0.5 
1262308102 0 0.5 1 0.5 0.6 0.6 0.5 0.5 0.5 0.5 0.5 0.5 0.5 
1262308104 0 0.5 1 0.5 0.6 0.6 0.5 0.5 0.5 0.5 0.5 0.5 0.5 
1262308113 0 0.5 1 0.5 0.6 0.6 0.5 0.5 0.5 0.5 0.5 0.5 0.5 
1262308130 0 0.5 1 0.5 0.6 0.6 0.5 0.5 0.5 0.5 0.5 0.5 0.5 
1262308135 0 0.5 1 0.5 0.6 0.6 0.5 0.5 0.5 0.5 0.5 0.5 0.5 
1262308146 0 0.5 1 0.5 0.6 0.6 0.5 0.5 0.5 0.5 0.5 0.5 0.5 
1262308164 0 0.5 1 0.5 0.6 0.6 0.5 0.5 0.5 0.5 0.5 0.5 0.5 
1262308179 0 0.5 1 0.5 0.6 0.6 0.5 0.5 0.5 0.5 0.5 0.5 0.5 
1262308189 0 0.5 1 0.5 0.6 0.6 0.5 0.5 0.5 0.6 0.5 0.5 0.5 
1262308202 0 0.5 1 0.5 0.5 0.6 0.5 0.5 0.5 0.6 0.5 0.5 0.5 
1262308204 0 0.5 1 0.5 0.5 0.6 0.5 0.5 0.5 0.6 0.5 0.5 0.5 
1262308213 0 0.5 1 0.5 0.5 0.6 0.5 0.5 0.5 0.6 0.5 0.5 0.5 
1262308221 0 0.5 1 0.5 0.5 0.6 0.5 0.5 0.5 0.6 0.5 0.5 0.5 
1262308230 0 0.5 1 0.5 0.5 0.6 0.5 0.5 0.5 0.6 0.5 0.5 0.5 
1262308235 0 0.5 1 0.5 0.5 0.6 0.5 0.5 0.5 0.6 0.5 0.5 0.5 
1262308246 0 0.5 1 0.5 0.5 0.5 0.5 0.5 0.5 0.6 0.5 0.5 0.5 
1262308279 0 0.5 1 0.5 0.5 0.5 0.5 0.5 0.5 0.6 0.5 0.5 0.5 
1262308289 0 0.5 1 0.5 0.5 0.5 0.5 0.5 0.5 0.6 0.5 0.5 0.5 
1262308301 0 0.5 1 0.5 0.5 0.5 0.5 0.5 0.5 0.6 0.5 0.5 0.5 
1262308302 0 0.5 1 0.5 0.5 0.5 0.5 0.5 0.5 0.6 0.5 0.5 0.5 
1262308304 0 0.5 1 0.5 0.5 0.5 0.5 0.5 0.5 0.6 0.5 0.5 0.5 
1262308313 0 0.5 1 0.5 0.5 0.5 0.5 0.5 0.5 0.6 0.5 0.5 0.5 
1262308321 0 0.5 1 0.5 0.5 0.5 0.5 0.5 0.5 0.6 0.5 0.5 0.5 
1262308330 0 0.5 1 0.5 0.5 0.5 0.5 0.5 0.5 0.6 0.5 0.5 0.5 
1262308335 0 0.5 1 0.5 0.5 0.5 0.5 0.5 0.5 0.6 0.5 0.5 0.5 
1262308346 0 0.5 1 0.5 0.5 0.5 0.5 0.5 0.5 0.6 0.5 0.5 0.5 
1262308379 0 0.5 1 0.5 0.5 0.5 0.5 0.5 0.5 0.6 0.5 0.5 0.5 
1262308389 0 0.5 1 0.5 0.5 0.5 0.5 0.5 0.5 0.6 0.5 0.5 0.5 
1262308401 0 0.5 1 0.5 0.5 0.5 0.5 0.5 0.5 0.6 0.5 0.5 0.5 
1262308402 0 0.5 1 0.5 0.5 0.5 0.5 0.5 0.5 0.6 0.5 0.5 0.5 
1262308404 0 0.5 1 0.5 0.5 0.5 0.5 0.5 0.5 0.6 0.5 0.5 0.5 
1262308413 0 0.5 1 0.5 0.5 0.5 0.5 0.5 0.5 0.6 0.5 0.5 0.5 
1262308421 0 0.5 1 0.5 0.5 0.5 0.5 0.5 0.5 0.6 0.5 0.5 0.5 
1262308430 0 0.5 1 0.5 0.5 0.5 0.5 0.5 0.5 0.6 0.5 0.5 0.5 
1262308435 0 0.5 1 0.5 0.5 0.5 0.5 0.5 0.5 0.6 0.5 0.5 0.5 
1262308446 0 0.5 1 0.5 0.5 0.5 0.5 0.5 0.5 0.6 0.5 0.5 0.5 
1262308479 0 0.5 1 0.5 0.5 0.5 0.5 0.5 0.5 0.6 0.5 0.5 0.5 
1262308489 0 0.5 1 0.5 0.5 0.5 0.5 0.5 0.5 0.6 0.5 0.5 0.5 
