arrived:	node3#1	1
arrived:	node3#57	1
arrived:	node3#7	1
arrived:	node3#9	1
arrived:	node1#14	1
arrived:	node1#30	1
arrived:	node3#17	1
arrived:	node3#56	1
arrived:	node3#59	1
arrived:	node3#4	1
arrived:	node3#55	1
arrived:	node3#22	1
arrived:	node1#42	1
arrived:	node3#54	1
arrived:	node3#51	1
arrived:	node3#53	1
arrived:	node1#13	1
arrived:	node1#15	1
arrived:	node3#60	1
arrived:	node3#5	1
arrived:	node3#3	1
arrived:	node3#52	1
arrived:	node3#47	1
arrived:	node3#20	1
arrived:	node3#49	1
arrived:	node3#48	1
arrived:	node3#2	1
arrived:	node1#49	1
arrived:	node3#42	1
arrived:	node3#19	1
arrived:	node1#46	1
arrived:	node1#2	1
arrived:	node1#1	1
arrived:	node1#3	1
arrived:	node1#47	1
arrived:	node3#46	1
arrived:	node1#50	1
arrived:	node3#21	1
arrived:	node3#18	1
arrived:	node1#29	1
arrived:	node1#31	1
arrived:	node3#44	1
arrived:	node3#45	1
arrived:	node1#4	1
arrived:	node3#28	1
arrived:	node1#12	1
arrived:	node1#52	1
arrived:	node1#45	1
arrived:	node3#26	1
arrived:	node3#27	1
arrived:	node3#10	1
arrived:	node3#25	1
arrived:	node3#6	1
arrived:	node1#48	1
arrived:	node1#41	1
arrived:	node1#51	1
arrived:	node3#8	1
arrived:	node1#32	1
arrived:	node1#33	1
arrived:	node1#11	1
arrived:	node3#23	1
arrived:	node3#58	1
arrived:	node3#24	1
arrived:	node3#43	1
NOTIFS:
node3	:	60	sent
node1	:	60	sent
SUBS:
on	node1
	node1	:	24	received
on	node3
	node3	:	40	received
1262304604 - 0.5 - - - - - - 0.5 - - - - 
1262304704 - 0.5 - - - - - - 0.5 - - - - 
1262304804 - 0.5 - - - 0.5 - 0.5 0.5 0.5 0.5 - - 
1262304904 - 0.5 - - 0.5 0.5 - 0.5 0.5 0.5 0.5 - - 
1262305004 0 0.5 1 - 0.5 0.5 - 0.5 0.5 0.5 0.5 0 0.5 
1262305104 0 0.5 1 - 0.5 0.5 - 0.5 0.5 0.5 0.5 0.16666666666667 0.5 
1262305204 0 0.5 1 0.5 0.5 0.5 0.5 0.5 0.5 0.4 0.5 0.16666666666667 0.5 
1262305304 0 0.5 1 0.4 0.5 0.5 0.5 0.5 0.5 0.5 0.5 0.4 0.5 
1262305404 0 0.5 1 0.4 0.5 0.5 0.5 0.5 0.5 0.5 0.5 0.5 0.5 
1262305504 0 0.5 1 0.4 0.5 0.5 0.5 0.5 0.5 0.5 0.5 0.5 0.5 
1262305604 0 0.5 1 0.5 0.5 0.5 0.5 0.5 0.5 0.5 0.5 0.5 0.5 
1262305704 0 0.5 1 0.5 0.5 0.5 0.5 0.5 0.5 0.4 0.5 0.4 0.5 
1262305712 0 0.5 1 0.5 0.5 0.5 0.5 0.5 0.5 0.4 0.5 0.4 0.5 
1262305804 0 0.5 1 0.5 0.5 0.5 0.5 0.5 0.5 0.4 0.5 0.4 0.5 
1262305812 0 0.5 1 0.5 0.5 0.5 0.5 0.5 0.5 0.4 0.5 0.4 0.5 
1262305904 0 0.5 1 0.5 0.5 0.5 0.5 0.5 0.5 0.5 0.5 0.4 0.5 
1262305912 0 0.5 1 0.5 0.5 0.5 0.5 0.5 0.5 0.5 0.5 0.4 0.4 
1262306004 0 0.6 1 0.5 0.5 0.5 0.5 0.5 0.5 0.5 0.5 0.5 0.4 
1262306012 0 0.6 1 0.5 0.5 0.5 0.5 0.5 0.5 0.5 0.5 0.5 0.5 
1262306033 0 0.6 1 0.5 0.5 0.5 0.5 0.5 0.5 0.5 0.5 0.5 0.5 
1262306104 0 0.5 1 0.5 0.5 0.5 0.5 0.5 0.5 0.5 0.5 0.5 0.5 
1262306112 0 0.5 1 0.5 0.5 0.5 0.5 0.5 0.5 0.5 0.5 0.5 0.5 
1262306204 0 0.5 1 0.5 0.5 0.5 0.6 0.5 0.5 0.5 0.5 0.5 0.5 
1262306212 0 0.5 1 0.5 0.5 0.5 0.6 0.5 0.5 0.5 0.5 0.5 0.5 
1262306304 0 0.5 1 0.5 0.5 0.5 0.6 0.5 0.5 0.5 0.5 0.5 0.5 
1262306309 0 0.5 1 0.5 0.5 0.5 0.6 0.5 0.5 0.5 0.5 0.5 0.5 
1262306312 0 0.5 1 0.5 0.5 0.5 0.6 0.5 0.5 0.5 0.5 0.5 0.5 
1262306375 0 0.5 1 0.5 0.5 0.5 0.6 0.5 0.5 0.5 0.5 0.5 0.5 
1262306385 0 0.5 1 0.5 0.5 0.5 0.6 0.5 0.5 0.5 0.5 0.5 0.5 
1262306404 0 0.5 1 0.5 0.6 0.5 0.6 0.5 0.5 0.5 0.5 0.5 0.5 
1262306409 0 0.5 1 0.5 0.6 0.5 0.6 0.5 0.5 0.5 0.5 0.5 0.5 
1262306412 0 0.5 1 0.5 0.6 0.5 0.6 0.5 0.5 0.5 0.5 0.5 0.5 
1262306475 0 0.5 1 0.5 0.6 0.5 0.6 0.5 0.5 0.5 0.5 0.5 0.5 
1262306504 0 0.5 1 0.5 0.6 0.5 0.5 0.5 0.5 0.5 0.5 0.5 0.5 
1262306509 0 0.5 1 0.5 0.6 0.5 0.5 0.5 0.5 0.5 0.5 0.5 0.5 
1262306512 0 0.5 1 0.5 0.6 0.5 0.5 0.5 0.5 0.5 0.5 0.5 0.5 
1262306575 0 0.4 1 0.5 0.6 0.5 0.5 0.5 0.5 0.5 0.5 0.5 0.5 
1262306604 0 0.4 1 0.5 0.6 0.5 0.5 0.5 0.5 0.5 0.5 0.5 0.5 
1262306609 0 0.4 1 0.5 0.6 0.5 0.5 0.5 0.5 0.5 0.5 0.5 0.5 
1262306612 0 0.4 1 0.5 0.6 0.5 0.5 0.5 0.5 0.5 0.5 0.5 0.5 
1262306648 0 0.4 1 0.5 0.5 0.5 0.5 0.5 0.5 0.5 0.5 0.5 0.5 
1262306704 0 0.4 1 0.5 0.5 0.5 0.5 0.4 0.5 0.5 0.5 0.5 0.5 
1262306709 0 0.4 1 0.5 0.5 0.5 0.5 0.4 0.5 0.5 0.5 0.5 0.5 
1262306712 0 0.4 1 0.5 0.5 0.5 0.5 0.4 0.5 0.5 0.5 0.5 0.5 
1262306748 0 0.4 1 0.5 0.4 0.5 0.5 0.4 0.5 0.5 0.5 0.5 0.5 
1262306792 0 0.4 1 0.5 0.4 0.5 0.5 0.4 0.5 0.5 0.5 0.5 0.5 
1262306804 0 0.4 1 0.5 0.4 0.5 0.4 0.4 0.5 0.5 0.5 0.4 0.5 
1262306809 0 0.4 1 0.4 0.4 0.5 0.4 0.4 0.5 0.5 0.5 0.4 0.5 
1262306812 0 0.4 1 0.4 0.4 0.5 0.4 0.4 0.5 0.5 0.5 0.4 0.5 
1262306848 0 0.4 1 0.4 0.4 0.5 0.4 0.4 0.5 0.5 0.5 0.4 0.5 
1262306892 0 0.5 1 0.4 0.4 0.5 0.4 0.4 0.5 0.5 0.5 0.4 0.5 
1262306904 0 0.5 1 0.4 0.4 0.5 0.4 0.4 0.5 0.5 0.4 0.4 0.5 
1262306909 0 0.5 1 0.4 0.4 0.5 0.4 0.4 0.5 0.5 0.4 0.4 0.5 
1262306912 0 0.5 1 0.4 0.4 0.5 0.4 0.4 0.5 0.5 0.4 0.4 0.5 
1262306948 0 0.5 1 0.4 0.4 0.5 0.4 0.4 0.5 0.5 0.4 0.4 0.5 
1262306992 0 0.4 1 0.4 0.4 0.5 0.4 0.4 0.5 0.5 0.4 0.4 0.5 
1262307004 0 0.4 1 0.4 0.4 0.5 0.6 0.4 0.5 0.5 0.4 0.6 0.5 
1262307009 0 0.4 1 0.4 0.4 0.5 0.6 0.4 0.5 0.5 0.4 0.6 0.5 
1262307012 0 0.4 1 0.4 0.4 0.5 0.6 0.4 0.5 0.5 0.4 0.6 0.5 
1262307048 0 0.4 1 0.4 0.4 0.5 0.6 0.4 0.5 0.5 0.4 0.6 0.5 
1262307052 0 0.4 1 0.4 0.4 0.5 0.6 0.4 0.5 0.5 0.4 0.6 0.5 
1262307092 0 0.5 1 0.4 0.4 0.5 0.6 0.4 0.5 0.5 0.4 0.6 0.5 
1262307104 0 0.5 1 0.4 0.4 0.5 0.7 0.4 0.5 0.5 0.5 0.6 0.5 
1262307109 0 0.5 1 0.6 0.4 0.5 0.7 0.4 0.5 0.5 0.5 0.6 0.5 
1262307112 0 0.5 1 0.6 0.4 0.5 0.7 0.4 0.5 0.5 0.5 0.6 0.5 
1262307148 0 0.5 1 0.6 0.4 0.5 0.7 0.4 0.5 0.5 0.5 0.6 0.5 
1262307192 0 0.5 1 0.6 0.4 0.5 0.7 0.4 0.5 0.5 0.5 0.6 0.5 
1262307204 0 0.5 1 0.6 0.4 0.5 0.7 0.5 0.5 0.5 0.5 0.6 0.5 
1262307209 0 0.5 1 0.6 0.4 0.5 0.7 0.5 0.5 0.5 0.5 0.6 0.5 
1262307212 0 0.5 1 0.6 0.4 0.5 0.7 0.5 0.5 0.5 0.5 0.6 0.5 
1262307248 0 0.5 1 0.6 0.4 0.5 0.7 0.5 0.5 0.5 0.5 0.6 0.5 
1262307292 0 0.5 1 0.6 0.4 0.5 0.7 0.5 0.5 0.5 0.5 0.6 0.5 
1262307304 0 0.5 1 0.6 0.4 0.5 0.5 0.5 0.5 0.5 0.5 0.6 0.5 
1262307312 0 0.5 1 0.6 0.4 0.5 0.5 0.5 0.5 0.5 0.5 0.6 0.5 
1262307329 0 0.5 1 0.6 0.4 0.5 0.5 0.5 0.5 0.5 0.5 0.6 0.5 
1262307348 0 0.5 1 0.6 0.4 0.5 0.5 0.5 0.5 0.5 0.5 0.6 0.5 
1262307392 0 0.5 1 0.6 0.4 0.5 0.5 0.5 0.5 0.5 0.5 0.6 0.5 
1262307404 0 0.5 1 0.6 0.4 0.5 0.5 0.5 0.4 0.5 0.5 0.5 0.5 
1262307412 0 0.5 1 0.6 0.4 0.5 0.5 0.5 0.4 0.5 0.5 0.5 0.5 
1262307429 0 0.5 1 0.6 0.4 0.5 0.5 0.5 0.4 0.5 0.5 0.5 0.5 
1262307444 0 0.5 1 0.6 0.4 0.5 0.5 0.5 0.4 0.5 0.5 0.5 0.5 
1262307448 0 0.5 1 0.6 0.5 0.5 0.5 0.5 0.4 0.5 0.5 0.5 0.5 
1262307492 0 0.5 1 0.6 0.5 0.5 0.5 0.5 0.4 0.5 0.5 0.5 0.5 
1262307503 0 0.5 1 0.6 0.5 0.5 0.5 0.5 0.4 0.5 0.5 0.5 0.5 
1262307504 0 0.5 1 0.6 0.5 0.5 0.5 0.5 0.4 0.5 0.5 0.5 0.5 
1262307512 0 0.5 1 0.6 0.5 0.5 0.5 0.5 0.4 0.5 0.5 0.5 0.5 
1262307529 0 0.5 1 0.6 0.5 0.5 0.5 0.5 0.4 0.5 0.5 0.5 0.5 
1262307544 0 0.5 1 0.5 0.5 0.5 0.5 0.5 0.4 0.5 0.5 0.5 0.5 
1262307548 0 0.5 1 0.5 0.4 0.5 0.5 0.5 0.4 0.5 0.5 0.5 0.5 
1262307592 0 0.5 1 0.5 0.4 0.5 0.5 0.5 0.4 0.5 0.5 0.5 0.5 
1262307604 0 0.5 1 0.5 0.4 0.5 0.5 0.5 0.4 0.5 0.5 0.5 0.5 
1262307605 0 0.5 1 0.5 0.4 0.5 0.5 0.5 0.4 0.5 0.5 0.5 0.5 
1262307612 0 0.5 1 0.5 0.4 0.5 0.5 0.5 0.4 0.5 0.5 0.5 0.5 
1262307644 0 0.5 1 0.5 0.4 0.5 0.5 0.5 0.4 0.5 0.5 0.5 0.5 
1262307648 0 0.5 1 0.5 0.5 0.5 0.5 0.5 0.4 0.5 0.5 0.5 0.5 
1262307692 0 0.5 1 0.5 0.5 0.5 0.5 0.5 0.4 0.5 0.5 0.5 0.5 
1262307704 0 0.5 1 0.5 0.5 0.5 0.5 0.5 0.5 0.5 0.5 0.5 0.5 
1262307705 0 0.5 1 0.5 0.5 0.5 0.5 0.5 0.5 0.5 0.5 0.5 0.5 
1262307712 0 0.5 1 0.5 0.5 0.5 0.5 0.5 0.5 0.5 0.5 0.5 0.5 
1262307736 0 0.5 1 0.5 0.5 0.5 0.5 0.5 0.5 0.5 0.5 0.5 0.5 
1262307744 0 0.5 1 0.5 0.5 0.5 0.5 0.5 0.5 0.5 0.5 0.5 0.5 
1262307748 0 0.5 1 0.5 0.5 0.5 0.5 0.5 0.5 0.5 0.5 0.5 0.5 
1262307792 0 0.5 1 0.5 0.5 0.5 0.5 0.5 0.5 0.5 0.5 0.5 0.5 
1262307794 0 0.5 1 0.5 0.5 0.5 0.5 0.5 0.5 0.5 0.5 0.5 0.5 
1262307804 0 0.5 1 0.5 0.5 0.5 0.5 0.5 0.5 0.5 0.5 0.5 0.5 
1262307805 0 0.5 1 0.5 0.5 0.5 0.5 0.5 0.5 0.5 0.5 0.5 0.5 
1262307812 0 0.5 1 0.5 0.5 0.5 0.5 0.5 0.5 0.5 0.5 0.5 0.5 
1262307836 0 0.5 1 0.5 0.5 0.5 0.5 0.5 0.5 0.5 0.5 0.5 0.5 
1262307848 0 0.5 1 0.5 0.5 0.5 0.5 0.5 0.5 0.5 0.5 0.5 0.5 
1262307892 0 0.5 1 0.5 0.5 0.5 0.5 0.5 0.5 0.5 0.5 0.5 0.5 
1262307904 0 0.5 1 0.5 0.5 0.5 0.5 0.5 0.5 0.5 0.5 0.5 0.5 
1262307905 0 0.5 1 0.5 0.5 0.5 0.5 0.5 0.5 0.5 0.5 0.5 0.5 
1262307912 0 0.5 1 0.5 0.5 0.5 0.5 0.5 0.5 0.5 0.5 0.5 0.5 
1262307925 0 0.5 1 0.5 0.5 0.5 0.5 0.5 0.5 0.5 0.5 0.5 0.5 
1262307936 0 0.5 1 0.5 0.5 0.5 0.5 0.5 0.5 0.5 0.5 0.5 0.5 
1262307948 0 0.5 1 0.5 0.5 0.5 0.5 0.5 0.5 0.5 0.5 0.5 0.5 
1262307957 0 0.5 1 0.5 0.5 0.5 0.5 0.5 0.5 0.5 0.5 0.5 0.5 
1262307992 0 0.5 1 0.5 0.5 0.5 0.5 0.5 0.5 0.5 0.5 0.5 0.5 
1262308004 0 0.5 1 0.5 0.5 0.5 0.5 0.5 0.5 0.4 0.5 0.5 0.5 
1262308005 0 0.5 1 0.5 0.5 0.5 0.5 0.5 0.5 0.4 0.5 0.5 0.5 
1262308012 0 0.5 1 0.5 0.5 0.5 0.5 0.5 0.5 0.4 0.5 0.5 0.5 
1262308025 0 0.5 1 0.5 0.5 0.5 0.5 0.5 0.5 0.4 0.5 0.5 0.5 
1262308036 0 0.5 1 0.5 0.5 0.5 0.5 0.5 0.5 0.4 0.5 0.5 0.5 
1262308048 0 0.5 1 0.5 0.5 0.5 0.5 0.5 0.5 0.4 0.5 0.5 0.5 
1262308053 0 0.5 1 0.5 0.5 0.5 0.5 0.5 0.5 0.4 0.5 0.5 0.5 
1262308057 0 0.5 1 0.5 0.5 0.5 0.5 0.5 0.5 0.4 0.5 0.5 0.5 
1262308092 0 0.5 1 0.5 0.5 0.5 0.5 0.5 0.5 0.4 0.5 0.5 0.5 
1262308104 0 0.5 1 0.5 0.5 0.5 0.5 0.5 0.4 0.4 0.5 0.4 0.5 
1262308105 0 0.5 1 0.5 0.5 0.5 0.5 0.5 0.4 0.4 0.5 0.4 0.5 
1262308112 0 0.5 1 0.5 0.5 0.5 0.5 0.5 0.4 0.4 0.5 0.4 0.4 
1262308125 0 0.5 1 0.5 0.5 0.5 0.5 0.5 0.4 0.4 0.5 0.4 0.4 
1262308136 0 0.5 1 0.5 0.5 0.5 0.5 0.5 0.4 0.4 0.5 0.4 0.4 
1262308148 0 0.5 1 0.5 0.6 0.4 0.5 0.5 0.4 0.4 0.5 0.4 0.4 
1262308153 0 0.5 1 0.5 0.6 0.4 0.5 0.5 0.4 0.4 0.5 0.4 0.4 
1262308157 0 0.5 1 0.5 0.6 0.4 0.5 0.5 0.4 0.4 0.5 0.4 0.4 
1262308192 0 0.4 1 0.5 0.6 0.4 0.5 0.5 0.4 0.4 0.5 0.4 0.4 
1262308204 0 0.4 1 0.5 0.6 0.4 0.5 0.5 0.4 0.4 0.5 0.4 0.4 
1262308205 0 0.4 1 0.5 0.6 0.4 0.5 0.5 0.4 0.4 0.5 0.4 0.4 
1262308212 0 0.4 1 0.5 0.6 0.4 0.5 0.5 0.4 0.4 0.5 0.4 0.5 
1262308225 0 0.4 1 0.5 0.6 0.4 0.5 0.5 0.4 0.4 0.5 0.4 0.5 
1262308236 0 0.4 1 0.5 0.6 0.4 0.5 0.5 0.4 0.4 0.5 0.4 0.5 
1262308248 0 0.4 1 0.5 0.6 0.4 0.5 0.5 0.4 0.4 0.5 0.4 0.5 
1262308253 0 0.4 1 0.5 0.6 0.4 0.5 0.5 0.4 0.4 0.5 0.4 0.5 
1262308257 0 0.4 1 0.5 0.6 0.4 0.5 0.5 0.4 0.4 0.5 0.4 0.5 
1262308292 0 0.4 1 0.5 0.6 0.4 0.5 0.5 0.4 0.4 0.5 0.4 0.5 
1262308304 0 0.4 1 0.5 0.6 0.4 0.5 0.5 0.4 0.5 0.5 0.5 0.5 
1262308305 0 0.4 1 0.5 0.6 0.4 0.4 0.5 0.4 0.5 0.5 0.5 0.5 
1262308312 0 0.4 1 0.5 0.6 0.4 0.4 0.5 0.4 0.5 0.5 0.5 0.5 
1262308325 0 0.4 1 0.5 0.6 0.4 0.4 0.5 0.4 0.5 0.5 0.5 0.5 
1262308336 0 0.4 1 0.5 0.6 0.4 0.4 0.5 0.4 0.5 0.5 0.5 0.5 
1262308348 0 0.4 1 0.5 0.6 0.4 0.4 0.5 0.4 0.5 0.5 0.5 0.5 
1262308357 0 0.4 1 0.5 0.6 0.4 0.4 0.5 0.4 0.5 0.5 0.5 0.5 
1262308392 0 0.4 1 0.5 0.6 0.4 0.4 0.5 0.4 0.5 0.5 0.5 0.5 
1262308404 0 0.4 1 0.5 0.6 0.4 0.4 0.5 0.4 0.5 0.5 0.5 0.5 
1262308405 0 0.4 1 0.5 0.6 0.4 0.4 0.5 0.4 0.5 0.5 0.5 0.5 
1262308412 0 0.4 1 0.5 0.6 0.4 0.4 0.5 0.4 0.5 0.5 0.5 0.5 
1262308425 0 0.4 1 0.5 0.6 0.4 0.4 0.5 0.4 0.5 0.5 0.5 0.5 
1262308436 0 0.4 1 0.5 0.6 0.4 0.4 0.5 0.4 0.5 0.5 0.5 0.5 
1262308448 0 0.4 1 0.5 0.6 0.4 0.4 0.5 0.4 0.5 0.5 0.5 0.5 
1262308457 0 0.4 1 0.5 0.6 0.4 0.4 0.5 0.4 0.5 0.5 0.5 0.5 
1262308492 0 0.4 1 0.5 0.6 0.4 0.4 0.5 0.4 0.5 0.5 0.5 0.5 
