arrived:	node1#5	1
arrived:	node3#9	1
arrived:	node1#14	1
arrived:	node1#7	1
arrived:	node3#40	1
arrived:	node3#49	1
arrived:	node3#4	1
arrived:	node3#48	1
arrived:	node3#37	1
arrived:	node1#42	1
arrived:	node3#51	1
arrived:	node3#50	1
arrived:	node1#24	1
arrived:	node1#22	1
arrived:	node1#15	1
arrived:	node3#53	1
arrived:	node3#41	1
arrived:	node1#59	1
arrived:	node3#52	1
arrived:	node3#39	1
arrived:	node1#9	1
arrived:	node1#58	1
arrived:	node3#38	1
arrived:	node3#2	1
arrived:	node1#49	1
arrived:	node3#35	1
arrived:	node1#25	1
arrived:	node1#46	1
arrived:	node1#43	1
arrived:	node3#32	1
arrived:	node3#33	1
arrived:	node1#47	1
arrived:	node3#34	1
arrived:	node3#30	1
arrived:	node1#23	1
arrived:	node3#29	1
arrived:	node3#27	1
arrived:	node1#31	1
arrived:	node3#26	1
arrived:	node1#8	1
arrived:	node1#4	1
arrived:	node3#28	1
arrived:	node1#40	1
arrived:	node3#11	1
arrived:	node3#8	1
arrived:	node3#12	1
arrived:	node1#16	1
arrived:	node3#10	1
arrived:	node3#3	1
arrived:	node3#1	1
arrived:	node1#48	1
arrived:	node1#41	1
arrived:	node1#57	1
arrived:	node1#26	1
arrived:	node1#60	1
arrived:	node1#10	1
arrived:	node1#11	1
arrived:	node1#6	1
arrived:	node1#17	1
arrived:	node1#18	1
arrived:	node1#45	1
NOTIFS:
node1	:	60	sent
node3	:	60	sent
SUBS:
on	node1
	node1	:	32	received
on	node3
	node3	:	29	received
1262304604 - 0.5 - - - 0.5 - 0.5 - - 0.5 - 0.5 
1262304704 - 0.5 - - - 0.5 - 0.5 - - 0.5 - 0.5 
1262304804 - 0.5 - 0.5 0.5 0.5 0.5 0.5 - 0.5 0.5 - 0.5 
1262304904 - 0.5 1 0.5 0.5 0.5 0.5 0.5 - 0.5 0.5 0.5 0.5 
1262305004 - 0.5 1 0.5 0.6 0.5 0.5 0.5 - 0.5 0.5 0.5 0.5 
1262305104 0 0.4 1 0.5 0.6 0.5 0.5 0.5 0.4 0.5 0.5 0.5 0.5 
1262305204 0 0.5 1 0.5 0.6 0.5 0.5 0.5 0.5 0.4 0.5 0.5 0.5 
1262305304 0 0.5 1 0.5 0.6 0.5 0.5 0.5 0.5 0.4 0.5 0.5 0.5 
1262305329 0 0.5 1 0.5 0.6 0.5 0.5 0.5 0.5 0.4 0.5 0.5 0.5 
1262305404 0 0.5 1 0.5 0.5 0.5 0.5 0.5 0.5 0.4 0.5 0.5 0.5 
1262305429 0 0.5 1 0.5 0.5 0.5 0.5 0.5 0.5 0.4 0.5 0.5 0.5 
1262305504 0 0.5 1 0.5 0.5 0.5 0.5 0.5 0.5 0.5 0.5 0.5 0.5 
1262305529 0 0.5 1 0.5 0.5 0.5 0.5 0.5 0.5 0.5 0.5 0.5 0.5 
1262305604 0 0.5 1 0.5 0.5 0.5 0.5 0.5 0.5 0.5 0.5 0.5 0.5 
1262305629 0 0.5 1 0.5 0.5 0.5 0.5 0.5 0.5 0.5 0.5 0.5 0.5 
1262305704 0 0.5 1 0.5 0.5 0.4 0.5 0.5 0.5 0.4 0.5 0.5 0.5 
1262305729 0 0.5 1 0.5 0.5 0.4 0.5 0.4 0.5 0.4 0.5 0.5 0.5 
1262305804 0 0.5 1 0.5 0.5 0.4 0.5 0.4 0.5 0.5 0.5 0.5 0.5 
1262305829 0 0.5 1 0.5 0.5 0.4 0.5 0.5 0.5 0.5 0.5 0.5 0.5 
1262305904 0 0.6 1 0.5 0.5 0.4 0.5 0.5 0.5 0.5 0.5 0.5 0.5 
1262305929 0 0.6 1 0.5 0.5 0.4 0.5 0.5 0.5 0.5 0.5 0.5 0.5 
1262306004 0 0.5 1 0.5 0.5 0.4 0.5 0.5 0.4 0.5 0.5 0.5 0.5 
1262306104 0 0.5 1 0.5 0.5 0.4 0.5 0.5 0.5 0.5 0.5 0.5 0.5 
1262306150 0 0.5 1 0.5 0.5 0.4 0.5 0.5 0.5 0.5 0.5 0.5 0.5 
1262306159 0 0.5 1 0.5 0.5 0.4 0.5 0.5 0.5 0.5 0.5 0.5 0.5 
1262306204 0 0.5 1 0.5 0.5 0.4 0.5 0.5 0.5 0.5 0.5 0.5 0.5 
1262306213 0 0.5 1 0.5 0.5 0.4 0.5 0.5 0.5 0.5 0.5 0.5 0.5 
1262306250 0 0.5 1 0.5 0.5 0.4 0.5 0.5 0.5 0.5 0.5 0.5 0.5 
1262306259 0 0.5 1 0.5 0.5 0.4 0.5 0.5 0.5 0.5 0.5 0.5 0.5 
1262306304 0 0.5 1 0.5 0.5 0.5 0.5 0.5 0.5 0.5 0.5 0.5 0.5 
1262306313 0 0.5 1 0.5 0.5 0.5 0.5 0.5 0.5 0.5 0.5 0.5 0.5 
1262306350 0 0.5 1 0.5 0.5 0.5 0.5 0.5 0.5 0.5 0.5 0.5 0.5 
1262306359 0 0.5 1 0.5 0.5 0.5 0.5 0.5 0.5 0.5 0.5 0.5 0.5 
1262306404 0 0.5 1 0.4 0.5 0.5 0.5 0.5 0.5 0.5 0.5 0.5 0.5 
1262306413 0 0.5 1 0.4 0.5 0.5 0.5 0.5 0.5 0.5 0.5 0.5 0.5 
1262306450 0 0.5 1 0.4 0.5 0.5 0.5 0.5 0.5 0.5 0.5 0.5 0.5 
1262306459 0 0.5 1 0.4 0.5 0.5 0.5 0.5 0.5 0.5 0.5 0.5 0.5 
1262306504 0 0.5 1 0.4 0.5 0.5 0.5 0.5 0.5 0.5 0.5 0.5 0.5 
1262306513 0 0.5 1 0.4 0.5 0.5 0.5 0.5 0.5 0.5 0.5 0.5 0.5 
1262306550 0 0.5 1 0.4 0.5 0.5 0.5 0.5 0.5 0.5 0.5 0.5 0.5 
1262306604 0 0.5 1 0.4 0.5 0.5 0.5 0.5 0.5 0.5 0.5 0.5 0.5 
1262306613 0 0.5 1 0.4 0.5 0.5 0.5 0.5 0.5 0.5 0.5 0.5 0.5 
1262306650 0 0.5 1 0.4 0.5 0.5 0.5 0.5 0.5 0.5 0.5 0.5 0.5 
1262306667 0 0.5 1 0.4 0.5 0.5 0.5 0.5 0.5 0.5 0.5 0.5 0.5 
1262306704 0 0.5 1 0.4 0.5 0.5 0.5 0.5 0.5 0.6 0.6 0.5 0.5 
1262306713 0 0.5 1 0.4 0.5 0.5 0.5 0.6 0.5 0.6 0.6 0.5 0.5 
1262306750 0 0.5 1 0.4 0.5 0.5 0.5 0.6 0.5 0.6 0.6 0.5 0.5 
1262306804 0 0.5 1 0.4 0.5 0.5 0.5 0.6 0.5 0.5 0.6 0.5 0.5 
1262306850 0 0.5 1 0.4 0.5 0.5 0.5 0.6 0.5 0.5 0.6 0.5 0.5 
1262306858 0 0.5 1 0.4 0.5 0.5 0.5 0.6 0.5 0.5 0.6 0.5 0.5 
1262306904 0 0.5 1 0.4 0.5 0.5 0.5 0.6 0.5 0.5 0.6 0.5 0.5 
1262306928 0 0.5 1 0.4 0.5 0.5 0.4 0.6 0.5 0.5 0.6 0.5 0.5 
1262306939 0 0.5 1 0.4 0.5 0.5 0.4 0.6 0.5 0.5 0.6 0.5 0.5 
1262306950 0 0.5 1 0.4 0.5 0.5 0.4 0.6 0.5 0.5 0.6 0.5 0.5 
1262306958 0 0.5 1 0.4 0.5 0.5 0.4 0.6 0.5 0.5 0.6 0.5 0.5 
1262307004 0 0.5 1 0.4 0.5 0.5 0.4 0.6 0.5 0.5 0.6 0.6 0.5 
1262307028 0 0.5 1 0.4 0.5 0.5 0.5 0.6 0.5 0.5 0.6 0.6 0.5 
1262307039 0 0.5 1 0.4 0.5 0.5 0.5 0.6 0.5 0.5 0.6 0.6 0.5 
1262307050 0 0.5 1 0.4 0.5 0.5 0.5 0.6 0.5 0.5 0.6 0.6 0.5 
1262307058 0 0.5 1 0.4 0.5 0.5 0.5 0.6 0.5 0.5 0.6 0.6 0.5 
1262307075 0 0.5 1 0.4 0.5 0.5 0.5 0.6 0.5 0.5 0.6 0.6 0.5 
1262307104 0 0.5 1 0.5 0.5 0.5 0.5 0.6 0.5 0.5 0.6 0.5 0.5 
1262307128 0 0.5 1 0.5 0.5 0.5 0.5 0.6 0.5 0.5 0.6 0.5 0.5 
1262307139 0 0.5 1 0.5 0.5 0.5 0.5 0.5 0.5 0.5 0.6 0.5 0.5 
1262307150 0 0.5 1 0.5 0.5 0.5 0.5 0.5 0.5 0.5 0.6 0.5 0.5 
1262307158 0 0.5 1 0.5 0.5 0.5 0.5 0.5 0.5 0.5 0.6 0.5 0.5 
1262307175 0 0.5 1 0.5 0.5 0.5 0.5 0.5 0.5 0.5 0.5 0.5 0.5 
1262307194 0 0.5 1 0.5 0.5 0.5 0.5 0.5 0.5 0.5 0.5 0.5 0.5 
1262307204 0 0.5 1 0.5 0.5 0.5 0.5 0.5 0.5 0.5 0.5 0.5 0.5 
1262307228 0 0.5 1 0.5 0.5 0.5 0.5 0.5 0.5 0.5 0.5 0.5 0.5 
1262307239 0 0.5 1 0.5 0.5 0.5 0.5 0.5 0.5 0.5 0.5 0.5 0.5 
1262307250 0 0.5 1 0.5 0.5 0.5 0.5 0.5 0.5 0.5 0.5 0.5 0.5 
1262307258 0 0.5 1 0.5 0.5 0.5 0.5 0.5 0.5 0.5 0.5 0.5 0.5 
1262307275 0 0.5 1 0.5 0.5 0.5 0.5 0.5 0.5 0.5 0.5 0.5 0.5 
1262307294 0 0.5 1 0.5 0.5 0.5 0.5 0.5 0.5 0.5 0.5 0.5 0.5 
1262307304 0 0.5 1 0.5 0.5 0.5 0.5 0.5 0.5 0.5 0.5 0.6 0.5 
1262307310 0 0.5 1 0.5 0.5 0.5 0.5 0.5 0.5 0.5 0.5 0.6 0.5 
1262307328 0 0.5 1 0.5 0.5 0.5 0.5 0.5 0.5 0.5 0.5 0.6 0.5 
1262307339 0 0.5 1 0.5 0.5 0.5 0.5 0.5 0.5 0.5 0.5 0.6 0.5 
1262307350 0 0.5 1 0.5 0.5 0.5 0.5 0.5 0.5 0.5 0.5 0.6 0.5 
1262307358 0 0.5 1 0.5 0.5 0.5 0.5 0.5 0.5 0.5 0.5 0.6 0.5 
1262307375 0 0.5 1 0.5 0.5 0.5 0.5 0.5 0.5 0.5 0.5 0.6 0.5 
1262307394 0 0.5 1 0.5 0.5 0.5 0.5 0.5 0.5 0.5 0.5 0.6 0.5 
1262307404 0 0.5 1 0.5 0.5 0.5 0.5 0.5 0.5 0.5 0.5 0.6 0.5 
1262307410 0 0.5 1 0.5 0.5 0.5 0.5 0.5 0.5 0.5 0.5 0.6 0.5 
1262307428 0 0.5 1 0.5 0.5 0.5 0.5 0.5 0.5 0.5 0.5 0.6 0.5 
1262307439 0 0.5 1 0.5 0.5 0.5 0.5 0.5 0.5 0.5 0.5 0.6 0.5 
1262307450 0 0.5 1 0.5 0.5 0.5 0.5 0.5 0.5 0.5 0.5 0.6 0.5 
1262307475 0 0.5 1 0.5 0.5 0.5 0.5 0.5 0.5 0.5 0.5 0.6 0.5 
1262307504 0 0.5 1 0.5 0.5 0.5 0.5 0.5 0.5 0.5 0.5 0.6 0.5 
1262307510 0 0.5 1 0.5 0.5 0.5 0.5 0.5 0.5 0.5 0.5 0.6 0.5 
1262307519 0 0.5 1 0.5 0.5 0.5 0.5 0.5 0.5 0.5 0.5 0.5 0.5 
1262307528 0 0.5 1 0.5 0.5 0.5 0.5 0.5 0.5 0.5 0.5 0.5 0.5 
1262307539 0 0.5 1 0.5 0.5 0.5 0.5 0.5 0.5 0.5 0.5 0.5 0.5 
1262307550 0 0.5 1 0.5 0.5 0.5 0.5 0.5 0.5 0.5 0.5 0.5 0.5 
1262307560 0 0.5 1 0.5 0.5 0.5 0.5 0.5 0.5 0.5 0.5 0.5 0.5 
1262307575 0 0.5 1 0.5 0.5 0.5 0.5 0.5 0.5 0.5 0.5 0.5 0.5 
1262307604 0 0.5 1 0.5 0.5 0.5 0.5 0.5 0.5 0.5 0.5 0.5 0.5 
1262307610 0 0.5 1 0.5 0.5 0.5 0.5 0.5 0.5 0.5 0.5 0.5 0.5 
1262307619 0 0.5 1 0.5 0.5 0.5 0.5 0.5 0.5 0.5 0.5 0.5 0.5 
1262307628 0 0.5 1 0.5 0.5 0.5 0.5 0.5 0.5 0.5 0.5 0.5 0.5 
1262307638 0 0.5 1 0.5 0.5 0.5 0.5 0.5 0.4 0.5 0.5 0.5 0.5 
1262307639 0 0.5 1 0.5 0.5 0.5 0.5 0.5 0.4 0.5 0.5 0.5 0.5 
1262307650 0 0.5 1 0.5 0.5 0.5 0.5 0.5 0.4 0.5 0.5 0.5 0.5 
1262307660 0 0.5 1 0.5 0.5 0.5 0.5 0.5 0.4 0.5 0.5 0.5 0.5 
1262307675 0 0.5 1 0.5 0.5 0.5 0.5 0.5 0.4 0.5 0.5 0.5 0.5 
1262307704 0 0.5 1 0.5 0.5 0.5 0.5 0.5 0.4 0.5 0.5 0.5 0.5 
1262307710 0 0.5 1 0.5 0.5 0.5 0.5 0.5 0.4 0.5 0.5 0.5 0.5 
1262307719 0 0.5 1 0.5 0.5 0.5 0.5 0.5 0.4 0.5 0.5 0.5 0.5 
1262307728 0 0.5 1 0.5 0.5 0.5 0.5 0.5 0.4 0.5 0.5 0.5 0.5 
1262307738 0 0.5 1 0.5 0.5 0.5 0.5 0.5 0.5 0.5 0.5 0.5 0.5 
1262307739 0 0.5 1 0.5 0.5 0.5 0.5 0.5 0.5 0.5 0.5 0.5 0.5 
1262307750 0 0.5 1 0.5 0.5 0.5 0.5 0.5 0.5 0.5 0.5 0.5 0.5 
1262307760 0 0.5 1 0.5 0.5 0.4 0.5 0.5 0.5 0.5 0.5 0.5 0.5 
1262307775 0 0.5 1 0.5 0.5 0.4 0.5 0.5 0.5 0.5 0.5 0.5 0.5 
1262307804 0 0.5 1 0.5 0.5 0.4 0.5 0.5 0.5 0.5 0.5 0.5 0.5 
1262307810 0 0.5 1 0.5 0.5 0.4 0.5 0.5 0.5 0.5 0.5 0.5 0.5 
1262307819 0 0.5 1 0.5 0.5 0.4 0.5 0.5 0.5 0.5 0.5 0.5 0.5 
1262307828 0 0.5 1 0.5 0.5 0.4 0.5 0.5 0.5 0.5 0.5 0.5 0.5 
1262307838 0 0.5 1 0.5 0.6 0.4 0.5 0.5 0.5 0.5 0.5 0.5 0.5 
1262307850 0 0.5 1 0.5 0.6 0.4 0.5 0.5 0.5 0.5 0.5 0.5 0.5 
1262307860 0 0.5 1 0.5 0.6 0.6 0.5 0.5 0.5 0.5 0.5 0.5 0.5 
1262307875 0 0.5 1 0.5 0.6 0.6 0.5 0.5 0.5 0.5 0.6 0.5 0.5 
1262307904 0 0.5 1 0.5 0.6 0.6 0.5 0.5 0.5 0.6 0.6 0.5 0.5 
1262307910 0 0.5 1 0.5 0.6 0.6 0.5 0.5 0.5 0.6 0.6 0.5 0.5 
1262307919 0 0.5 1 0.5 0.6 0.6 0.5 0.5 0.5 0.6 0.6 0.5 0.5 
1262307928 0 0.5 1 0.5 0.6 0.6 0.5 0.5 0.5 0.6 0.6 0.5 0.5 
1262307938 0 0.5 1 0.5 0.6 0.6 0.5 0.5 0.5 0.6 0.6 0.5 0.5 
1262307950 0 0.5 1 0.5 0.6 0.6 0.5 0.5 0.5 0.6 0.6 0.5 0.5 
1262307960 0 0.5 1 0.5 0.6 0.6 0.5 0.5 0.5 0.6 0.6 0.5 0.5 
1262307975 0 0.5 1 0.5 0.6 0.6 0.5 0.5 0.5 0.6 0.6 0.5 0.5 
1262308004 0 0.5 1 0.5 0.6 0.6 0.5 0.5 0.5 0.5 0.6 0.5 0.5 
1262308008 0 0.5 1 0.5 0.6 0.6 0.5 0.5 0.5 0.5 0.6 0.5 0.5 
1262308010 0 0.5 1 0.5 0.6 0.6 0.5 0.5 0.5 0.5 0.6 0.5 0.5 
1262308019 0 0.5 1 0.5 0.6 0.6 0.5 0.5 0.5 0.5 0.6 0.5 0.5 
1262308028 0 0.5 1 0.5 0.6 0.6 0.6 0.5 0.5 0.5 0.6 0.5 0.5 
1262308038 0 0.5 1 0.5 0.6 0.6 0.6 0.5 0.5 0.5 0.6 0.5 0.5 
1262308050 0 0.5 1 0.5 0.6 0.6 0.6 0.5 0.5 0.5 0.6 0.5 0.5 
1262308060 0 0.5 1 0.5 0.6 0.6 0.6 0.5 0.5 0.5 0.6 0.5 0.5 
1262308075 0 0.5 1 0.5 0.6 0.6 0.6 0.5 0.5 0.5 0.5 0.5 0.5 
1262308104 0 0.5 1 0.5 0.6 0.6 0.6 0.5 0.5 0.5 0.5 0.5 0.5 
1262308108 0 0.5 1 0.5 0.6 0.6 0.6 0.5 0.5 0.5 0.5 0.5 0.5 
1262308110 0 0.5 1 0.5 0.6 0.6 0.6 0.5 0.5 0.5 0.5 0.5 0.5 
1262308119 0 0.5 1 0.5 0.6 0.6 0.6 0.5 0.5 0.5 0.5 0.5 0.5 
1262308128 0 0.5 1 0.5 0.6 0.6 0.6 0.5 0.5 0.5 0.5 0.5 0.5 
1262308138 0 0.5 1 0.5 0.6 0.6 0.6 0.5 0.5 0.5 0.5 0.5 0.5 
1262308150 0 0.5 1 0.5 0.6 0.6 0.6 0.5 0.5 0.5 0.5 0.5 0.5 
1262308160 0 0.5 1 0.5 0.6 0.5 0.6 0.5 0.5 0.5 0.5 0.5 0.5 
1262308175 0 0.5 1 0.5 0.6 0.5 0.6 0.5 0.5 0.5 0.5 0.5 0.5 
1262308204 0 0.5 1 0.5 0.6 0.5 0.6 0.5 0.5 0.5 0.5 0.5 0.5 
1262308208 0 0.5 1 0.5 0.6 0.5 0.6 0.4 0.5 0.5 0.5 0.5 0.5 
1262308210 0 0.5 1 0.5 0.6 0.5 0.6 0.4 0.5 0.5 0.5 0.5 0.5 
1262308219 0 0.5 1 0.5 0.6 0.5 0.6 0.4 0.5 0.5 0.5 0.5 0.5 
1262308228 0 0.5 1 0.5 0.6 0.5 0.4 0.4 0.5 0.5 0.5 0.5 0.5 
1262308238 0 0.5 1 0.5 0.4 0.5 0.4 0.4 0.5 0.5 0.5 0.5 0.5 
1262308250 0 0.4 1 0.5 0.4 0.5 0.4 0.4 0.5 0.5 0.5 0.5 0.5 
1262308260 0 0.4 1 0.5 0.4 0.4 0.4 0.4 0.5 0.5 0.5 0.5 0.5 
1262308304 0 0.4 1 0.5 0.4 0.4 0.4 0.4 0.5 0.5 0.5 0.5 0.5 
1262308308 0 0.4 1 0.5 0.4 0.4 0.4 0.4 0.5 0.5 0.5 0.5 0.5 
1262308310 0 0.4 1 0.5 0.4 0.4 0.4 0.4 0.5 0.5 0.5 0.5 0.5 
1262308319 0 0.4 1 0.5 0.4 0.4 0.4 0.4 0.5 0.5 0.5 0.5 0.5 
1262308328 0 0.4 1 0.5 0.4 0.4 0.5 0.4 0.5 0.5 0.5 0.5 0.5 
1262308338 0 0.4 1 0.5 0.5 0.4 0.5 0.4 0.5 0.5 0.5 0.5 0.5 
1262308350 0 0.4 1 0.5 0.5 0.4 0.5 0.4 0.5 0.5 0.5 0.5 0.5 
1262308360 0 0.4 1 0.5 0.5 0.4 0.5 0.4 0.5 0.5 0.5 0.5 0.5 
1262308404 0 0.4 1 0.4 0.5 0.4 0.5 0.4 0.5 0.5 0.5 0.5 0.5 
1262308408 0 0.4 1 0.4 0.5 0.4 0.5 0.4 0.5 0.5 0.5 0.5 0.5 
1262308410 0 0.4 1 0.4 0.5 0.4 0.5 0.4 0.5 0.5 0.5 0.5 0.5 
1262308415 0 0.4 1 0.4 0.5 0.4 0.5 0.4 0.5 0.5 0.5 0.5 0.5 
1262308419 0 0.4 1 0.4 0.5 0.4 0.5 0.4 0.5 0.5 0.5 0.5 0.5 
1262308428 0 0.4 1 0.4 0.5 0.4 0.5 0.4 0.5 0.5 0.5 0.5 0.5 
1262308438 0 0.4 1 0.4 0.5 0.4 0.5 0.4 0.5 0.5 0.5 0.5 0.5 
1262308450 0 0.4 1 0.4 0.5 0.4 0.5 0.4 0.5 0.5 0.5 0.5 0.5 
1262308460 0 0.4 1 0.4 0.5 0.4 0.5 0.4 0.5 0.5 0.5 0.5 0.5 
