arrived:	node3#7	1
arrived:	node3#9	1
arrived:	node3#25	1
arrived:	node3#22	1
arrived:	node1#57	1
arrived:	node1#13	1
arrived:	node3#5	1
arrived:	node3#52	1
arrived:	node3#20	1
arrived:	node1#58	1
arrived:	node3#2	1
arrived:	node1#49	1
arrived:	node3#37	1
arrived:	node3#29	1
arrived:	node1#1	1
arrived:	node1#26	1
arrived:	node3#46	1
arrived:	node1#33	1
arrived:	node3#48	1
arrived:	node1#4	1
arrived:	node3#16	1
arrived:	node3#53	1
arrived:	node1#29	1
arrived:	node3#13	1
arrived:	node1#51	1
arrived:	node3#14	1
arrived:	node1#11	1
arrived:	node3#39	1
arrived:	node3#41	1
arrived:	node3#43	1
arrived:	node3#45	1
arrived:	node3#51	1
arrived:	node3#32	1
arrived:	node3#40	1
arrived:	node3#15	1
arrived:	node1#35	1
arrived:	node3#12	1
arrived:	node1#10	1
arrived:	node3#3	1
arrived:	node1#27	1
arrived:	node3#1	1
arrived:	node1#25	1
arrived:	node3#6	1
arrived:	node1#32	1
arrived:	node3#38	1
arrived:	node1#50	1
arrived:	node3#21	1
arrived:	node3#18	1
arrived:	node3#36	1
arrived:	node1#55	1
arrived:	node3#50	1
arrived:	node3#8	1
arrived:	node3#28	1
arrived:	node1#12	1
arrived:	node3#47	1
arrived:	node3#49	1
arrived:	node3#23	1
arrived:	node3#42	1
arrived:	node1#52	1
arrived:	node3#19	1
arrived:	node1#24	1
arrived:	node1#48	1
arrived:	node1#34	1
arrived:	node3#31	1
arrived:	node3#30	1
arrived:	node1#60	1
arrived:	node1#9	1
arrived:	node1#59	1
arrived:	node1#36	1
arrived:	node1#2	1
arrived:	node3#24	1
arrived:	node1#28	1
NOTIFS:
node1	:	60	sent
node3	:	60	sent
SUBS:
on	node1
	node1	:	29	received
on	node3
	node3	:	43	received
1262304604 - 0.5 - 0.5 0.5 - - 0.5 - 0.5 - - - 
1262304704 - 0.5 - 0.5 0.5 0.5 - 0.5 - 0.5 - 0.5 - 
1262304804 0 0.5 - 0.5 0.5 0.5 0.5 0.5 - 0.5 - 0.5 - 
1262304904 0 0.5 - 0.5 0.5 0.5 0.5 0.5 - 0.5 0.5 0.5 - 
1262304950 0 0.5 - 0.5 0.5 0.5 0.5 0.5 - 0.5 0.5 0.5 - 
1262304976 0 0.5 - 0.5 0.5 0.5 0.5 0.5 0.5 0.5 0.5 0.5 - 
1262305004 0 0.5 1 0.5 0.5 0.5 0.5 0.5 0.5 0.5 0.5 0.5 0.25 
1262305050 0 0.5 1 0.5 0.5 0.5 0.5 0.5 0.5 0.5 0.5 0.5 0.25 
1262305076 0 0.5 1 0.5 0.5 0.5 0.5 0.5 0.5 0.5 0.5 0.5 0.25 
1262305104 0 0.5 0.5 0.5 0.5 0.5 0.5 0.5 0.5 0.5 0.5 0.4 0.25 
1262305150 0 0.5 0.5 0.5 0.5 0.5 0.5 0.5 0.5 0.5 0.5 0.4 0.25 
1262305176 0 0.5 0.5 0.5 0.5 0.5 0.5 0.5 0.5 0.5 0.5 0.4 0.25 
1262305204 0 0.5 0.5 0.5 0.5 0.5 0.4 0.5 0.5 0.4 0.4 0.4 0.5 
1262305250 0 0.5 0.5 0.5 0.5 0.5 0.4 0.5 0.5 0.4 0.4 0.4 0.5 
1262305276 0 0.5 0.5 0.5 0.5 0.5 0.4 0.5 0.5 0.4 0.4 0.4 0.5 
1262305300 0 0.5 0.5 0.5 0.5 0.5 0.4 0.5 0.5 0.4 0.4 0.4 0.5 
1262305304 0 0.5 0.5 0.5 0.5 0.5 0.5 0.5 0.5 0.4 0.5 0.4 0.5 
1262305350 0 0.5 0.5 0.5 0.5 0.5 0.5 0.5 0.5 0.4 0.5 0.4 0.5 
1262305376 0 0.5 0.5 0.5 0.5 0.5 0.5 0.5 0.5 0.4 0.5 0.4 0.5 
1262305400 0 0.5 0.5 0.5 0.5 0.5 0.5 0.5 0.5 0.4 0.5 0.4 0.5 
1262305404 0 0.5 0.5 0.5 0.5 0.5 0.5 0.5 0.5 0.4 0.5 0.5 0.5 
1262305450 0 0.5 0.5 0.5 0.5 0.5 0.5 0.5 0.5 0.4 0.5 0.5 0.5 
1262305476 0 0.5 0.5 0.5 0.5 0.5 0.5 0.5 0.5 0.4 0.5 0.5 0.5 
1262305500 0 0.5 0.5 0.5 0.5 0.5 0.5 0.5 0.5 0.4 0.5 0.5 0.5 
1262305504 0 0.5 0.5 0.5 0.5 0.5 0.5 0.5 0.5 0.5 0.5 0.5 0.5 
1262305550 0 0.5 0.5 0.5 0.5 0.5 0.5 0.5 0.5 0.5 0.5 0.5 0.5 
1262305576 0 0.5 0.5 0.5 0.5 0.5 0.5 0.5 0.5 0.5 0.5 0.5 0.5 
1262305600 0 0.5 0.5 0.5 0.5 0.5 0.5 0.5 0.5 0.5 0.5 0.5 0.5 
1262305604 0 0.5 0.6 0.5 0.5 0.5 0.5 0.5 0.5 0.5 0.5 0.5 0.5 
1262305650 0 0.5 0.6 0.5 0.5 0.5 0.5 0.5 0.5 0.5 0.5 0.5 0.5 
1262305676 0 0.5 0.6 0.5 0.5 0.5 0.5 0.5 0.5 0.5 0.5 0.5 0.5 
1262305700 0 0.5 0.6 0.5 0.5 0.5 0.5 0.5 0.5 0.5 0.5 0.5 0.5 
1262305704 0 0.5 0.6 0.5 0.5 0.5 0.5 0.5 0.5 0.5 0.5 0.5 0.5 
1262305747 0 0.5 0.6 0.5 0.5 0.5 0.5 0.5 0.5 0.5 0.5 0.5 0.5 
1262305750 0 0.6 0.6 0.5 0.5 0.5 0.5 0.5 0.5 0.5 0.5 0.5 0.5 
1262305776 0 0.6 0.6 0.5 0.5 0.5 0.5 0.5 0.6 0.5 0.5 0.5 0.5 
1262305800 0 0.6 0.6 0.5 0.5 0.5 0.5 0.5 0.6 0.5 0.5 0.5 0.5 
1262305804 0 0.6 0.77777777777778 0.5 0.5 0.5 0.5 0.5 0.6 0.5 0.5 0.4 0.5 
1262305847 0 0.6 0.77777777777778 0.5 0.5 0.5 0.5 0.5 0.6 0.5 0.5 0.4 0.5 
1262305876 0 0.6 0.77777777777778 0.5 0.5 0.5 0.5 0.5 0.5 0.5 0.5 0.4 0.5 
1262305900 0 0.6 0.77777777777778 0.5 0.5 0.5 0.5 0.5 0.5 0.5 0.5 0.4 0.5 
1262305904 0 0.6 0.77777777777778 0.5 0.5 0.5 0.5 0.5 0.5 0.5 0.5 0.4 0.5 
1262305947 0 0.6 0.77777777777778 0.5 0.5 0.5 0.5 0.5 0.5 0.5 0.5 0.4 0.5 
1262305952 0 0.6 0.77777777777778 0.5 0.5 0.5 0.5 0.5 0.5 0.5 0.5 0.4 0.5 
1262305976 0 0.6 0.77777777777778 0.5 0.5 0.5 0.5 0.5 0.5 0.5 0.5 0.4 0.5 
1262306000 0 0.6 0.77777777777778 0.5 0.5 0.5 0.5 0.5 0.5 0.5 0.5 0.4 0.5 
1262306004 0 0.6 0.77777777777778 0.5 0.5 0.5 0.5 0.5 0.5 0.5 0.5 0.4 0.4 
1262306047 0 0.6 0.77777777777778 0.5 0.5 0.5 0.5 0.5 0.5 0.5 0.5 0.4 0.4 
1262306052 0 0.5 0.77777777777778 0.5 0.5 0.5 0.5 0.5 0.5 0.5 0.5 0.4 0.4 
1262306076 0 0.5 0.77777777777778 0.5 0.5 0.5 0.5 0.5 0.5 0.5 0.5 0.4 0.4 
1262306100 0 0.5 0.77777777777778 0.5 0.6 0.5 0.5 0.5 0.5 0.5 0.5 0.4 0.4 
1262306104 0 0.5 0.77777777777778 0.4 0.6 0.5 0.5 0.5 0.5 0.5 0.4 0.4 0.5 
1262306147 0 0.5 0.77777777777778 0.4 0.6 0.5 0.5 0.5 0.5 0.5 0.4 0.4 0.5 
1262306152 0 0.5 0.77777777777778 0.4 0.6 0.5 0.5 0.5 0.5 0.5 0.4 0.4 0.5 
1262306176 0 0.5 0.77777777777778 0.4 0.6 0.5 0.5 0.5 0.5 0.5 0.4 0.4 0.5 
1262306200 0 0.5 0.77777777777778 0.4 0.6 0.5 0.5 0.5 0.5 0.5 0.4 0.4 0.5 
1262306204 0 0.5 0.77777777777778 0.5 0.6 0.5 0.5 0.5 0.5 0.5 0.4 0.5 0.5 
1262306247 0 0.5 0.77777777777778 0.5 0.6 0.5 0.5 0.5 0.5 0.5 0.4 0.5 0.5 
1262306252 0 0.5 0.77777777777778 0.5 0.6 0.5 0.5 0.5 0.5 0.5 0.4 0.5 0.5 
1262306276 0 0.5 0.77777777777778 0.5 0.6 0.5 0.5 0.5 0.5 0.5 0.4 0.5 0.5 
1262306304 0 0.5 0.77777777777778 0.5 0.6 0.5 0.5 0.5 0.5 0.5 0.4 0.5 0.5 
1262306347 0 0.5 0.77777777777778 0.5 0.6 0.5 0.5 0.5 0.5 0.5 0.4 0.5 0.5 
1262306352 0 0.5 0.77777777777778 0.5 0.6 0.5 0.5 0.5 0.5 0.5 0.4 0.5 0.5 
1262306376 0 0.5 0.77777777777778 0.5 0.6 0.5 0.5 0.5 0.4 0.5 0.4 0.5 0.5 
1262306404 0 0.5 0.77777777777778 0.5 0.6 0.5 0.5 0.5 0.4 0.5 0.4 0.5 0.5 
1262306447 0 0.5 0.77777777777778 0.5 0.6 0.5 0.5 0.5 0.4 0.5 0.4 0.5 0.5 
1262306452 0 0.5 0.77777777777778 0.5 0.6 0.5 0.5 0.5 0.4 0.5 0.4 0.5 0.5 
1262306461 0 0.5 0.77777777777778 0.5 0.6 0.5 0.5 0.5 0.4 0.5 0.5 0.5 0.5 
1262306474 0 0.5 0.77777777777778 0.5 0.5 0.5 0.5 0.5 0.4 0.5 0.5 0.5 0.5 
1262306476 0 0.5 0.77777777777778 0.5 0.5 0.5 0.5 0.5 0.5 0.5 0.5 0.5 0.5 
1262306504 0 0.5 1 0.5 0.5 0.5 0.5 0.5 0.5 0.5 0.5 0.5 0.5 
1262306547 0 0.5 1 0.5 0.5 0.5 0.5 0.5 0.5 0.5 0.5 0.5 0.5 
1262306552 0 0.5 1 0.5 0.5 0.5 0.5 0.5 0.5 0.5 0.5 0.5 0.5 
1262306561 0 0.5 1 0.5 0.5 0.5 0.5 0.5 0.5 0.5 0.5 0.5 0.5 
1262306574 0 0.5 1 0.5 0.5 0.5 0.5 0.5 0.5 0.5 0.5 0.5 0.5 
1262306576 0 0.5 1 0.5 0.5 0.5 0.5 0.5 0.5 0.5 0.5 0.5 0.5 
1262306604 0 0.5 1 0.5 0.5 0.5 0.5 0.5 0.5 0.5 0.5 0.5 0.5 
1262306617 0 0.5 1 0.5 0.5 0.5 0.5 0.5 0.5 0.5 0.5 0.5 0.5 
1262306647 0 0.5 1 0.5 0.5 0.5 0.5 0.5 0.5 0.5 0.5 0.5 0.5 
1262306652 0 0.5 1 0.5 0.5 0.5 0.5 0.5 0.5 0.5 0.5 0.5 0.5 
1262306661 0 0.5 1 0.5 0.5 0.5 0.5 0.5 0.5 0.5 0.5 0.5 0.5 
1262306674 0 0.5 1 0.5 0.5 0.5 0.5 0.5 0.5 0.5 0.5 0.5 0.5 
1262306676 0 0.5 1 0.5 0.5 0.5 0.5 0.5 0.5 0.5 0.5 0.5 0.5 
1262306704 0 0.5 1 0.5 0.5 0.5 0.5 0.5 0.5 0.5 0.5 0.5 0.5 
1262306717 0 0.5 1 0.5 0.5 0.5 0.5 0.5 0.5 0.5 0.5 0.5 0.5 
1262306747 0 0.5 1 0.5 0.5 0.5 0.5 0.5 0.5 0.5 0.5 0.5 0.5 
1262306752 0 0.5 1 0.5 0.5 0.5 0.5 0.5 0.5 0.5 0.5 0.5 0.5 
1262306774 0 0.5 1 0.5 0.4 0.5 0.5 0.5 0.5 0.5 0.5 0.5 0.5 
1262306776 0 0.5 1 0.5 0.4 0.5 0.5 0.5 0.5 0.5 0.5 0.5 0.5 
1262306804 0 0.5 1 0.5 0.4 0.5 0.5 0.5 0.5 0.5 0.5 0.5 0.5 
1262306817 0 0.5 1 0.5 0.4 0.5 0.5 0.5 0.5 0.5 0.5 0.5 0.5 
1262306847 0 0.5 1 0.5 0.4 0.5 0.5 0.5 0.5 0.5 0.5 0.5 0.5 
1262306852 0 0.5 1 0.5 0.4 0.5 0.5 0.5 0.5 0.5 0.5 0.5 0.5 
1262306873 0 0.5 1 0.5 0.4 0.5 0.5 0.5 0.5 0.5 0.5 0.5 0.5 
1262306874 0 0.5 1 0.5 0.4 0.5 0.5 0.5 0.5 0.5 0.5 0.5 0.5 
1262306876 0 0.5 1 0.5 0.4 0.5 0.5 0.5 0.5 0.5 0.5 0.5 0.5 
1262306904 0 0.5 1 0.5 0.4 0.5 0.5 0.5 0.5 0.5 0.5 0.5 0.5 
1262306917 0 0.5 1 0.5 0.4 0.5 0.5 0.5 0.5 0.5 0.5 0.5 0.5 
1262306944 0 0.5 1 0.5 0.4 0.5 0.5 0.5 0.5 0.5 0.5 0.5 0.5 
1262306947 0 0.5 1 0.5 0.4 0.5 0.5 0.5 0.5 0.5 0.5 0.5 0.5 
1262306952 0 0.4 1 0.5 0.4 0.5 0.5 0.5 0.5 0.5 0.5 0.5 0.5 
1262306976 0 0.4 1 0.5 0.4 0.5 0.5 0.5 0.4 0.5 0.5 0.5 0.5 
1262307004 0 0.4 1 0.5 0.4 0.5 0.5 0.5 0.4 0.5 0.5 0.5 0.5 
1262307007 0 0.4 1 0.5 0.5 0.5 0.5 0.5 0.4 0.5 0.5 0.5 0.5 
1262307017 0 0.4 1 0.5 0.5 0.5 0.5 0.5 0.4 0.5 0.5 0.5 0.5 
1262307044 0 0.4 1 0.5 0.5 0.5 0.5 0.5 0.4 0.5 0.5 0.5 0.5 
1262307047 0 0.4 1 0.5 0.5 0.5 0.5 0.5 0.4 0.5 0.5 0.5 0.5 
1262307052 0 0.5 1 0.5 0.5 0.5 0.5 0.5 0.4 0.5 0.5 0.5 0.5 
1262307076 0 0.5 1 0.5 0.5 0.5 0.5 0.5 0.4 0.5 0.5 0.5 0.5 
1262307104 0 0.5 1 0.5 0.5 0.5 0.5 0.5 0.4 0.5 0.5 0.5 0.5 
1262307107 0 0.5 1 0.5 0.5 0.5 0.5 0.5 0.4 0.5 0.5 0.5 0.5 
1262307110 0 0.5 1 0.5 0.5 0.5 0.5 0.5 0.4 0.5 0.5 0.5 0.5 
1262307117 0 0.5 1 0.5 0.5 0.5 0.5 0.5 0.4 0.5 0.5 0.5 0.5 
1262307144 0 0.5 1 0.5 0.5 0.5 0.5 0.5 0.4 0.5 0.5 0.5 0.5 
1262307147 0 0.5 1 0.5 0.5 0.5 0.5 0.5 0.4 0.5 0.5 0.5 0.5 
1262307152 0 0.5 1 0.5 0.5 0.5 0.5 0.5 0.4 0.5 0.5 0.5 0.5 
1262307176 0 0.5 1 0.5 0.5 0.5 0.5 0.5 0.4 0.5 0.5 0.5 0.5 
1262307204 0 0.5 1 0.5 0.5 0.5 0.5 0.5 0.4 0.5 0.5 0.5 0.5 
1262307207 0 0.5 1 0.5 0.5 0.5 0.5 0.5 0.4 0.5 0.5 0.5 0.5 
1262307210 0 0.5 1 0.5 0.5 0.5 0.5 0.5 0.4 0.5 0.5 0.5 0.5 
1262307217 0 0.5 1 0.5 0.5 0.5 0.5 0.5 0.4 0.5 0.5 0.5 0.5 
1262307244 0 0.5 1 0.5 0.5 0.5 0.5 0.5 0.4 0.5 0.5 0.5 0.5 
1262307247 0 0.5 1 0.5 0.5 0.5 0.5 0.5 0.4 0.5 0.5 0.5 0.5 
1262307252 0 0.5 1 0.5 0.5 0.5 0.5 0.5 0.4 0.5 0.5 0.5 0.5 
1262307304 0 0.5 1 0.5 0.5 0.5 0.5 0.5 0.4 0.5 0.5 0.5 0.5 
1262307307 0 0.5 1 0.5 0.5 0.5 0.5 0.5 0.4 0.5 0.5 0.5 0.5 
1262307310 0 0.5 1 0.5 0.5 0.5 0.5 0.5 0.4 0.5 0.5 0.5 0.5 
1262307317 0 0.5 1 0.5 0.5 0.5 0.5 0.5 0.4 0.5 0.5 0.5 0.5 
1262307344 0 0.5 1 0.5 0.5 0.5 0.5 0.5 0.4 0.5 0.5 0.5 0.5 
1262307347 0 0.5 1 0.5 0.5 0.5 0.5 0.5 0.4 0.5 0.5 0.5 0.5 
1262307352 0 0.5 1 0.5 0.5 0.5 0.5 0.5 0.4 0.5 0.5 0.5 0.5 
1262307404 0 0.5 1 0.5 0.5 0.5 0.5 0.5 0.4 0.5 0.5 0.5 0.5 
1262307407 0 0.5 1 0.5 0.5 0.5 0.5 0.5 0.4 0.5 0.5 0.5 0.5 
1262307410 0 0.5 1 0.5 0.5 0.5 0.5 0.5 0.4 0.5 0.5 0.5 0.5 
1262307413 0 0.5 1 0.5 0.5 0.5 0.5 0.5 0.4 0.5 0.5 0.5 0.5 
1262307417 0 0.5 1 0.5 0.5 0.5 0.5 0.5 0.4 0.5 0.5 0.5 0.5 
1262307444 0 0.5 1 0.5 0.5 0.5 0.5 0.5 0.4 0.5 0.5 0.5 0.5 
1262307447 0 0.5 1 0.5 0.5 0.5 0.5 0.5 0.4 0.5 0.5 0.5 0.5 
1262307451 0 0.5 1 0.5 0.5 0.5 0.5 0.5 0.5 0.5 0.5 0.5 0.5 
1262307452 0 0.5 1 0.5 0.5 0.5 0.5 0.5 0.5 0.5 0.5 0.5 0.5 
1262307504 0 0.5 1 0.5 0.5 0.5 0.5 0.5 0.5 0.5 0.5 0.5 0.5 
1262307507 0 0.5 1 0.5 0.5 0.5 0.5 0.5 0.5 0.5 0.5 0.5 0.5 
1262307510 0 0.5 1 0.5 0.5 0.5 0.5 0.5 0.5 0.5 0.5 0.5 0.5 
1262307513 0 0.5 1 0.5 0.5 0.5 0.5 0.5 0.5 0.5 0.5 0.5 0.5 
1262307517 0 0.5 1 0.5 0.5 0.5 0.5 0.5 0.5 0.5 0.5 0.5 0.5 
1262307544 0 0.5 1 0.5 0.5 0.5 0.5 0.5 0.5 0.5 0.6 0.5 0.5 
1262307547 0 0.5 1 0.5 0.5 0.5 0.5 0.5 0.5 0.5 0.6 0.5 0.5 
1262307551 0 0.5 1 0.5 0.5 0.5 0.5 0.5 0.6 0.5 0.6 0.5 0.5 
1262307552 0 0.5 1 0.5 0.5 0.5 0.5 0.5 0.6 0.5 0.6 0.5 0.5 
1262307604 0 0.5 1 0.5 0.5 0.5 0.5 0.5 0.6 0.5 0.6 0.5 0.5 
1262307607 0 0.5 1 0.5 0.5 0.5 0.5 0.5 0.6 0.5 0.6 0.5 0.5 
1262307610 0 0.5 1 0.5 0.5 0.5 0.5 0.5 0.6 0.5 0.6 0.5 0.5 
1262307613 0 0.5 1 0.5 0.5 0.5 0.5 0.5 0.6 0.5 0.6 0.5 0.5 
1262307617 0 0.5 1 0.5 0.5 0.5 0.5 0.5 0.6 0.5 0.6 0.5 0.5 
1262307644 0 0.5 1 0.5 0.5 0.5 0.5 0.5 0.6 0.5 0.6 0.5 0.5 
1262307647 0 0.5 1 0.5 0.5 0.5 0.5 0.5 0.6 0.5 0.6 0.5 0.5 
1262307651 0 0.5 1 0.5 0.5 0.5 0.5 0.5 0.6 0.5 0.6 0.5 0.5 
1262307652 0 0.5 1 0.5 0.5 0.5 0.5 0.5 0.6 0.5 0.6 0.5 0.5 
1262307660 0 0.5 1 0.5 0.5 0.5 0.5 0.5 0.6 0.5 0.6 0.5 0.5 
1262307704 0 0.5 1 0.6 0.5 0.5 0.5 0.6 0.6 0.5 0.6 0.5 0.5 
1262307707 0 0.5 1 0.6 0.5 0.5 0.5 0.6 0.6 0.5 0.6 0.5 0.5 
1262307713 0 0.5 1 0.6 0.5 0.5 0.5 0.6 0.6 0.5 0.6 0.5 0.5 
1262307717 0 0.5 1 0.6 0.5 0.5 0.5 0.6 0.6 0.5 0.6 0.5 0.5 
1262307740 0 0.5 1 0.6 0.5 0.5 0.5 0.6 0.6 0.5 0.6 0.5 0.5 
1262307744 0 0.5 1 0.6 0.5 0.5 0.5 0.6 0.6 0.5 0.6 0.5 0.5 
1262307747 0 0.5 1 0.6 0.5 0.5 0.5 0.6 0.6 0.5 0.6 0.5 0.5 
1262307751 0 0.5 1 0.6 0.5 0.5 0.5 0.6 0.6 0.5 0.6 0.5 0.5 
1262307760 0 0.5 1 0.6 0.5 0.5 0.5 0.6 0.6 0.5 0.6 0.5 0.5 
1262307804 0 0.5 1 0.6 0.5 0.5 0.5 0.5 0.6 0.5 0.6 0.5 0.5 
1262307807 0 0.5 1 0.6 0.5 0.5 0.5 0.5 0.6 0.5 0.6 0.5 0.5 
1262307813 0 0.5 1 0.6 0.5 0.5 0.5 0.5 0.6 0.5 0.6 0.5 0.5 
1262307817 0 0.5 1 0.6 0.5 0.5 0.5 0.5 0.6 0.5 0.6 0.5 0.5 
1262307835 0 0.5 1 0.6 0.5 0.5 0.5 0.5 0.6 0.5 0.6 0.5 0.5 
1262307840 0 0.5 1 0.6 0.5 0.5 0.5 0.5 0.6 0.5 0.6 0.5 0.5 
1262307844 0 0.5 1 0.6 0.5 0.5 0.5 0.5 0.6 0.5 0.6 0.5 0.5 
1262307847 0 0.5 1 0.6 0.5 0.5 0.5 0.5 0.6 0.5 0.6 0.5 0.5 
1262307851 0 0.5 1 0.6 0.5 0.5 0.5 0.5 0.5 0.5 0.6 0.5 0.5 
1262307860 0 0.5 1 0.6 0.5 0.5 0.5 0.5 0.5 0.5 0.6 0.5 0.5 
1262307881 0 0.5 1 0.6 0.5 0.5 0.5 0.5 0.5 0.5 0.6 0.5 0.5 
1262307904 0 0.5 1 0.5 0.5 0.5 0.5 0.5 0.5 0.5 0.6 0.5 0.5 
1262307907 0 0.5 1 0.5 0.5 0.5 0.5 0.5 0.5 0.5 0.6 0.5 0.5 
1262307917 0 0.5 1 0.5 0.5 0.5 0.5 0.5 0.5 0.5 0.6 0.5 0.5 
1262307940 0 0.5 1 0.5 0.5 0.5 0.5 0.5 0.5 0.5 0.6 0.5 0.5 
1262307944 0 0.5 1 0.5 0.5 0.5 0.5 0.5 0.5 0.5 0.6 0.5 0.5 
1262307947 0 0.5 1 0.5 0.5 0.5 0.5 0.5 0.5 0.5 0.6 0.5 0.5 
1262307960 0 0.5 1 0.5 0.5 0.5 0.5 0.5 0.5 0.6 0.6 0.5 0.5 
1262307981 0 0.5 1 0.5 0.5 0.5 0.5 0.5 0.5 0.6 0.6 0.5 0.5 
1262307994 0 0.5 1 0.5 0.5 0.5 0.5 0.5 0.5 0.6 0.6 0.5 0.5 
1262308004 0 0.5 1 0.5 0.5 0.5 0.5 0.5 0.5 0.6 0.6 0.5 0.5 
1262308007 0 0.5 1 0.5 0.5 0.5 0.5 0.5 0.5 0.6 0.6 0.5 0.5 
1262308017 0 0.5 1 0.5 0.5 0.5 0.5 0.5 0.5 0.6 0.6 0.5 0.5 
1262308040 0 0.5 1 0.5 0.5 0.5 0.5 0.5 0.5 0.6 0.6 0.5 0.5 
1262308044 0 0.5 1 0.5 0.5 0.5 0.5 0.5 0.5 0.6 0.6 0.5 0.5 
1262308047 0 0.5 1 0.5 0.5 0.5 0.5 0.5 0.5 0.6 0.6 0.5 0.5 
1262308060 0 0.5 1 0.5 0.5 0.5 0.5 0.5 0.5 0.6 0.6 0.5 0.5 
1262308070 0 0.5 1 0.5 0.5 0.5 0.5 0.5 0.5 0.6 0.6 0.5 0.5 
1262308075 0 0.5 1 0.5 0.5 0.5 0.5 0.5 0.5 0.6 0.6 0.5 0.5 
1262308081 0 0.5 1 0.5 0.5 0.5 0.5 0.5 0.5 0.6 0.6 0.5 0.5 
1262308094 0 0.5 1 0.5 0.5 0.5 0.5 0.4 0.5 0.6 0.6 0.5 0.5 
1262308104 0 0.5 1 0.5 0.5 0.5 0.5 0.4 0.5 0.6 0.6 0.5 0.5 
1262308107 0 0.5 1 0.5 0.5 0.5 0.5 0.4 0.5 0.6 0.6 0.5 0.5 
1262308117 0 0.5 1 0.5 0.5 0.5 0.5 0.4 0.5 0.6 0.6 0.5 0.5 
1262308140 0 0.5 1 0.5 0.5 0.5 0.5 0.4 0.5 0.6 0.6 0.5 0.5 
1262308144 0 0.5 1 0.5 0.5 0.5 0.5 0.4 0.5 0.6 0.6 0.5 0.5 
1262308147 0 0.5 1 0.5 0.5 0.5 0.5 0.4 0.5 0.6 0.6 0.5 0.5 
1262308160 0 0.5 1 0.5 0.5 0.5 0.5 0.4 0.5 0.5 0.6 0.5 0.5 
1262308170 0 0.5 1 0.5 0.5 0.5 0.5 0.4 0.5 0.5 0.6 0.6 0.5 
1262308175 0 0.5 1 0.5 0.5 0.5 0.6 0.4 0.5 0.5 0.6 0.6 0.5 
1262308181 0 0.5 1 0.5 0.5 0.5 0.6 0.4 0.5 0.5 0.6 0.6 0.5 
1262308194 0 0.5 1 0.5 0.5 0.5 0.6 0.5 0.5 0.5 0.6 0.6 0.5 
1262308204 0 0.5 1 0.5 0.5 0.5 0.6 0.5 0.5 0.5 0.6 0.6 0.5 
1262308207 0 0.5 1 0.5 0.5 0.5 0.6 0.5 0.5 0.5 0.6 0.6 0.5 
1262308217 0 0.5 1 0.5 0.5 0.5 0.6 0.5 0.5 0.5 0.6 0.6 0.5 
1262308240 0 0.5 1 0.5 0.5 0.5 0.6 0.5 0.5 0.5 0.6 0.6 0.5 
1262308244 0 0.5 1 0.5 0.5 0.5 0.6 0.5 0.5 0.5 0.6 0.6 0.5 
1262308247 0 0.5 1 0.5 0.5 0.4 0.6 0.5 0.5 0.5 0.6 0.6 0.5 
1262308260 0 0.5 1 0.5 0.5 0.4 0.6 0.5 0.5 0.5 0.6 0.6 0.5 
1262308270 0 0.5 1 0.5 0.5 0.4 0.6 0.5 0.5 0.5 0.6 0.6 0.5 
1262308275 0 0.5 1 0.5 0.5 0.4 0.6 0.5 0.5 0.5 0.6 0.6 0.5 
1262308281 0 0.5 1 0.5 0.5 0.4 0.6 0.5 0.5 0.5 0.6 0.6 0.5 
1262308294 0 0.5 1 0.5 0.5 0.4 0.6 0.5 0.5 0.5 0.6 0.6 0.5 
1262308304 0 0.5 1 0.5 0.5 0.4 0.6 0.5 0.5 0.5 0.6 0.6 0.5 
1262308307 0 0.5 1 0.5 0.5 0.4 0.6 0.5 0.5 0.5 0.6 0.6 0.5 
1262308317 0 0.5 1 0.5 0.5 0.4 0.6 0.5 0.5 0.5 0.6 0.6 0.5 
1262308340 0 0.5 1 0.5 0.5 0.4 0.6 0.5 0.5 0.5 0.6 0.6 0.5 
1262308344 0 0.5 1 0.5 0.5 0.4 0.6 0.5 0.5 0.5 0.5 0.6 0.5 
1262308347 0 0.5 1 0.5 0.5 0.4 0.6 0.5 0.5 0.5 0.5 0.6 0.5 
1262308360 0 0.5 1 0.5 0.5 0.4 0.6 0.5 0.5 0.5 0.5 0.6 0.5 
1262308370 0 0.5 1 0.5 0.5 0.4 0.6 0.5 0.5 0.5 0.5 0.4 0.5 
1262308375 0 0.5 1 0.5 0.5 0.4 0.5 0.5 0.5 0.5 0.5 0.4 0.5 
1262308381 0 0.5 1 0.5 0.5 0.4 0.5 0.5 0.5 0.5 0.5 0.4 0.5 
1262308394 0 0.5 1 0.5 0.5 0.4 0.5 0.4 0.5 0.5 0.5 0.4 0.5 
1262308404 0 0.5 1 0.5 0.5 0.4 0.5 0.4 0.5 0.5 0.5 0.4 0.5 
1262308407 0 0.5 1 0.5 0.5 0.4 0.5 0.4 0.5 0.5 0.5 0.4 0.5 
1262308417 0 0.5 1 0.5 0.5 0.4 0.5 0.4 0.5 0.5 0.5 0.4 0.5 
1262308440 0 0.5 1 0.5 0.5 0.4 0.5 0.4 0.5 0.5 0.5 0.4 0.5 
1262308444 0 0.5 1 0.5 0.5 0.4 0.5 0.4 0.5 0.5 0.5 0.4 0.5 
1262308447 0 0.5 1 0.5 0.5 0.4 0.5 0.4 0.5 0.5 0.5 0.4 0.5 
1262308460 0 0.5 1 0.5 0.5 0.4 0.5 0.4 0.5 0.5 0.5 0.4 0.5 
1262308470 0 0.5 1 0.5 0.5 0.4 0.5 0.4 0.5 0.5 0.5 0.5 0.5 
1262308475 0 0.5 1 0.5 0.5 0.4 0.5 0.4 0.5 0.5 0.5 0.5 0.5 
1262308481 0 0.5 1 0.5 0.5 0.4 0.5 0.4 0.5 0.5 0.5 0.5 0.5 
1262308494 0 0.5 1 0.5 0.5 0.4 0.5 0.4 0.5 0.5 0.5 0.5 0.5 
