arrived:	node1#19	1
arrived:	node3#7	1
arrived:	node1#14	1
arrived:	node3#25	1
arrived:	node3#4	1
arrived:	node3#22	1
arrived:	node1#38	1
arrived:	node1#57	1
arrived:	node1#13	1
arrived:	node3#5	1
arrived:	node3#52	1
arrived:	node3#20	1
arrived:	node3#37	1
arrived:	node3#55	1
arrived:	node1#43	1
arrived:	node1#1	1
arrived:	node1#26	1
arrived:	node3#46	1
arrived:	node1#33	1
arrived:	node1#56	1
arrived:	node1#31	1
arrived:	node1#4	1
arrived:	node3#16	1
arrived:	node1#39	1
arrived:	node3#53	1
arrived:	node1#54	1
arrived:	node1#29	1
arrived:	node1#37	1
arrived:	node1#20	1
arrived:	node1#11	1
arrived:	node1#6	1
arrived:	node1#17	1
arrived:	node3#45	1
arrived:	node3#27	1
arrived:	node1#42	1
arrived:	node3#54	1
arrived:	node1#35	1
arrived:	node1#22	1
arrived:	node1#10	1
arrived:	node1#34	1
arrived:	node1#27	1
arrived:	node1#18	1
arrived:	node1#46	1
arrived:	node3#6	1
arrived:	node1#3	1
arrived:	node1#32	1
arrived:	node3#21	1
arrived:	node3#18	1
arrived:	node1#55	1
arrived:	node3#28	1
arrived:	node1#40	1
arrived:	node3#57	1
arrived:	node3#56	1
arrived:	node1#30	1
arrived:	node3#42	1
arrived:	node3#3	1
arrived:	node1#28	1
arrived:	node1#41	1
arrived:	node1#21	1
arrived:	node3#48	1
arrived:	node3#26	1
arrived:	node1#2	1
arrived:	node1#45	1
arrived:	node3#47	1
arrived:	node1#12	1
arrived:	node3#24	1
arrived:	node1#53	1
NOTIFS:
node1	:	60	sent
node3	:	60	sent
SUBS:
on	node1
	node1	:	40	received
on	node3
	node3	:	27	received
1262304604 - 0.5 - 0.5 - - - - - - - - - 
1262304704 - 0.5 - 0.5 - - - - - - - - - 
1262304804 - 0.5 - 0.5 0.5 0.5 0.5 - - 0.5 0.5 - - 
1262304904 - 0.5 - 0.5 0.5 0.5 0.5 0.57142857142857 - 0.5 0.5 - - 
1262305004 - 0.5 - 0.5 0.5 0.5 0.5 0.5 0.5 0.5 0.5 - - 
1262305104 0 0.5 1 0.5 0.5 0.5 0.5 0.5 0.5 0.5 0.5 0.33333333333333 0 
1262305204 0 0.5 1 0.5 0.5 0.5 0.5 0.5 0.5 0.5 0.5 0.33333333333333 0 
1262305304 0 0.5 1 0.5 0.5 0.5 0.5 0.5 0.5 0.5 0.5 0.5 0 
1262305404 0 0.5 1 0.5 0.5 0.5 0.5 0.5 0.5 0.5 0.5 0.5 0 
1262305504 0 0.5 1 0.4 0.5 0.5 0.5 0.5 0.5 0.5 0.5 0.5 0.5 
1262305508 0 0.5 1 0.4 0.5 0.5 0.5 0.5 0.5 0.5 0.5 0.5 0.5 
1262305604 0 0.5 1 0.4 0.5 0.5 0.5 0.5 0.5 0.5 0.5 0.5 0.5 
1262305608 0 0.5 1 0.4 0.5 0.5 0.5 0.5 0.5 0.5 0.5 0.5 0.5 
1262305704 0 0.5 1 0.4 0.5 0.5 0.5 0.5 0.5 0.5 0.5 0.5 0.5 
1262305708 0 0.5 1 0.4 0.5 0.5 0.5 0.5 0.5 0.5 0.5 0.5 0.5 
1262305804 0 0.5 1 0.4 0.5 0.5 0.5 0.5 0.5 0.5 0.5 0.5 0.5 
1262305808 0 0.5 1 0.4 0.5 0.5 0.5 0.5 0.5 0.5 0.5 0.5 0.5 
1262305904 0 0.5 1 0.5 0.4 0.6 0.5 0.6 0.5 0.5 0.5 0.5 0.5 
1262305908 0 0.5 1 0.5 0.4 0.6 0.5 0.6 0.5 0.5 0.5 0.5 0.5 
1262306004 0 0.5 1 0.5 0.4 0.6 0.5 0.6 0.5 0.5 0.5 0.5 0.5 
1262306008 0 0.5 1 0.5 0.4 0.6 0.5 0.6 0.5 0.5 0.5 0.5 0.5 
1262306104 0 0.5 1 0.5 0.4 0.5 0.5 0.6 0.5 0.5 0.5 0.5 0.5 
1262306108 0 0.5 1 0.5 0.4 0.5 0.5 0.6 0.5 0.5 0.5 0.5 0.5 
1262306204 0 0.6 1 0.5 0.4 0.5 0.5 0.5 0.5 0.5 0.5 0.5 0.5 
1262306208 0 0.6 1 0.5 0.4 0.5 0.5 0.5 0.5 0.5 0.5 0.5 0.5 
1262306304 0 0.5 1 0.5 0.4 0.5 0.5 0.5 0.5 0.5 0.5 0.5 0.5 
1262306308 0 0.5 1 0.5 0.4 0.5 0.5 0.5 0.5 0.5 0.5 0.5 0.5 
1262306404 0 0.5 1 0.5 0.4 0.4 0.4 0.5 0.5 0.5 0.5 0.5 0.5 
1262306408 0 0.5 1 0.5 0.4 0.4 0.4 0.5 0.5 0.5 0.5 0.5 0.5 
1262306493 0 0.5 1 0.5 0.4 0.4 0.4 0.5 0.5 0.5 0.5 0.5 0.5 
1262306504 0 0.5 1 0.5 0.4 0.4 0.4 0.5 0.5 0.5 0.5 0.5 0.5 
1262306508 0 0.5 1 0.5 0.4 0.4 0.4 0.5 0.5 0.5 0.5 0.5 0.5 
1262306593 0 0.5 1 0.5 0.4 0.4 0.4 0.5 0.5 0.5 0.5 0.5 0.5 
1262306596 0 0.5 1 0.5 0.4 0.4 0.4 0.5 0.5 0.5 0.5 0.5 0.5 
1262306604 0 0.5 1 0.5 0.4 0.4 0.4 0.5 0.5 0.5 0.5 0.5 0.5 
1262306605 0 0.5 1 0.5 0.4 0.4 0.4 0.5 0.5 0.5 0.5 0.5 0.5 
1262306608 0 0.5 1 0.5 0.4 0.4 0.4 0.5 0.5 0.5 0.5 0.5 0.5 
1262306623 0 0.5 1 0.5 0.4 0.4 0.4 0.5 0.5 0.5 0.5 0.5 0.5 
1262306693 0 0.5 1 0.5 0.4 0.4 0.4 0.5 0.5 0.5 0.5 0.5 0.5 
1262306696 0 0.5 1 0.5 0.6 0.4 0.4 0.5 0.5 0.5 0.5 0.5 0.5 
1262306704 0 0.5 1 0.5 0.6 0.5 0.5 0.5 0.5 0.5 0.5 0.5 0.6 
1262306705 0 0.5 1 0.5 0.6 0.5 0.5 0.5 0.5 0.5 0.5 0.5 0.6 
1262306708 0 0.5 1 0.5 0.6 0.5 0.5 0.5 0.5 0.5 0.5 0.5 0.6 
1262306723 0 0.5 1 0.5 0.6 0.5 0.5 0.5 0.5 0.5 0.5 0.5 0.6 
1262306793 0 0.5 1 0.5 0.6 0.5 0.5 0.5 0.5 0.5 0.5 0.5 0.6 
1262306796 0 0.5 1 0.5 0.6 0.5 0.5 0.5 0.5 0.5 0.5 0.5 0.6 
1262306804 0 0.5 1 0.5 0.6 0.5 0.5 0.5 0.5 0.5 0.5 0.5 0.6 
1262306805 0 0.5 1 0.5 0.6 0.5 0.5 0.5 0.5 0.5 0.5 0.5 0.6 
1262306812 0 0.5 1 0.5 0.6 0.5 0.5 0.5 0.5 0.5 0.5 0.5 0.6 
1262306823 0 0.5 1 0.5 0.6 0.5 0.5 0.5 0.5 0.5 0.5 0.5 0.6 
1262306893 0 0.5 1 0.5 0.6 0.5 0.5 0.5 0.5 0.5 0.5 0.5 0.6 
1262306896 0 0.5 1 0.5 0.6 0.5 0.5 0.5 0.5 0.5 0.5 0.5 0.6 
1262306904 0 0.5 1 0.5 0.6 0.5 0.5 0.5 0.5 0.5 0.5 0.5 0.6 
1262306905 0 0.5 1 0.5 0.6 0.5 0.5 0.5 0.5 0.5 0.5 0.5 0.6 
1262306912 0 0.5 1 0.5 0.6 0.5 0.5 0.5 0.5 0.5 0.5 0.5 0.6 
1262306923 0 0.5 1 0.5 0.6 0.5 0.5 0.5 0.5 0.5 0.5 0.5 0.6 
1262306924 0 0.5 1 0.5 0.6 0.5 0.5 0.5 0.5 0.5 0.5 0.5 0.5 
1262306993 0 0.5 1 0.5 0.6 0.5 0.5 0.5 0.5 0.5 0.5 0.5 0.5 
1262306996 0 0.5 1 0.5 0.6 0.5 0.5 0.5 0.5 0.5 0.5 0.5 0.5 
1262307004 0 0.5 1 0.5 0.6 0.6 0.4 0.5 0.5 0.5 0.5 0.5 0.5 
1262307005 0 0.5 1 0.5 0.6 0.6 0.4 0.5 0.5 0.5 0.5 0.5 0.5 
1262307012 0 0.5 1 0.5 0.6 0.6 0.4 0.5 0.5 0.5 0.5 0.5 0.5 
1262307023 0 0.5 1 0.5 0.6 0.6 0.4 0.5 0.5 0.5 0.5 0.5 0.5 
1262307024 0 0.5 1 0.5 0.6 0.6 0.4 0.5 0.5 0.5 0.5 0.5 0.5 
1262307093 0 0.5 1 0.5 0.6 0.6 0.4 0.5 0.5 0.5 0.5 0.5 0.5 
1262307096 0 0.5 1 0.5 0.6 0.6 0.4 0.5 0.5 0.5 0.5 0.5 0.5 
1262307100 0 0.5 1 0.5 0.6 0.6 0.4 0.5 0.5 0.5 0.5 0.5 0.5 
1262307104 0 0.5 1 0.5 0.6 0.5 0.4 0.5 0.5 0.4 0.5 0.5 0.5 
1262307105 0 0.5 1 0.5 0.6 0.5 0.4 0.5 0.5 0.4 0.5 0.5 0.5 
1262307112 0 0.5 1 0.5 0.6 0.5 0.4 0.5 0.5 0.4 0.5 0.5 0.5 
1262307123 0 0.5 1 0.5 0.6 0.5 0.4 0.5 0.5 0.4 0.5 0.5 0.5 
1262307124 0 0.5 1 0.5 0.6 0.5 0.4 0.5 0.5 0.4 0.5 0.5 0.5 
1262307193 0 0.5 1 0.5 0.6 0.5 0.4 0.5 0.5 0.4 0.5 0.5 0.5 
1262307196 0 0.5 1 0.5 0.6 0.5 0.4 0.5 0.5 0.4 0.5 0.5 0.5 
1262307200 0 0.5 1 0.5 0.6 0.5 0.4 0.5 0.5 0.4 0.5 0.5 0.5 
1262307202 0 0.5 1 0.5 0.6 0.5 0.4 0.5 0.5 0.4 0.5 0.5 0.5 
1262307204 0 0.5 1 0.5 0.6 0.5 0.4 0.5 0.5 0.4 0.5 0.5 0.5 
1262307205 0 0.5 1 0.5 0.6 0.5 0.4 0.5 0.5 0.4 0.5 0.5 0.5 
1262307212 0 0.5 1 0.5 0.6 0.5 0.4 0.5 0.5 0.4 0.5 0.5 0.5 
1262307223 0 0.5 1 0.5 0.6 0.5 0.4 0.5 0.5 0.4 0.5 0.5 0.5 
1262307224 0 0.5 1 0.5 0.6 0.5 0.4 0.5 0.5 0.4 0.5 0.5 0.5 
1262307293 0 0.5 1 0.5 0.6 0.5 0.4 0.5 0.5 0.4 0.5 0.5 0.5 
1262307300 0 0.5 1 0.5 0.6 0.5 0.4 0.5 0.5 0.4 0.5 0.5 0.5 
1262307304 0 0.5 1 0.5 0.6 0.5 0.4 0.5 0.5 0.5 0.5 0.5 0.5 
1262307305 0 0.5 1 0.5 0.6 0.5 0.4 0.5 0.5 0.5 0.5 0.5 0.5 
1262307312 0 0.5 1 0.5 0.6 0.5 0.4 0.5 0.5 0.5 0.5 0.5 0.5 
1262307323 0 0.5 1 0.5 0.6 0.5 0.4 0.5 0.5 0.5 0.5 0.5 0.5 
1262307324 0 0.5 1 0.5 0.6 0.5 0.4 0.5 0.5 0.5 0.5 0.5 0.5 
1262307368 0 0.5 1 0.5 0.6 0.5 0.4 0.5 0.5 0.5 0.5 0.5 0.5 
1262307392 0 0.5 1 0.5 0.6 0.5 0.4 0.5 0.5 0.5 0.5 0.5 0.5 
1262307393 0 0.5 1 0.5 0.6 0.5 0.4 0.5 0.5 0.5 0.5 0.5 0.5 
1262307400 0 0.5 1 0.5 0.6 0.5 0.4 0.5 0.5 0.5 0.5 0.5 0.5 
1262307404 0 0.5 1 0.5 0.6 0.5 0.4 0.5 0.5 0.5 0.5 0.5 0.5 
1262307405 0 0.5 1 0.5 0.6 0.5 0.4 0.5 0.5 0.5 0.5 0.5 0.5 
1262307412 0 0.5 1 0.5 0.6 0.5 0.4 0.5 0.5 0.5 0.5 0.5 0.5 
1262307423 0 0.5 1 0.5 0.6 0.5 0.4 0.5 0.5 0.5 0.5 0.4 0.5 
1262307424 0 0.5 1 0.5 0.6 0.5 0.4 0.5 0.5 0.5 0.5 0.4 0.5 
1262307468 0 0.5 1 0.5 0.5 0.5 0.4 0.5 0.5 0.5 0.5 0.4 0.5 
1262307492 0 0.5 1 0.5 0.5 0.5 0.4 0.5 0.5 0.5 0.5 0.4 0.5 
1262307493 0 0.5 1 0.5 0.5 0.5 0.4 0.5 0.5 0.5 0.5 0.4 0.5 
1262307504 0 0.5 1 0.5 0.5 0.5 0.4 0.5 0.5 0.5 0.5 0.4 0.5 
1262307505 0 0.5 1 0.5 0.5 0.5 0.4 0.5 0.5 0.5 0.5 0.4 0.5 
1262307512 0 0.5 1 0.5 0.5 0.5 0.4 0.5 0.5 0.5 0.5 0.4 0.5 
1262307523 0 0.5 1 0.5 0.5 0.5 0.4 0.5 0.5 0.5 0.5 0.5 0.5 
1262307524 0 0.5 1 0.5 0.5 0.5 0.4 0.5 0.5 0.5 0.5 0.5 0.5 
1262307531 0 0.5 1 0.5 0.5 0.5 0.4 0.5 0.5 0.4 0.5 0.5 0.5 
1262307568 0 0.5 1 0.5 0.5 0.5 0.4 0.5 0.5 0.4 0.5 0.5 0.5 
1262307592 0 0.5 1 0.5 0.5 0.5 0.4 0.5 0.5 0.4 0.5 0.5 0.5 
1262307593 0 0.5 1 0.5 0.5 0.5 0.4 0.5 0.5 0.4 0.5 0.5 0.5 
1262307598 0 0.5 1 0.5 0.5 0.5 0.4 0.5 0.5 0.4 0.5 0.5 0.5 
1262307604 0 0.5 1 0.5 0.5 0.5 0.4 0.5 0.5 0.4 0.5 0.5 0.5 
1262307605 0 0.5 1 0.5 0.5 0.5 0.4 0.5 0.5 0.4 0.5 0.5 0.5 
1262307612 0 0.5 1 0.5 0.5 0.5 0.4 0.5 0.5 0.4 0.5 0.5 0.5 
1262307623 0 0.5 1 0.5 0.5 0.5 0.4 0.5 0.5 0.4 0.5 0.5 0.5 
1262307624 0 0.5 1 0.5 0.5 0.5 0.4 0.5 0.5 0.4 0.5 0.5 0.5 
1262307631 0 0.5 1 0.5 0.5 0.5 0.4 0.5 0.5 0.4 0.5 0.5 0.5 
1262307668 0 0.5 1 0.5 0.5 0.5 0.4 0.5 0.5 0.4 0.5 0.5 0.5 
1262307692 0 0.5 1 0.5 0.5 0.5 0.4 0.5 0.5 0.4 0.5 0.5 0.5 
1262307693 0 0.5 1 0.5 0.5 0.5 0.4 0.5 0.5 0.4 0.5 0.5 0.5 
1262307698 0 0.5 1 0.5 0.5 0.5 0.4 0.5 0.5 0.4 0.5 0.5 0.5 
1262307704 0 0.5 1 0.5 0.5 0.5 0.4 0.5 0.5 0.4 0.5 0.5 0.5 
1262307705 0 0.5 1 0.5 0.5 0.5 0.4 0.5 0.5 0.4 0.5 0.5 0.5 
1262307723 0 0.5 1 0.5 0.5 0.5 0.4 0.5 0.5 0.4 0.5 0.5 0.5 
1262307724 0 0.5 1 0.5 0.5 0.5 0.4 0.5 0.5 0.4 0.5 0.5 0.5 
1262307731 0 0.5 1 0.5 0.5 0.5 0.4 0.5 0.5 0.4 0.5 0.5 0.5 
1262307768 0 0.5 1 0.5 0.5 0.5 0.4 0.5 0.5 0.4 0.5 0.5 0.5 
1262307792 0 0.5 1 0.5 0.5 0.5 0.4 0.5 0.5 0.4 0.5 0.5 0.5 
1262307793 0 0.5 1 0.5 0.5 0.5 0.4 0.5 0.5 0.4 0.5 0.5 0.5 
1262307798 0 0.5 1 0.5 0.5 0.5 0.4 0.5 0.5 0.4 0.5 0.5 0.5 
1262307804 0 0.5 1 0.5 0.5 0.5 0.5 0.4 0.5 0.4 0.5 0.5 0.5 
1262307805 0 0.5 1 0.5 0.5 0.5 0.5 0.4 0.5 0.4 0.5 0.5 0.5 
1262307812 0 0.5 1 0.5 0.5 0.5 0.5 0.4 0.5 0.4 0.5 0.5 0.5 
1262307823 0 0.5 1 0.5 0.5 0.5 0.5 0.4 0.5 0.4 0.5 0.5 0.5 
1262307824 0 0.5 1 0.5 0.5 0.5 0.5 0.4 0.5 0.4 0.5 0.5 0.5 
1262307831 0 0.5 1 0.5 0.5 0.5 0.5 0.4 0.5 0.4 0.5 0.5 0.5 
1262307868 0 0.5 1 0.5 0.5 0.5 0.5 0.4 0.5 0.4 0.5 0.5 0.5 
1262307892 0 0.5 1 0.5 0.5 0.5 0.5 0.4 0.5 0.4 0.5 0.5 0.5 
1262307893 0 0.5 1 0.5 0.5 0.5 0.5 0.4 0.5 0.4 0.5 0.5 0.5 
1262307904 0 0.5 1 0.5 0.5 0.5 0.5 0.5 0.5 0.4 0.5 0.5 0.5 
1262307905 0 0.5 1 0.5 0.5 0.5 0.5 0.5 0.5 0.4 0.5 0.5 0.5 
1262307912 0 0.5 1 0.5 0.5 0.5 0.5 0.5 0.5 0.4 0.5 0.5 0.5 
1262307923 0 0.5 1 0.5 0.5 0.5 0.5 0.5 0.5 0.4 0.5 0.5 0.5 
1262307924 0 0.5 1 0.5 0.5 0.5 0.5 0.5 0.5 0.4 0.5 0.5 0.5 
1262307931 0 0.5 1 0.5 0.5 0.5 0.5 0.5 0.5 0.5 0.5 0.5 0.5 
1262307968 0 0.5 1 0.5 0.5 0.5 0.5 0.5 0.5 0.5 0.5 0.5 0.5 
1262307992 0 0.5 1 0.5 0.5 0.5 0.5 0.5 0.5 0.5 0.5 0.5 0.5 
1262307993 0 0.5 1 0.5 0.5 0.5 0.5 0.5 0.5 0.5 0.5 0.5 0.5 
1262308004 0 0.5 1 0.5 0.5 0.5 0.5 0.5 0.5 0.5 0.5 0.5 0.5 
1262308012 0 0.5 1 0.5 0.5 0.5 0.5 0.5 0.5 0.5 0.5 0.5 0.5 
1262308023 0 0.5 1 0.5 0.5 0.5 0.5 0.5 0.5 0.5 0.5 0.5 0.5 
1262308024 0 0.5 1 0.5 0.5 0.5 0.5 0.5 0.5 0.5 0.5 0.5 0.5 
1262308031 0 0.5 1 0.5 0.5 0.5 0.5 0.5 0.5 0.5 0.5 0.5 0.5 
1262308059 0 0.5 1 0.5 0.5 0.5 0.5 0.5 0.5 0.5 0.5 0.5 0.5 
1262308068 0 0.5 1 0.5 0.5 0.5 0.5 0.5 0.5 0.5 0.5 0.5 0.5 
1262308092 0 0.5 1 0.5 0.5 0.5 0.5 0.5 0.5 0.5 0.5 0.5 0.5 
1262308093 0 0.5 1 0.5 0.5 0.5 0.5 0.5 0.5 0.5 0.5 0.5 0.5 
1262308104 0 0.5 1 0.5 0.5 0.5 0.5 0.5 0.5 0.5 0.5 0.5 0.5 
1262308112 0 0.5 1 0.5 0.5 0.5 0.5 0.5 0.5 0.5 0.5 0.5 0.5 
1262308123 0 0.5 1 0.5 0.5 0.5 0.5 0.5 0.5 0.5 0.5 0.6 0.5 
1262308124 0 0.5 1 0.5 0.5 0.5 0.5 0.5 0.5 0.5 0.5 0.6 0.5 
1262308131 0 0.5 1 0.5 0.5 0.5 0.5 0.5 0.5 0.5 0.5 0.6 0.5 
1262308159 0 0.4 1 0.5 0.5 0.5 0.5 0.5 0.5 0.5 0.5 0.6 0.5 
1262308168 0 0.4 1 0.5 0.5 0.5 0.5 0.5 0.5 0.5 0.5 0.6 0.5 
1262308172 0 0.4 1 0.6 0.5 0.5 0.5 0.5 0.5 0.5 0.5 0.6 0.5 
1262308192 0 0.4 1 0.6 0.5 0.5 0.5 0.5 0.5 0.5 0.5 0.6 0.5 
1262308193 0 0.4 1 0.6 0.5 0.5 0.5 0.5 0.5 0.5 0.5 0.6 0.5 
1262308204 0 0.4 1 0.6 0.5 0.5 0.5 0.5 0.5 0.5 0.5 0.6 0.5 
1262308212 0 0.4 1 0.6 0.5 0.5 0.5 0.5 0.5 0.5 0.5 0.6 0.5 
1262308224 0 0.4 1 0.6 0.5 0.5 0.5 0.5 0.5 0.5 0.5 0.6 0.5 
1262308231 0 0.4 1 0.6 0.5 0.5 0.5 0.5 0.5 0.5 0.5 0.6 0.5 
1262308259 0 0.5 1 0.6 0.5 0.5 0.5 0.5 0.5 0.5 0.5 0.6 0.5 
1262308268 0 0.5 1 0.6 0.5 0.5 0.5 0.5 0.5 0.5 0.5 0.6 0.5 
1262308272 0 0.5 1 0.6 0.5 0.5 0.5 0.5 0.5 0.5 0.5 0.6 0.5 
1262308292 0 0.5 1 0.6 0.5 0.5 0.5 0.5 0.5 0.5 0.5 0.6 0.5 
1262308293 0 0.5 1 0.6 0.5 0.5 0.5 0.5 0.5 0.5 0.5 0.6 0.5 
1262308304 0 0.5 1 0.6 0.5 0.5 0.5 0.5 0.5 0.5 0.5 0.6 0.5 
1262308312 0 0.5 1 0.6 0.5 0.5 0.5 0.5 0.5 0.5 0.5 0.6 0.5 
1262308324 0 0.5 1 0.6 0.5 0.5 0.5 0.5 0.5 0.5 0.5 0.6 0.5 
1262308331 0 0.5 1 0.6 0.5 0.5 0.5 0.5 0.5 0.5 0.5 0.6 0.5 
1262308355 0 0.5 1 0.6 0.5 0.5 0.5 0.5 0.5 0.5 0.5 0.6 0.5 
1262308359 0 0.5 1 0.6 0.5 0.5 0.5 0.5 0.5 0.5 0.5 0.6 0.5 
1262308368 0 0.5 1 0.6 0.5 0.5 0.5 0.5 0.5 0.5 0.5 0.6 0.5 
1262308372 0 0.5 1 0.6 0.5 0.5 0.5 0.5 0.5 0.5 0.5 0.6 0.5 
1262308392 0 0.5 1 0.6 0.5 0.5 0.5 0.5 0.5 0.5 0.5 0.6 0.5 
1262308393 0 0.5 1 0.6 0.5 0.5 0.5 0.5 0.5 0.5 0.5 0.6 0.5 
1262308404 0 0.5 1 0.6 0.5 0.5 0.5 0.5 0.5 0.5 0.5 0.6 0.5 
1262308412 0 0.5 1 0.6 0.5 0.5 0.5 0.5 0.5 0.5 0.5 0.6 0.5 
1262308424 0 0.5 1 0.6 0.5 0.5 0.5 0.5 0.5 0.5 0.5 0.6 0.5 
1262308431 0 0.5 1 0.6 0.5 0.5 0.5 0.5 0.5 0.5 0.5 0.6 0.5 
1262308455 0 0.5 1 0.6 0.5 0.5 0.5 0.5 0.5 0.5 0.5 0.6 0.5 
1262308459 0 0.5 1 0.6 0.5 0.5 0.5 0.5 0.5 0.5 0.5 0.6 0.5 
1262308468 0 0.5 1 0.6 0.5 0.5 0.5 0.5 0.5 0.5 0.5 0.6 0.5 
1262308472 0 0.5 1 0.6 0.5 0.5 0.5 0.5 0.5 0.5 0.5 0.6 0.5 
1262308492 0 0.5 1 0.6 0.5 0.5 0.5 0.5 0.5 0.5 0.5 0.6 0.5 
1262308493 0 0.5 1 0.6 0.5 0.5 0.5 0.5 0.5 0.5 0.5 0.6 0.5 
