arrived:	node1#5	1
arrived:	node3#51	1
arrived:	node1#7	1
arrived:	node3#17	1
arrived:	node3#40	1
arrived:	node3#4	1
arrived:	node3#22	1
arrived:	node3#15	1
arrived:	node1#57	1
arrived:	node3#47	1
arrived:	node1#10	1
arrived:	node3#49	1
arrived:	node3#50	1
arrived:	node1#59	1
arrived:	node3#28	1
arrived:	node3#32	1
arrived:	node1#9	1
arrived:	node1#27	1
arrived:	node3#39	1
arrived:	node3#2	1
arrived:	node1#49	1
arrived:	node3#1	1
arrived:	node1#25	1
arrived:	node1#46	1
arrived:	node3#42	1
arrived:	node3#35	1
arrived:	node3#21	1
arrived:	node1#26	1
arrived:	node3#34	1
arrived:	node1#50	1
arrived:	node1#56	1
arrived:	node1#28	1
arrived:	node3#30	1
arrived:	node3#48	1
arrived:	node3#27	1
arrived:	node1#8	1
arrived:	node3#31	1
arrived:	node3#16	1
arrived:	node3#29	1
arrived:	node1#58	1
arrived:	node3#23	1
arrived:	node3#25	1
arrived:	node3#33	1
arrived:	node1#47	1
arrived:	node3#14	1
arrived:	node1#30	1
arrived:	node1#29	1
arrived:	node3#13	1
arrived:	node1#51	1
arrived:	node1#48	1
arrived:	node1#60	1
arrived:	node3#3	1
arrived:	node1#11	1
arrived:	node1#6	1
arrived:	node3#41	1
arrived:	node3#24	1
arrived:	node1#45	1
NOTIFS:
node1	:	60	sent
node3	:	60	sent
SUBS:
on	node1
	node1	:	25	received
on	node3
	node3	:	32	received
1262304604 - 0.5 - - - - - - - - - - - 
1262304704 - 0.5 - - - 0.5 0.5 - - - - 0.5 - 
1262304804 - 0.5 - 0.5 - 0.5 0.5 - - - - 0.5 - 
1262304904 - 0.5 1 0.5 0.5 0.5 0.5 - - - - 0.5 - 
1262305004 - 0.5 1 0.5 0.5 0.5 0.5 - 0.5 0.5 - 0.5 0.42857142857143 
1262305025 - 0.5 1 0.5 0.5 0.5 0.5 - 0.5 0.5 0.5 0.5 0.42857142857143 
1262305104 - 0.5 1 0.5 0.5 0.5 0.5 0.5 0.5 0.5 0.5 0.5 0.5 
1262305125 - 0.5 1 0.5 0.5 0.5 0.5 0.5 0.5 0.5 0.5 0.5 0.5 
1262305204 - 0.5 1 0.5 0.5 0.5 0.5 0.5 0.5 0.5 0.5 0.5 0.5 
1262305225 - 0.5 1 0.5 0.5 0.5 0.5 0.5 0.5 0.5 0.5 0.5 0.5 
1262305304 - 0.4 1 0.5 0.5 0.5 0.5 0.5 0.5 0.5 0.5 0.5 0.5 
1262305325 - 0.4 1 0.5 0.5 0.5 0.5 0.5 0.5 0.5 0.6 0.5 0.5 
1262305404 - 0.5 1 0.5 0.5 0.5 0.5 0.5 0.5 0.4 0.6 0.5 0.5 
1262305425 - 0.5 1 0.5 0.5 0.5 0.5 0.5 0.5 0.4 0.6 0.5 0.5 
1262305504 - 0.5 1 0.5 0.5 0.5 0.5 0.5 0.5 0.5 0.6 0.5 0.5 
1262305525 - 0.5 1 0.5 0.5 0.5 0.5 0.5 0.5 0.5 0.6 0.5 0.5 
1262305604 0 0.5 1 0.5 0.5 0.5 0.5 0.5 0.5 0.5 0.6 0.5 0.5 
1262305625 0 0.5 1 0.5 0.5 0.5 0.5 0.5 0.5 0.5 0.6 0.5 0.5 
1262305698 0 0.5 1 0.5 0.5 0.5 0.5 0.5 0.5 0.5 0.6 0.5 0.5 
1262305704 0 0.5 1 0.5 0.5 0.5 0.5 0.5 0.5 0.5 0.6 0.5 0.5 
1262305725 0 0.5 1 0.5 0.5 0.5 0.5 0.5 0.5 0.5 0.5 0.5 0.5 
1262305798 0 0.4 1 0.5 0.5 0.5 0.5 0.5 0.5 0.5 0.5 0.5 0.5 
1262305804 0 0.4 1 0.5 0.5 0.5 0.5 0.5 0.5 0.5 0.5 0.5 0.4 
1262305825 0 0.4 1 0.5 0.5 0.5 0.5 0.5 0.5 0.5 0.5 0.5 0.4 
1262305898 0 0.5 1 0.5 0.5 0.5 0.5 0.5 0.5 0.5 0.5 0.5 0.4 
1262305904 0 0.5 1 0.5 0.5 0.5 0.5 0.5 0.5 0.5 0.5 0.5 0.5 
1262305925 0 0.5 1 0.5 0.5 0.5 0.5 0.5 0.5 0.5 0.5 0.5 0.5 
1262305998 0 0.5 1 0.5 0.5 0.5 0.5 0.5 0.5 0.5 0.5 0.5 0.5 
1262306004 0 0.5 1 0.5 0.5 0.5 0.5 0.5 0.5 0.5 0.5 0.5 0.5 
1262306025 0 0.5 1 0.5 0.5 0.5 0.5 0.5 0.5 0.5 0.5 0.5 0.5 
1262306098 0 0.5 1 0.5 0.5 0.5 0.5 0.5 0.5 0.5 0.5 0.5 0.5 
1262306104 0 0.5 1 0.5 0.5 0.5 0.5 0.5 0.5 0.5 0.5 0.5 0.5 
1262306125 0 0.5 1 0.5 0.5 0.5 0.5 0.5 0.5 0.5 0.5 0.5 0.5 
1262306198 0 0.5 1 0.5 0.5 0.5 0.5 0.5 0.5 0.5 0.5 0.5 0.5 
1262306204 0 0.5 1 0.5 0.5 0.5 0.5 0.5 0.3 0.5 0.5 0.5 0.5 
1262306225 0 0.5 1 0.5 0.5 0.5 0.5 0.5 0.3 0.5 0.5 0.5 0.5 
1262306298 0 0.5 1 0.5 0.5 0.5 0.5 0.5 0.3 0.5 0.5 0.5 0.5 
1262306304 0 0.5 1 0.5 0.5 0.5 0.5 0.5 0.4 0.5 0.5 0.5 0.5 
1262306325 0 0.5 1 0.5 0.5 0.5 0.5 0.5 0.4 0.5 0.5 0.5 0.5 
1262306404 0 0.5 1 0.4 0.5 0.5 0.4 0.5 0.4 0.5 0.5 0.5 0.5 
1262306425 0 0.5 1 0.4 0.5 0.5 0.4 0.5 0.4 0.5 0.5 0.5 0.5 
1262306504 0 0.5 1 0.4 0.5 0.5 0.5 0.5 0.4 0.5 0.5 0.5 0.5 
1262306509 0 0.5 1 0.4 0.5 0.5 0.5 0.5 0.4 0.5 0.5 0.5 0.5 
1262306525 0 0.5 1 0.4 0.5 0.5 0.5 0.5 0.4 0.5 0.5 0.5 0.5 
1262306586 0 0.5 1 0.4 0.5 0.5 0.5 0.5 0.4 0.5 0.5 0.5 0.5 
1262306604 0 0.5 1 0.4 0.5 0.5 0.5 0.5 0.5 0.5 0.5 0.5 0.5 
1262306609 0 0.5 1 0.4 0.5 0.5 0.5 0.5 0.5 0.5 0.5 0.5 0.5 
1262306625 0 0.5 1 0.4 0.5 0.5 0.5 0.5 0.5 0.5 0.5 0.5 0.5 
1262306686 0 0.5 1 0.4 0.5 0.5 0.5 0.5 0.5 0.5 0.5 0.5 0.5 
1262306704 0 0.5 1 0.4 0.5 0.5 0.5 0.5 0.5 0.5 0.5 0.5 0.5 
1262306709 0 0.5 1 0.4 0.5 0.5 0.5 0.5 0.5 0.5 0.5 0.5 0.5 
1262306725 0 0.5 1 0.4 0.5 0.5 0.5 0.5 0.5 0.5 0.5 0.5 0.5 
1262306786 0 0.5 1 0.4 0.5 0.5 0.5 0.5 0.5 0.5 0.5 0.5 0.5 
1262306804 0 0.5 1 0.5 0.5 0.5 0.5 0.5 0.5 0.6 0.5 0.6 0.5 
1262306809 0 0.5 1 0.5 0.5 0.5 0.5 0.5 0.5 0.6 0.5 0.6 0.5 
1262306825 0 0.5 1 0.5 0.5 0.5 0.5 0.5 0.5 0.6 0.6 0.6 0.5 
1262306886 0 0.5 1 0.5 0.5 0.5 0.5 0.5 0.5 0.6 0.6 0.6 0.5 
1262306904 0 0.5 1 0.5 0.5 0.5 0.5 0.5 0.5 0.5 0.6 0.5 0.5 
1262306909 0 0.5 1 0.5 0.5 0.5 0.5 0.5 0.5 0.5 0.6 0.5 0.5 
1262306925 0 0.5 1 0.5 0.5 0.5 0.5 0.5 0.5 0.5 0.5 0.5 0.5 
1262307004 0 0.5 1 0.5 0.5 0.5 0.5 0.5 0.5 0.5 0.5 0.5 0.5 
1262307009 0 0.5 1 0.5 0.5 0.5 0.5 0.5 0.5 0.5 0.5 0.5 0.5 
1262307025 0 0.5 1 0.5 0.5 0.5 0.5 0.5 0.5 0.5 0.5 0.5 0.5 
1262307040 0 0.5 1 0.5 0.5 0.5 0.5 0.5 0.5 0.5 0.5 0.5 0.5 
1262307088 0 0.5 1 0.5 0.5 0.5 0.5 0.5 0.5 0.5 0.5 0.5 0.5 
1262307104 0 0.5 1 0.5 0.5 0.5 0.5 0.5 0.5 0.5 0.5 0.5 0.5 
1262307109 0 0.5 1 0.5 0.5 0.5 0.5 0.5 0.5 0.5 0.5 0.5 0.5 
1262307140 0 0.5 1 0.5 0.5 0.5 0.5 0.5 0.5 0.5 0.5 0.5 0.5 
1262307204 0 0.5 1 0.5 0.5 0.5 0.5 0.5 0.5 0.6 0.5 0.5 0.5 
1262307240 0 0.5 1 0.5 0.5 0.5 0.5 0.5 0.5 0.6 0.5 0.5 0.5 
1262307279 0 0.5 1 0.5 0.5 0.5 0.5 0.5 0.5 0.6 0.5 0.5 0.5 
1262307297 0 0.5 1 0.5 0.5 0.5 0.5 0.5 0.5 0.6 0.5 0.5 0.5 
1262307304 0 0.5 1 0.5 0.5 0.5 0.5 0.5 0.5 0.6 0.5 0.5 0.5 
1262307309 0 0.5 1 0.5 0.5 0.5 0.5 0.5 0.5 0.6 0.5 0.5 0.5 
1262307340 0 0.5 1 0.5 0.5 0.5 0.5 0.5 0.5 0.6 0.5 0.5 0.5 
1262307379 0 0.5 1 0.5 0.5 0.5 0.5 0.5 0.5 0.6 0.6 0.5 0.5 
1262307397 0 0.5 1 0.5 0.5 0.5 0.5 0.5 0.5 0.6 0.6 0.5 0.5 
1262307404 0 0.5 1 0.5 0.5 0.5 0.5 0.5 0.5 0.6 0.6 0.5 0.5 
1262307409 0 0.5 1 0.5 0.5 0.5 0.5 0.5 0.5 0.6 0.6 0.5 0.5 
1262307440 0 0.5 1 0.5 0.5 0.5 0.5 0.5 0.5 0.6 0.6 0.5 0.5 
1262307479 0 0.5 1 0.5 0.5 0.5 0.5 0.5 0.5 0.6 0.6 0.5 0.5 
1262307486 0 0.5 1 0.5 0.6 0.5 0.5 0.5 0.5 0.6 0.6 0.5 0.5 
1262307497 0 0.5 1 0.5 0.6 0.5 0.5 0.5 0.5 0.6 0.6 0.5 0.5 
1262307504 0 0.5 1 0.5 0.6 0.5 0.5 0.5 0.5 0.6 0.6 0.5 0.5 
1262307509 0 0.5 1 0.5 0.6 0.5 0.5 0.5 0.5 0.6 0.6 0.5 0.5 
1262307540 0 0.5 1 0.5 0.6 0.5 0.5 0.5 0.5 0.6 0.6 0.5 0.5 
1262307566 0 0.5 1 0.5 0.6 0.5 0.5 0.5 0.5 0.6 0.6 0.5 0.5 
1262307579 0 0.5 1 0.5 0.6 0.5 0.5 0.5 0.5 0.6 0.5 0.5 0.5 
1262307586 0 0.5 1 0.5 0.4 0.5 0.5 0.5 0.5 0.6 0.5 0.5 0.5 
1262307600 0 0.5 1 0.5 0.4 0.5 0.5 0.5 0.5 0.6 0.5 0.5 0.5 
1262307604 0 0.5 1 0.5 0.4 0.5 0.4 0.5 0.5 0.4 0.5 0.4 0.5 
1262307640 0 0.5 1 0.5 0.4 0.5 0.4 0.5 0.5 0.4 0.5 0.4 0.5 
1262307666 0 0.5 1 0.5 0.4 0.5 0.4 0.5 0.5 0.4 0.5 0.4 0.5 
1262307679 0 0.5 1 0.5 0.4 0.5 0.4 0.5 0.5 0.4 0.5 0.4 0.5 
1262307686 0 0.5 1 0.6 0.4 0.5 0.4 0.5 0.5 0.4 0.5 0.4 0.5 
1262307700 0 0.5 1 0.6 0.4 0.5 0.4 0.4 0.5 0.4 0.5 0.4 0.5 
1262307704 0 0.5 1 0.6 0.4 0.5 0.4 0.4 0.6 0.4 0.5 0.4 0.5 
1262307740 0 0.5 1 0.6 0.4 0.5 0.4 0.4 0.6 0.4 0.5 0.4 0.5 
1262307755 0 0.5 1 0.6 0.4 0.5 0.4 0.4 0.6 0.4 0.5 0.4 0.5 
1262307766 0 0.5 1 0.6 0.4 0.5 0.4 0.4 0.6 0.4 0.5 0.4 0.6 
1262307779 0 0.5 1 0.6 0.4 0.5 0.4 0.4 0.6 0.4 0.5 0.4 0.6 
1262307786 0 0.5 1 0.6 0.4 0.5 0.4 0.4 0.6 0.4 0.5 0.4 0.6 
1262307800 0 0.5 1 0.6 0.4 0.5 0.4 0.6 0.6 0.4 0.5 0.4 0.6 
1262307804 0 0.5 1 0.6 0.4 0.5 0.4 0.6 0.6 0.5 0.5 0.4 0.6 
1262307840 0 0.5 1 0.6 0.4 0.5 0.4 0.6 0.6 0.5 0.5 0.4 0.6 
1262307855 0 0.5 1 0.6 0.4 0.5 0.4 0.6 0.6 0.5 0.5 0.4 0.6 
1262307866 0 0.5 1 0.6 0.4 0.5 0.4 0.6 0.6 0.5 0.5 0.4 0.6 
1262307879 0 0.5 1 0.6 0.4 0.5 0.4 0.6 0.6 0.5 0.6 0.4 0.6 
1262307886 0 0.5 1 0.5 0.4 0.5 0.4 0.6 0.6 0.5 0.6 0.4 0.6 
1262307900 0 0.5 1 0.5 0.4 0.5 0.4 0.5 0.6 0.5 0.6 0.4 0.6 
1262307904 0 0.5 1 0.5 0.4 0.5 0.5 0.5 0.6 0.5 0.6 0.4 0.6 
1262307940 0 0.5 1 0.5 0.4 0.5 0.5 0.5 0.6 0.5 0.6 0.4 0.6 
1262307955 0 0.5 1 0.5 0.4 0.5 0.5 0.5 0.6 0.5 0.6 0.4 0.6 
1262307966 0 0.5 1 0.5 0.4 0.5 0.5 0.5 0.6 0.5 0.6 0.4 0.6 
1262307979 0 0.5 1 0.5 0.4 0.5 0.5 0.5 0.6 0.5 0.5 0.4 0.6 
1262307986 0 0.5 1 0.5 0.5 0.5 0.5 0.5 0.6 0.5 0.5 0.4 0.6 
1262308000 0 0.5 1 0.5 0.5 0.5 0.5 0.5 0.6 0.5 0.5 0.4 0.6 
1262308004 0 0.5 1 0.5 0.5 0.5 0.5 0.5 0.5 0.5 0.5 0.4 0.6 
1262308040 0 0.5 1 0.5 0.5 0.5 0.5 0.5 0.5 0.5 0.5 0.4 0.6 
1262308055 0 0.5 1 0.5 0.5 0.5 0.5 0.5 0.5 0.5 0.5 0.4 0.6 
1262308066 0 0.5 1 0.5 0.5 0.5 0.5 0.5 0.5 0.5 0.5 0.4 0.5 
1262308079 0 0.5 1 0.5 0.5 0.5 0.5 0.5 0.5 0.5 0.5 0.4 0.5 
1262308086 0 0.5 1 0.5 0.5 0.5 0.5 0.5 0.5 0.5 0.5 0.4 0.5 
1262308100 0 0.5 1 0.5 0.5 0.5 0.5 0.5 0.5 0.5 0.5 0.4 0.5 
1262308104 0 0.5 1 0.5 0.5 0.5 0.4 0.5 0.5 0.5 0.5 0.5 0.5 
1262308140 0 0.5 1 0.5 0.5 0.4 0.4 0.5 0.5 0.5 0.5 0.5 0.5 
1262308155 0 0.5 1 0.5 0.5 0.4 0.4 0.5 0.5 0.5 0.5 0.5 0.5 
1262308166 0 0.5 1 0.5 0.5 0.4 0.4 0.5 0.5 0.5 0.5 0.5 0.5 
1262308179 0 0.5 1 0.5 0.5 0.4 0.4 0.5 0.5 0.5 0.5 0.5 0.5 
1262308186 0 0.5 1 0.5 0.5 0.4 0.4 0.5 0.5 0.5 0.5 0.5 0.5 
1262308200 0 0.5 1 0.5 0.5 0.4 0.4 0.5 0.5 0.5 0.5 0.5 0.5 
1262308204 0 0.5 1 0.5 0.5 0.4 0.4 0.5 0.5 0.5 0.5 0.5 0.5 
1262308240 0 0.5 1 0.5 0.5 0.5 0.4 0.5 0.5 0.5 0.5 0.5 0.5 
1262308255 0 0.5 1 0.5 0.5 0.5 0.4 0.5 0.5 0.5 0.5 0.5 0.5 
1262308266 0 0.5 1 0.5 0.5 0.5 0.4 0.5 0.5 0.5 0.5 0.5 0.5 
1262308279 0 0.5 1 0.5 0.5 0.5 0.4 0.5 0.5 0.5 0.5 0.5 0.5 
1262308286 0 0.5 1 0.5 0.5 0.5 0.4 0.5 0.5 0.5 0.5 0.5 0.5 
1262308300 0 0.5 1 0.5 0.5 0.5 0.4 0.5 0.5 0.5 0.5 0.5 0.5 
1262308304 0 0.5 1 0.5 0.5 0.5 0.4 0.5 0.5 0.5 0.5 0.5 0.5 
1262308340 0 0.5 1 0.5 0.5 0.5 0.4 0.5 0.5 0.5 0.5 0.5 0.5 
1262308355 0 0.5 1 0.5 0.5 0.5 0.4 0.5 0.5 0.5 0.5 0.5 0.5 
1262308379 0 0.5 1 0.5 0.5 0.5 0.4 0.5 0.5 0.5 0.5 0.5 0.5 
1262308386 0 0.5 1 0.5 0.5 0.5 0.4 0.5 0.5 0.5 0.5 0.5 0.5 
1262308400 0 0.5 1 0.5 0.5 0.5 0.4 0.5 0.5 0.5 0.5 0.5 0.5 
1262308404 0 0.5 1 0.5 0.5 0.5 0.4 0.5 0.5 0.5 0.5 0.5 0.5 
1262308440 0 0.5 1 0.5 0.5 0.5 0.4 0.5 0.5 0.5 0.5 0.5 0.5 
1262308455 0 0.5 1 0.5 0.5 0.5 0.4 0.5 0.5 0.5 0.5 0.5 0.5 
1262308479 0 0.5 1 0.5 0.5 0.5 0.4 0.5 0.5 0.5 0.5 0.5 0.5 
1262308486 0 0.5 1 0.5 0.5 0.5 0.4 0.5 0.5 0.5 0.5 0.5 0.5 
