arrived:	node3#9	1
arrived:	node3#25	1
arrived:	node3#22	1
arrived:	node1#57	1
arrived:	node1#21	1
arrived:	node1#9	1
arrived:	node1#58	1
arrived:	node3#37	1
arrived:	node3#29	1
arrived:	node1#43	1
arrived:	node1#1	1
arrived:	node1#47	1
arrived:	node3#46	1
arrived:	node1#33	1
arrived:	node1#56	1
arrived:	node1#31	1
arrived:	node1#4	1
arrived:	node3#16	1
arrived:	node3#13	1
arrived:	node1#20	1
arrived:	node1#6	1
arrived:	node3#43	1
arrived:	node1#5	1
arrived:	node3#45	1
arrived:	node1#7	1
arrived:	node3#27	1
arrived:	node1#42	1
arrived:	node3#54	1
arrived:	node3#15	1
arrived:	node1#24	1
arrived:	node3#12	1
arrived:	node1#10	1
arrived:	node3#60	1
arrived:	node1#59	1
arrived:	node3#44	1
arrived:	node1#27	1
arrived:	node1#25	1
arrived:	node1#2	1
arrived:	node1#3	1
arrived:	node1#32	1
arrived:	node3#34	1
arrived:	node1#23	1
arrived:	node3#57	1
arrived:	node3#36	1
arrived:	node1#55	1
arrived:	node1#8	1
arrived:	node3#8	1
arrived:	node3#28	1
arrived:	node3#59	1
arrived:	node1#22	1
arrived:	node3#49	1
arrived:	node3#48	1
arrived:	node3#50	1
arrived:	node3#10	1
arrived:	node1#36	1
arrived:	node3#47	1
arrived:	node1#35	1
arrived:	node1#34	1
arrived:	node3#35	1
arrived:	node3#26	1
arrived:	node1#30	1
arrived:	node1#26	1
arrived:	node3#11	1
arrived:	node3#23	1
arrived:	node3#58	1
arrived:	node3#24	1
arrived:	node3#14	1
NOTIFS:
node1	:	60	sent
node3	:	60	sent
SUBS:
on	node1
	node1	:	33	received
on	node3
	node3	:	34	received
1262304604 - 0.5 - 0.5 - - - 0.5 - - - 0.5 0.5 
1262304704 - 0.5 - 0.5 - - - 0.5 - - - 0.5 0.5 
1262304804 - 0.5 - 0.5 0.5 - 0.5 0.5 0.5 0.5 - 0.5 0.5 
1262304904 - 0.5 - 0.5 0.5 - 0.5 0.5 0.5 0.5 - 0.5 0.5 
1262305004 0 0.5 - 0.5 0.5 0.5 0.5 0.5 0.5 0.6 - 0.5 0.5 
1262305104 0 0.5 - 0.5 0.5 0.5 0.5 0.5 0.5 0.5 - 0.5 0.5 
1262305204 0 0.5 - 0.5 0.5 0.5 0.5 0.5 0.5 0.5 0.5 0.5 0.5 
1262305304 0 0.5 - 0.5 0.5 0.5 0.5 0.6 0.5 0.5 0.5 0.5 0.5 
1262305404 0 0.5 1 0.5 0.5 0.5 0.5 0.6 0.5 0.5 0.5 0.5 0.5 
1262305412 0 0.5 1 0.5 0.5 0.5 0.5 0.6 0.5 0.5 0.5 0.5 0.5 
1262305504 0 0.5 1 0.5 0.5 0.5 0.5 0.6 0.5 0.5 0.5 0.4 0.5 
1262305512 0 0.5 1 0.5 0.5 0.5 0.5 0.6 0.5 0.5 0.5 0.4 0.5 
1262305604 0 0.5 1 0.5 0.5 0.5 0.5 0.5 0.5 0.5 0.5 0.5 0.5 
1262305612 0 0.5 1 0.5 0.5 0.5 0.5 0.5 0.5 0.5 0.5 0.5 0.5 
1262305704 0 0.5 1 0.5 0.5 0.5 0.5 0.5 0.5 0.6 0.5 0.5 0.5 
1262305712 0 0.5 1 0.5 0.5 0.5 0.5 0.5 0.5 0.6 0.5 0.5 0.5 
1262305804 0 0.5 1 0.5 0.5 0.5 0.5 0.5 0.3 0.5 0.5 0.6 0.5 
1262305812 0 0.5 1 0.5 0.5 0.5 0.5 0.5 0.3 0.5 0.5 0.6 0.5 
1262305847 0 0.5 1 0.5 0.5 0.5 0.5 0.5 0.3 0.5 0.5 0.6 0.5 
1262305904 0 0.5 1 0.5 0.5 0.5 0.5 0.5 0.5 0.5 0.5 0.5 0.5 
1262305912 0 0.5 1 0.5 0.5 0.5 0.5 0.5 0.5 0.5 0.5 0.5 0.5 
1262305947 0 0.5 1 0.5 0.5 0.5 0.5 0.5 0.5 0.5 0.5 0.5 0.5 
1262306004 0 0.5 1 0.5 0.5 0.5 0.5 0.5 0.5 0.5 0.5 0.5 0.5 
1262306012 0 0.5 1 0.5 0.5 0.5 0.5 0.5 0.5 0.5 0.5 0.5 0.5 
1262306047 0 0.5 1 0.5 0.5 0.5 0.5 0.5 0.5 0.5 0.5 0.5 0.5 
1262306104 0 0.5 1 0.5 0.5 0.5 0.5 0.5 0.5 0.5 0.5 0.5 0.5 
1262306112 0 0.5 1 0.5 0.5 0.5 0.5 0.5 0.5 0.5 0.5 0.5 0.5 
1262306147 0 0.5 1 0.5 0.5 0.4 0.5 0.5 0.5 0.5 0.5 0.5 0.5 
1262306204 0 0.5 1 0.5 0.5 0.4 0.5 0.5 0.5 0.5 0.5 0.5 0.5 
1262306212 0 0.5 1 0.5 0.5 0.4 0.5 0.5 0.5 0.5 0.5 0.5 0.5 
1262306247 0 0.5 1 0.5 0.5 0.5 0.5 0.5 0.5 0.5 0.5 0.5 0.5 
1262306304 0 0.5 1 0.5 0.5 0.5 0.5 0.5 0.5 0.5 0.5 0.5 0.5 
1262306312 0 0.5 1 0.5 0.5 0.5 0.5 0.5 0.5 0.5 0.5 0.5 0.5 
1262306347 0 0.5 1 0.5 0.5 0.5 0.5 0.5 0.5 0.5 0.5 0.5 0.5 
1262306351 0 0.5 1 0.5 0.5 0.5 0.5 0.5 0.5 0.5 0.5 0.5 0.5 
1262306404 0 0.5 1 0.5 0.5 0.5 0.5 0.4 0.5 0.5 0.5 0.5 0.5 
1262306412 0 0.5 1 0.5 0.5 0.5 0.5 0.4 0.5 0.5 0.5 0.5 0.5 
1262306447 0 0.5 1 0.5 0.5 0.5 0.5 0.4 0.5 0.5 0.5 0.5 0.5 
1262306451 0 0.5 1 0.5 0.5 0.5 0.5 0.4 0.5 0.5 0.5 0.5 0.5 
1262306459 0 0.5 1 0.5 0.5 0.5 0.5 0.4 0.5 0.5 0.5 0.5 0.5 
1262306504 0 0.5 1 0.5 0.5 0.5 0.5 0.5 0.5 0.5 0.5 0.5 0.5 
1262306512 0 0.5 1 0.5 0.5 0.5 0.5 0.5 0.5 0.5 0.5 0.5 0.5 
1262306547 0 0.5 1 0.5 0.5 0.5 0.5 0.5 0.5 0.5 0.5 0.5 0.5 
1262306551 0 0.5 1 0.5 0.5 0.5 0.5 0.5 0.5 0.5 0.5 0.5 0.5 
1262306559 0 0.5 1 0.5 0.5 0.5 0.5 0.5 0.5 0.5 0.5 0.5 0.5 
1262306604 0 0.5 1 0.5 0.5 0.5 0.5 0.5 0.5 0.5 0.5 0.5 0.5 
1262306612 0 0.5 1 0.5 0.5 0.5 0.5 0.5 0.5 0.5 0.5 0.5 0.4 
1262306647 0 0.5 1 0.5 0.5 0.5 0.5 0.5 0.5 0.5 0.5 0.5 0.4 
1262306651 0 0.5 1 0.5 0.5 0.5 0.5 0.5 0.5 0.5 0.5 0.5 0.4 
1262306659 0 0.5 1 0.5 0.5 0.5 0.5 0.5 0.5 0.5 0.5 0.5 0.4 
1262306700 0 0.5 1 0.5 0.5 0.5 0.5 0.5 0.5 0.5 0.5 0.5 0.4 
1262306704 0 0.5 1 0.5 0.5 0.5 0.5 0.5 0.5 0.5 0.5 0.5 0.4 
1262306712 0 0.5 1 0.5 0.5 0.5 0.5 0.5 0.5 0.5 0.5 0.5 0.4 
1262306747 0 0.5 1 0.5 0.5 0.5 0.5 0.5 0.5 0.5 0.5 0.5 0.4 
1262306751 0 0.5 1 0.5 0.5 0.5 0.5 0.5 0.5 0.5 0.5 0.5 0.4 
1262306759 0 0.5 1 0.5 0.5 0.5 0.5 0.5 0.5 0.5 0.5 0.5 0.4 
1262306800 0 0.5 1 0.5 0.5 0.5 0.5 0.5 0.5 0.5 0.5 0.5 0.4 
1262306804 0 0.5 1 0.5 0.5 0.5 0.5 0.5 0.5 0.5 0.5 0.5 0.4 
1262306812 0 0.5 1 0.5 0.5 0.5 0.5 0.5 0.5 0.5 0.5 0.5 0.4 
1262306851 0 0.5 1 0.5 0.5 0.5 0.5 0.5 0.5 0.5 0.5 0.5 0.4 
1262306859 0 0.5 1 0.5 0.5 0.5 0.5 0.5 0.5 0.5 0.5 0.5 0.4 
1262306900 0 0.5 1 0.5 0.5 0.5 0.5 0.5 0.5 0.5 0.5 0.5 0.4 
1262306904 0 0.5 1 0.5 0.5 0.5 0.5 0.5 0.5 0.5 0.5 0.6 0.4 
1262306912 0 0.5 1 0.5 0.5 0.5 0.5 0.5 0.5 0.5 0.5 0.6 0.4 
1262306951 0 0.5 1 0.5 0.5 0.5 0.5 0.5 0.5 0.5 0.5 0.6 0.4 
1262306984 0 0.5 1 0.5 0.5 0.5 0.5 0.5 0.5 0.5 0.5 0.6 0.4 
1262307000 0 0.5 1 0.5 0.5 0.5 0.5 0.5 0.5 0.5 0.5 0.6 0.4 
1262307004 0 0.5 1 0.5 0.5 0.5 0.5 0.5 0.5 0.5 0.5 0.6 0.4 
1262307012 0 0.5 1 0.5 0.5 0.5 0.5 0.5 0.5 0.5 0.5 0.6 0.5 
1262307062 0 0.5 1 0.5 0.5 0.5 0.5 0.5 0.5 0.5 0.5 0.6 0.5 
1262307084 0 0.5 1 0.5 0.5 0.5 0.5 0.5 0.5 0.5 0.5 0.6 0.5 
1262307100 0 0.5 1 0.5 0.5 0.5 0.5 0.5 0.5 0.5 0.5 0.6 0.5 
1262307104 0 0.5 1 0.5 0.5 0.5 0.5 0.5 0.5 0.5 0.5 0.6 0.5 
1262307112 0 0.5 1 0.5 0.5 0.5 0.5 0.5 0.5 0.5 0.5 0.6 0.5 
1262307162 0 0.5 1 0.5 0.5 0.5 0.5 0.5 0.5 0.5 0.5 0.6 0.5 
1262307184 0 0.5 1 0.5 0.5 0.5 0.6 0.5 0.5 0.5 0.5 0.6 0.5 
1262307200 0 0.5 1 0.5 0.5 0.5 0.6 0.5 0.5 0.5 0.5 0.6 0.5 
1262307204 0 0.5 1 0.5 0.5 0.5 0.6 0.5 0.6 0.5 0.5 0.5 0.5 
1262307212 0 0.5 1 0.5 0.5 0.5 0.6 0.5 0.6 0.5 0.5 0.5 0.5 
1262307214 0 0.5 1 0.5 0.5 0.5 0.6 0.5 0.6 0.5 0.5 0.5 0.5 
1262307262 0 0.5 1 0.5 0.5 0.4 0.6 0.5 0.6 0.5 0.5 0.5 0.5 
1262307284 0 0.5 1 0.5 0.5 0.4 0.6 0.5 0.6 0.5 0.5 0.5 0.5 
1262307300 0 0.5 1 0.5 0.5 0.4 0.6 0.5 0.6 0.5 0.5 0.5 0.5 
1262307304 0 0.5 1 0.5 0.5 0.4 0.6 0.5 0.5 0.5 0.5 0.5 0.5 
1262307312 0 0.5 1 0.5 0.5 0.4 0.6 0.5 0.5 0.5 0.5 0.5 0.5 
1262307314 0 0.5 1 0.5 0.5 0.4 0.6 0.5 0.5 0.5 0.5 0.5 0.5 
1262307362 0 0.5 1 0.5 0.5 0.4 0.6 0.5 0.5 0.5 0.5 0.5 0.5 
1262307384 0 0.5 1 0.5 0.5 0.4 0.5 0.5 0.5 0.5 0.5 0.5 0.5 
1262307404 0 0.5 1 0.5 0.5 0.4 0.5 0.5 0.5 0.5 0.5 0.4 0.5 
1262307412 0 0.5 1 0.5 0.5 0.4 0.5 0.5 0.5 0.5 0.5 0.4 0.5 
1262307462 0 0.5 1 0.5 0.5 0.4 0.5 0.5 0.5 0.5 0.5 0.4 0.5 
1262307484 0 0.5 1 0.5 0.4 0.4 0.5 0.5 0.5 0.5 0.5 0.4 0.5 
1262307504 0 0.5 1 0.5 0.4 0.4 0.5 0.5 0.6 0.6 0.5 0.4 0.5 
1262307512 0 0.5 1 0.5 0.4 0.4 0.5 0.5 0.6 0.6 0.5 0.4 0.5 
1262307524 0 0.5 1 0.5 0.4 0.4 0.5 0.4 0.6 0.6 0.5 0.4 0.5 
1262307554 0 0.5 1 0.5 0.4 0.4 0.5 0.4 0.6 0.6 0.5 0.4 0.5 
1262307562 0 0.5 1 0.5 0.4 0.4 0.5 0.4 0.6 0.6 0.5 0.4 0.5 
1262307584 0 0.5 1 0.5 0.4 0.4 0.5 0.4 0.6 0.6 0.5 0.4 0.5 
1262307604 0 0.5 1 0.5 0.4 0.4 0.5 0.4 0.6 0.6 0.5 0.5 0.5 
1262307612 0 0.5 1 0.5 0.4 0.4 0.5 0.4 0.6 0.6 0.5 0.5 0.5 
1262307624 0 0.5 1 0.5 0.4 0.4 0.5 0.5 0.6 0.6 0.5 0.5 0.5 
1262307662 0 0.5 1 0.5 0.4 0.4 0.5 0.5 0.6 0.6 0.5 0.5 0.5 
1262307684 0 0.5 1 0.5 0.4 0.4 0.5 0.5 0.6 0.6 0.5 0.5 0.5 
1262307704 0 0.5 1 0.5 0.4 0.4 0.5 0.5 0.5 0.5 0.5 0.5 0.5 
1262307712 0 0.5 1 0.5 0.4 0.4 0.5 0.5 0.5 0.5 0.5 0.5 0.5 
1262307724 0 0.5 1 0.5 0.4 0.4 0.5 0.5 0.5 0.5 0.5 0.5 0.5 
1262307762 0 0.5 1 0.5 0.4 0.4 0.5 0.5 0.5 0.5 0.5 0.5 0.5 
1262307784 0 0.5 1 0.5 0.4 0.4 0.5 0.5 0.5 0.5 0.5 0.5 0.5 
1262307804 0 0.5 1 0.5 0.4 0.4 0.5 0.5 0.5 0.5 0.5 0.5 0.5 
1262307812 0 0.5 1 0.5 0.4 0.4 0.5 0.5 0.5 0.5 0.5 0.5 0.5 
1262307824 0 0.5 1 0.5 0.4 0.4 0.5 0.5 0.5 0.5 0.5 0.5 0.5 
1262307835 0 0.5 1 0.5 0.4 0.4 0.5 0.5 0.5 0.5 0.5 0.5 0.5 
1262307862 0 0.5 1 0.5 0.4 0.4 0.5 0.5 0.5 0.5 0.5 0.5 0.5 
1262307884 0 0.5 1 0.5 0.4 0.4 0.5 0.5 0.5 0.5 0.5 0.5 0.5 
1262307904 0 0.5 1 0.5 0.4 0.4 0.5 0.5 0.5 0.5 0.5 0.5 0.5 
1262307912 0 0.5 1 0.5 0.4 0.4 0.5 0.5 0.5 0.5 0.5 0.5 0.5 
1262307924 0 0.5 1 0.5 0.4 0.4 0.5 0.5 0.5 0.5 0.5 0.5 0.5 
1262307935 0 0.5 1 0.5 0.4 0.4 0.5 0.5 0.5 0.5 0.5 0.5 0.5 
1262307962 0 0.5 1 0.5 0.4 0.4 0.5 0.5 0.5 0.5 0.5 0.5 0.5 
1262307984 0 0.5 1 0.5 0.4 0.4 0.5 0.5 0.5 0.5 0.5 0.5 0.5 
1262308004 0 0.5 1 0.5 0.4 0.4 0.5 0.5 0.5 0.5 0.5 0.5 0.5 
1262308012 0 0.5 1 0.5 0.4 0.4 0.5 0.5 0.5 0.5 0.5 0.5 0.5 
1262308024 0 0.5 1 0.5 0.4 0.4 0.5 0.5 0.5 0.5 0.5 0.5 0.5 
1262308035 0 0.5 1 0.5 0.4 0.4 0.5 0.5 0.5 0.5 0.5 0.5 0.5 
1262308062 0 0.5 1 0.5 0.4 0.4 0.5 0.5 0.5 0.5 0.5 0.5 0.5 
1262308084 0 0.5 1 0.5 0.5 0.4 0.5 0.5 0.5 0.5 0.5 0.5 0.5 
1262308104 0 0.5 1 0.5 0.5 0.4 0.5 0.5 0.5 0.5 0.5 0.5 0.5 
1262308112 0 0.5 1 0.5 0.5 0.4 0.5 0.5 0.5 0.5 0.5 0.5 0.5 
1262308124 0 0.5 1 0.5 0.5 0.4 0.5 0.5 0.5 0.5 0.5 0.5 0.5 
1262308135 0 0.5 1 0.5 0.5 0.4 0.5 0.5 0.5 0.5 0.5 0.5 0.5 
1262308162 0 0.5 1 0.5 0.5 0.5 0.5 0.5 0.5 0.5 0.5 0.5 0.5 
1262308184 0 0.5 1 0.5 0.5 0.5 0.5 0.5 0.5 0.5 0.5 0.5 0.5 
1262308204 0 0.5 1 0.5 0.5 0.5 0.5 0.5 0.5 0.5 0.5 0.5 0.5 
1262308212 0 0.5 1 0.5 0.5 0.5 0.5 0.5 0.5 0.5 0.5 0.5 0.5 
1262308224 0 0.5 1 0.5 0.5 0.5 0.5 0.5 0.5 0.5 0.5 0.5 0.5 
1262308235 0 0.5 1 0.5 0.5 0.5 0.5 0.5 0.5 0.5 0.5 0.5 0.5 
1262308262 0 0.5 1 0.5 0.5 0.5 0.5 0.5 0.5 0.5 0.5 0.5 0.5 
1262308284 0 0.5 1 0.5 0.5 0.5 0.5 0.5 0.5 0.5 0.5 0.5 0.5 
1262308304 0 0.5 1 0.5 0.5 0.5 0.5 0.5 0.5 0.5 0.5 0.5 0.5 
1262308312 0 0.5 1 0.5 0.5 0.5 0.5 0.5 0.5 0.5 0.5 0.5 0.5 
1262308324 0 0.5 1 0.5 0.5 0.5 0.5 0.5 0.5 0.5 0.5 0.5 0.5 
1262308335 0 0.5 1 0.5 0.5 0.5 0.5 0.5 0.5 0.5 0.5 0.5 0.5 
1262308362 0 0.5 1 0.5 0.5 0.5 0.5 0.5 0.5 0.5 0.5 0.5 0.5 
1262308384 0 0.5 1 0.5 0.5 0.5 0.5 0.5 0.5 0.5 0.5 0.5 0.5 
1262308387 0 0.5 1 0.5 0.5 0.5 0.5 0.5 0.5 0.5 0.5 0.5 0.5 
1262308404 0 0.5 1 0.5 0.5 0.5 0.5 0.5 0.5 0.5 0.5 0.5 0.5 
1262308412 0 0.5 1 0.5 0.5 0.5 0.5 0.5 0.5 0.5 0.5 0.5 0.6 
1262308424 0 0.5 1 0.5 0.5 0.5 0.5 0.5 0.5 0.5 0.5 0.5 0.6 
1262308435 0 0.5 1 0.5 0.5 0.5 0.5 0.5 0.5 0.5 0.5 0.5 0.6 
1262308462 0 0.5 1 0.5 0.5 0.5 0.5 0.5 0.5 0.5 0.5 0.5 0.6 
1262308484 0 0.5 1 0.5 0.5 0.5 0.5 0.5 0.5 0.5 0.5 0.5 0.6 
1262308487 0 0.5 1 0.5 0.5 0.5 0.5 0.5 0.5 0.5 0.5 0.5 0.6 
