arrived:	node1#44	1
arrived:	node3#9	1
arrived:	node1#14	1
arrived:	node3#50	1
arrived:	node3#17	1
arrived:	node3#40	1
arrived:	node3#4	1
arrived:	node1#38	1
arrived:	node3#54	1
arrived:	node3#15	1
arrived:	node1#24	1
arrived:	node1#13	1
arrived:	node1#15	1
arrived:	node3#60	1
arrived:	node3#5	1
arrived:	node1#34	1
arrived:	node3#52	1
arrived:	node1#9	1
arrived:	node1#27	1
arrived:	node3#3	1
arrived:	node3#2	1
arrived:	node1#18	1
arrived:	node3#57	1
arrived:	node1#25	1
arrived:	node3#55	1
arrived:	node1#43	1
arrived:	node3#58	1
arrived:	node3#59	1
arrived:	node1#47	1
arrived:	node3#38	1
arrived:	node1#33	1
arrived:	node1#23	1
arrived:	node3#18	1
arrived:	node3#51	1
arrived:	node3#56	1
arrived:	node3#39	1
arrived:	node3#41	1
arrived:	node3#42	1
arrived:	node3#16	1
arrived:	node1#12	1
arrived:	node1#50	1
arrived:	node3#13	1
arrived:	node3#1	1
arrived:	node1#16	1
arrived:	node3#53	1
arrived:	node1#26	1
arrived:	node1#49	1
arrived:	node1#48	1
arrived:	node1#37	1
arrived:	node1#51	1
arrived:	node1#35	1
arrived:	node3#14	1
arrived:	node1#42	1
arrived:	node1#11	1
arrived:	node1#36	1
arrived:	node1#17	1
arrived:	node1#45	1
arrived:	node1#10	1
NOTIFS:
node1	:	60	sent
node3	:	60	sent
SUBS:
on	node1
	node1	:	30	received
on	node3
	node3	:	28	received
1262304604 - 0.5 - 0.5 - - 0.5 - 0.5 0.5 - - 0.5 
1262304704 - 0.5 - 0.5 - 0.5 0.5 0.5 0.5 0.5 0.5 - 0.5 
1262304804 - 0.5 - 0.5 - 0.5 0.5 0.5 0.5 0.5 0.5 - 0.5 
1262304904 - 0.5 - 0.5 - 0.5 0.5 0.5 0.5 0.5 0.5 - 0.5 
1262305004 - 0.5 - 0.5 - 0.5 0.5 0.5 0.5 0.5 0.5 - 0.5 
1262305104 - 0.4 1 0.5 0.5 0.5 0.5 0.5 0.5 0.5 0.5 0.42857142857143 0.5 
1262305204 - 0.5 1 0.5 0.5 0.5 0.5 0.5 0.5 0.4 0.5 0.5 0.4 
1262305304 - 0.5 1 0.5 0.5 0.5 0.5 0.5 0.5 0.4 0.5 0.5 0.4 
1262305404 0 0.5 1 0.5 0.5 0.5 0.5 0.5 0.5 0.4 0.5 0.5 0.4 
1262305488 0 0.5 1 0.5 0.5 0.5 0.5 0.5 0.5 0.4 0.5 0.5 0.4 
1262305504 0 0.5 1 0.5 0.5 0.5 0.5 0.5 0.5 0.5 0.5 0.5 0.4 
1262305588 0 0.5 1 0.5 0.5 0.5 0.5 0.5 0.5 0.5 0.5 0.5 0.4 
1262305604 0 0.5 1 0.5 0.5 0.5 0.5 0.5 0.5 0.5 0.5 0.5 0.4 
1262305688 0 0.5 1 0.5 0.5 0.5 0.5 0.5 0.5 0.5 0.5 0.5 0.4 
1262305704 0 0.5 1 0.5 0.5 0.5 0.5 0.5 0.5 0.5 0.5 0.5 0.4 
1262305765 0 0.5 1 0.5 0.5 0.5 0.5 0.5 0.5 0.5 0.5 0.5 0.4 
1262305788 0 0.5 1 0.5 0.5 0.5 0.5 0.5 0.5 0.5 0.5 0.5 0.4 
1262305804 0 0.5 1 0.5 0.5 0.5 0.5 0.5 0.5 0.5 0.5 0.5 0.4 
1262305865 0 0.5 1 0.5 0.5 0.5 0.5 0.5 0.5 0.5 0.5 0.5 0.4 
1262305888 0 0.5 1 0.5 0.5 0.5 0.5 0.5 0.5 0.5 0.5 0.5 0.4 
1262305904 0 0.5 1 0.5 0.4 0.5 0.5 0.5 0.5 0.5 0.5 0.5 0.5 
1262305965 0 0.5 1 0.5 0.4 0.5 0.5 0.5 0.5 0.5 0.4 0.5 0.5 
1262305988 0 0.5 1 0.5 0.4 0.5 0.5 0.5 0.5 0.5 0.4 0.5 0.5 
1262306004 0 0.5 1 0.5 0.5 0.5 0.5 0.5 0.5 0.5 0.4 0.5 0.5 
1262306065 0 0.5 1 0.5 0.5 0.5 0.5 0.5 0.5 0.5 0.4 0.5 0.5 
1262306088 0 0.5 1 0.5 0.5 0.5 0.5 0.5 0.5 0.5 0.4 0.5 0.5 
1262306104 0 0.5 1 0.5 0.5 0.5 0.5 0.5 0.5 0.5 0.4 0.5 0.5 
1262306165 0 0.5 1 0.5 0.5 0.5 0.5 0.5 0.5 0.5 0.4 0.5 0.5 
1262306188 0 0.5 1 0.5 0.5 0.5 0.5 0.5 0.5 0.5 0.4 0.5 0.5 
1262306204 0 0.5 1 0.5 0.5 0.5 0.5 0.5 0.5 0.5 0.4 0.5 0.5 
1262306265 0 0.5 1 0.5 0.5 0.5 0.5 0.5 0.5 0.5 0.4 0.5 0.5 
1262306288 0 0.5 1 0.5 0.5 0.5 0.5 0.5 0.5 0.5 0.4 0.5 0.5 
1262306304 0 0.5 1 0.5 0.4 0.5 0.5 0.5 0.5 0.5 0.4 0.5 0.5 
1262306365 0 0.5 1 0.5 0.4 0.5 0.5 0.5 0.5 0.5 0.4 0.5 0.5 
1262306388 0 0.5 1 0.5 0.4 0.5 0.5 0.5 0.5 0.5 0.4 0.5 0.5 
1262306404 0 0.5 1 0.5 0.5 0.5 0.5 0.5 0.5 0.5 0.4 0.5 0.5 
1262306465 0 0.5 1 0.5 0.5 0.5 0.5 0.5 0.5 0.5 0.5 0.5 0.5 
1262306488 0 0.5 1 0.5 0.5 0.5 0.5 0.5 0.5 0.5 0.5 0.5 0.5 
1262306504 0 0.5 1 0.5 0.5 0.5 0.5 0.5 0.4 0.5 0.5 0.5 0.5 
1262306565 0 0.5 1 0.5 0.5 0.5 0.5 0.5 0.4 0.5 0.5 0.5 0.5 
1262306588 0 0.5 1 0.5 0.5 0.5 0.5 0.5 0.4 0.5 0.5 0.5 0.5 
1262306604 0 0.5 1 0.5 0.5 0.5 0.5 0.5 0.4 0.5 0.5 0.5 0.5 
1262306610 0 0.5 1 0.5 0.5 0.5 0.5 0.5 0.4 0.5 0.5 0.5 0.5 
1262306665 0 0.5 1 0.5 0.5 0.5 0.5 0.5 0.4 0.5 0.5 0.5 0.5 
1262306688 0 0.5 1 0.5 0.5 0.5 0.5 0.5 0.4 0.5 0.5 0.5 0.5 
1262306704 0 0.5 1 0.5 0.5 0.5 0.5 0.5 0.4 0.6 0.5 0.5 0.5 
1262306710 0 0.5 1 0.5 0.5 0.5 0.5 0.5 0.4 0.6 0.5 0.5 0.5 
1262306765 0 0.5 1 0.5 0.5 0.5 0.5 0.5 0.4 0.6 0.5 0.5 0.5 
1262306788 0 0.5 1 0.5 0.5 0.5 0.5 0.5 0.4 0.6 0.5 0.5 0.5 
1262306804 0 0.5 1 0.5 0.5 0.5 0.5 0.5 0.5 0.6 0.5 0.5 0.5 
1262306810 0 0.5 1 0.5 0.5 0.5 0.5 0.5 0.5 0.6 0.5 0.5 0.5 
1262306818 0 0.5 1 0.5 0.5 0.5 0.5 0.5 0.5 0.6 0.5 0.5 0.5 
1262306865 0 0.5 1 0.5 0.5 0.5 0.5 0.5 0.5 0.6 0.5 0.5 0.5 
1262306888 0 0.5 1 0.5 0.5 0.5 0.5 0.5 0.5 0.6 0.5 0.5 0.5 
1262306904 0 0.5 1 0.6 0.5 0.5 0.5 0.5 0.5 0.5 0.5 0.5 0.5 
1262306910 0 0.5 1 0.6 0.5 0.5 0.5 0.6 0.5 0.5 0.5 0.5 0.5 
1262306918 0 0.5 1 0.6 0.5 0.5 0.5 0.6 0.5 0.5 0.5 0.5 0.5 
1262306965 0 0.5 1 0.6 0.5 0.5 0.5 0.6 0.5 0.5 0.5 0.5 0.5 
1262306988 0 0.5 1 0.6 0.5 0.5 0.5 0.6 0.5 0.5 0.5 0.5 0.5 
1262307004 0 0.5 1 0.3 0.5 0.5 0.5 0.6 0.5 0.5 0.5 0.5 0.5 
1262307018 0 0.5 1 0.3 0.5 0.5 0.5 0.6 0.5 0.5 0.5 0.5 0.5 
1262307019 0 0.5 1 0.3 0.5 0.5 0.5 0.5 0.5 0.5 0.5 0.5 0.5 
1262307065 0 0.5 1 0.3 0.5 0.5 0.5 0.5 0.5 0.5 0.5 0.5 0.5 
1262307088 0 0.5 1 0.3 0.5 0.5 0.5 0.5 0.5 0.5 0.5 0.5 0.5 
1262307104 0 0.5 1 0.3 0.5 0.5 0.5 0.5 0.5 0.5 0.5 0.5 0.5 
1262307118 0 0.5 1 0.3 0.5 0.5 0.5 0.5 0.5 0.5 0.5 0.5 0.5 
1262307119 0 0.5 1 0.3 0.5 0.5 0.5 0.5 0.5 0.5 0.5 0.5 0.5 
1262307165 0 0.5 1 0.3 0.5 0.5 0.5 0.5 0.5 0.5 0.5 0.5 0.5 
1262307188 0 0.5 1 0.3 0.5 0.5 0.5 0.5 0.5 0.5 0.5 0.5 0.5 
1262307204 0 0.5 1 0.5 0.5 0.5 0.5 0.5 0.5 0.5 0.5 0.5 0.5 
1262307218 0 0.5 1 0.5 0.5 0.5 0.5 0.5 0.5 0.5 0.5 0.5 0.5 
1262307219 0 0.5 1 0.5 0.5 0.5 0.5 0.5 0.5 0.5 0.5 0.5 0.5 
1262307265 0 0.5 1 0.5 0.5 0.5 0.5 0.5 0.5 0.5 0.5 0.5 0.5 
1262307288 0 0.5 1 0.5 0.5 0.5 0.5 0.5 0.5 0.5 0.5 0.5 0.5 
1262307304 0 0.5 1 0.5 0.5 0.5 0.5 0.5 0.5 0.5 0.5 0.5 0.5 
1262307318 0 0.5 1 0.5 0.5 0.5 0.5 0.5 0.5 0.5 0.5 0.5 0.5 
1262307319 0 0.5 1 0.5 0.5 0.5 0.5 0.5 0.5 0.5 0.5 0.5 0.5 
1262307365 0 0.5 1 0.5 0.5 0.5 0.5 0.5 0.5 0.5 0.5 0.5 0.5 
1262307388 0 0.5 1 0.5 0.5 0.5 0.5 0.5 0.5 0.5 0.5 0.5 0.5 
1262307404 0 0.5 1 0.5 0.4 0.5 0.5 0.5 0.5 0.5 0.5 0.5 0.5 
1262307418 0 0.5 1 0.5 0.4 0.5 0.5 0.5 0.5 0.5 0.5 0.5 0.5 
1262307419 0 0.5 1 0.5 0.4 0.5 0.5 0.5 0.5 0.5 0.5 0.5 0.5 
1262307465 0 0.5 1 0.5 0.4 0.5 0.5 0.5 0.5 0.5 0.5 0.5 0.5 
1262307486 0 0.5 1 0.5 0.4 0.5 0.5 0.5 0.5 0.5 0.5 0.5 0.5 
1262307488 0 0.6 1 0.5 0.4 0.5 0.5 0.5 0.5 0.5 0.5 0.5 0.5 
1262307504 0 0.6 1 0.5 0.4 0.5 0.5 0.5 0.5 0.5 0.5 0.5 0.5 
1262307512 0 0.6 1 0.5 0.4 0.5 0.5 0.5 0.5 0.5 0.5 0.5 0.5 
1262307518 0 0.6 1 0.5 0.4 0.5 0.6 0.5 0.5 0.5 0.5 0.5 0.5 
1262307519 0 0.6 1 0.5 0.4 0.5 0.6 0.5 0.5 0.5 0.5 0.5 0.5 
1262307565 0 0.6 1 0.5 0.4 0.5 0.6 0.5 0.5 0.5 0.5 0.5 0.5 
1262307586 0 0.6 1 0.5 0.4 0.5 0.6 0.5 0.5 0.5 0.5 0.5 0.5 
1262307588 0 0.5 1 0.5 0.4 0.5 0.6 0.5 0.5 0.5 0.5 0.5 0.5 
1262307604 0 0.5 1 0.5 0.4 0.5 0.6 0.5 0.5 0.5 0.5 0.5 0.5 
1262307612 0 0.5 1 0.5 0.4 0.5 0.6 0.5 0.5 0.5 0.5 0.5 0.5 
1262307618 0 0.5 1 0.5 0.4 0.5 0.5 0.5 0.5 0.5 0.5 0.5 0.5 
1262307619 0 0.5 1 0.5 0.4 0.5 0.5 0.5 0.5 0.5 0.5 0.5 0.5 
1262307665 0 0.5 1 0.5 0.4 0.5 0.5 0.5 0.5 0.5 0.5 0.5 0.5 
1262307686 0 0.5 1 0.5 0.4 0.5 0.5 0.5 0.5 0.5 0.5 0.5 0.5 
1262307688 0 0.5 1 0.5 0.4 0.5 0.5 0.5 0.5 0.5 0.5 0.5 0.5 
1262307704 0 0.5 1 0.5 0.4 0.5 0.5 0.5 0.5 0.4 0.5 0.5 0.5 
1262307712 0 0.5 1 0.5 0.4 0.5 0.5 0.5 0.5 0.4 0.5 0.5 0.4 
1262307718 0 0.5 1 0.5 0.4 0.5 0.5 0.5 0.5 0.4 0.5 0.5 0.4 
1262307719 0 0.5 1 0.5 0.4 0.5 0.5 0.5 0.5 0.4 0.5 0.5 0.4 
1262307765 0 0.5 1 0.5 0.4 0.5 0.5 0.5 0.5 0.4 0.5 0.5 0.4 
1262307786 0 0.5 1 0.5 0.4 0.5 0.5 0.5 0.5 0.4 0.5 0.5 0.4 
1262307788 0 0.5 1 0.5 0.4 0.5 0.5 0.5 0.5 0.4 0.5 0.5 0.4 
1262307804 0 0.5 1 0.5 0.4 0.5 0.5 0.5 0.5 0.4 0.5 0.5 0.4 
1262307812 0 0.5 1 0.5 0.4 0.5 0.5 0.5 0.5 0.4 0.5 0.5 0.4 
1262307818 0 0.5 1 0.5 0.4 0.5 0.5 0.5 0.5 0.4 0.5 0.5 0.4 
1262307819 0 0.5 1 0.5 0.4 0.5 0.5 0.5 0.5 0.4 0.5 0.5 0.4 
1262307865 0 0.5 1 0.5 0.4 0.5 0.5 0.5 0.5 0.4 0.5 0.5 0.4 
1262307886 0 0.5 1 0.5 0.4 0.5 0.5 0.5 0.5 0.4 0.5 0.5 0.4 
1262307888 0 0.5 1 0.5 0.4 0.5 0.5 0.5 0.5 0.4 0.5 0.5 0.4 
1262307904 0 0.5 1 0.5 0.4 0.5 0.5 0.5 0.5 0.4 0.5 0.5 0.4 
1262307912 0 0.5 1 0.5 0.4 0.5 0.5 0.5 0.5 0.4 0.5 0.5 0.4 
1262307918 0 0.5 1 0.5 0.4 0.5 0.5 0.5 0.5 0.4 0.5 0.5 0.4 
1262307919 0 0.5 1 0.5 0.4 0.5 0.5 0.5 0.5 0.4 0.5 0.5 0.4 
1262307920 0 0.5 1 0.5 0.4 0.5 0.5 0.5 0.5 0.4 0.5 0.4 0.4 
1262307965 0 0.5 1 0.5 0.4 0.5 0.5 0.5 0.5 0.4 0.5 0.4 0.4 
1262307986 0 0.5 1 0.5 0.4 0.4 0.5 0.5 0.5 0.4 0.5 0.4 0.4 
1262308004 0 0.5 1 0.5 0.5 0.4 0.5 0.5 0.5 0.4 0.5 0.4 0.4 
1262308012 0 0.5 1 0.5 0.5 0.4 0.5 0.5 0.5 0.4 0.5 0.4 0.4 
1262308018 0 0.5 1 0.5 0.5 0.4 0.5 0.5 0.5 0.4 0.5 0.4 0.4 
1262308019 0 0.5 1 0.5 0.5 0.4 0.5 0.5 0.5 0.4 0.5 0.4 0.4 
1262308020 0 0.5 1 0.5 0.5 0.4 0.5 0.5 0.5 0.5 0.5 0.5 0.4 
1262308065 0 0.5 1 0.5 0.5 0.4 0.5 0.5 0.5 0.5 0.5 0.5 0.4 
1262308086 0 0.5 1 0.5 0.5 0.4 0.5 0.5 0.5 0.5 0.5 0.5 0.4 
1262308104 0 0.5 1 0.5 0.5 0.4 0.5 0.5 0.5 0.5 0.5 0.5 0.4 
1262308112 0 0.5 1 0.5 0.5 0.4 0.5 0.5 0.5 0.5 0.5 0.5 0.4 
1262308118 0 0.5 1 0.5 0.5 0.4 0.5 0.5 0.5 0.5 0.5 0.5 0.4 
1262308119 0 0.5 1 0.5 0.5 0.4 0.5 0.5 0.5 0.5 0.5 0.5 0.4 
1262308120 0 0.5 1 0.5 0.5 0.4 0.5 0.5 0.5 0.5 0.5 0.4 0.4 
1262308128 0 0.5 1 0.5 0.5 0.4 0.5 0.5 0.5 0.5 0.5 0.4 0.4 
1262308165 0 0.5 1 0.5 0.5 0.4 0.5 0.5 0.5 0.5 0.5 0.4 0.4 
1262308204 0 0.5 1 0.5 0.5 0.4 0.5 0.5 0.5 0.5 0.5 0.4 0.4 
1262308212 0 0.5 1 0.5 0.5 0.4 0.5 0.5 0.5 0.5 0.5 0.4 0.5 
1262308218 0 0.5 1 0.5 0.5 0.4 0.5 0.5 0.5 0.5 0.5 0.4 0.5 
1262308219 0 0.5 1 0.5 0.5 0.4 0.5 0.5 0.5 0.5 0.5 0.4 0.5 
1262308220 0 0.5 1 0.5 0.5 0.4 0.5 0.5 0.5 0.5 0.5 0.4 0.5 
1262308221 0 0.5 1 0.5 0.5 0.4 0.5 0.5 0.5 0.5 0.5 0.4 0.5 
1262308228 0 0.5 1 0.5 0.5 0.4 0.5 0.5 0.5 0.5 0.5 0.4 0.5 
1262308265 0 0.5 1 0.5 0.5 0.4 0.5 0.5 0.5 0.5 0.5 0.4 0.5 
1262308304 0 0.5 1 0.5 0.5 0.4 0.5 0.5 0.5 0.5 0.5 0.4 0.5 
1262308312 0 0.5 1 0.5 0.5 0.4 0.5 0.5 0.5 0.5 0.5 0.4 0.5 
1262308317 0 0.5 1 0.5 0.5 0.4 0.5 0.5 0.5 0.5 0.5 0.4 0.5 
1262308318 0 0.5 1 0.5 0.5 0.4 0.5 0.5 0.5 0.5 0.5 0.4 0.5 
1262308319 0 0.5 1 0.5 0.5 0.4 0.5 0.5 0.5 0.5 0.5 0.4 0.5 
1262308320 0 0.5 1 0.5 0.5 0.4 0.5 0.5 0.5 0.5 0.5 0.5 0.5 
1262308321 0 0.5 1 0.5 0.5 0.4 0.5 0.5 0.5 0.5 0.5 0.5 0.5 
1262308328 0 0.5 1 0.5 0.5 0.4 0.5 0.5 0.5 0.5 0.5 0.5 0.5 
1262308365 0 0.5 1 0.5 0.5 0.4 0.5 0.5 0.5 0.5 0.5 0.5 0.5 
1262308404 0 0.5 1 0.5 0.5 0.4 0.5 0.5 0.5 0.5 0.5 0.5 0.5 
1262308412 0 0.5 1 0.5 0.5 0.4 0.5 0.5 0.5 0.5 0.5 0.5 0.5 
1262308417 0 0.5 1 0.5 0.5 0.4 0.5 0.5 0.5 0.5 0.5 0.5 0.5 
1262308418 0 0.5 1 0.5 0.5 0.4 0.5 0.5 0.5 0.5 0.5 0.5 0.5 
1262308419 0 0.5 1 0.5 0.5 0.4 0.5 0.5 0.5 0.5 0.5 0.5 0.5 
1262308420 0 0.5 1 0.5 0.5 0.4 0.5 0.5 0.5 0.5 0.5 0.5 0.5 
1262308421 0 0.5 1 0.5 0.5 0.4 0.5 0.5 0.5 0.5 0.5 0.5 0.5 
1262308428 0 0.5 1 0.5 0.5 0.4 0.5 0.5 0.5 0.5 0.5 0.5 0.5 
1262308465 0 0.5 1 0.5 0.5 0.4 0.5 0.5 0.5 0.5 0.5 0.5 0.5 
