arrived:	node1#36	1
arrived:	node1#40	1
arrived:	node1#39	1
NOTIFS:
node3	:	60	sent
node1	:	60	sent
SUBS:
on	node1
	node1	:	3	received
on	node3
	node3	:	0	received
1262304604 0 - 1 0 - - - 0 - - - - - 
1262304704 0 - 1 0 - - - 0 - - - - - 
1262304804 0 - 1 0 - - 0 0 - - - - - 
1262304904 0 - 1 0 - 0 0 0 - - - - - 
1262305004 0 - 1 0 - 0 0 0 1 1 1 0 1 
1262305104 0 - 1 0 - 0.7 0 0 1 1 1 0 1 
1262305204 0 - 1 0 - 0.7 0 0 1 1 1 1 1 
1262305304 0 - 1 0 0 0.5 0 0 1 1 1 1 1 
1262305404 0 - 1 0 0 0.5 0 0 1 1 1 1 1 
1262305492 0 - 1 0 0 0.5 0 0 1 1 1 1 1 
1262305504 0 - 1 0 0 0.5 0 0 1 1 1 1 1 
1262305592 0 - 1 0 0 0.5 0 0 1 1 1 1 1 
1262305604 0 - 1 0 0 0.5 0 0 1 1 1 1 1 
1262305692 0 - 1 0 0 0.5 0 0 1 1 1 1 1 
1262305704 0 1 1 0 0 0.2 0 0.4 1 1 1 1 0.6 
1262305792 0 1 1 0 0 0.2 0 0.4 0.1 1 1 1 0.6 
1262305804 0 0.5 1 0 0 0.2 0 0.4 0.1 1 0.7 1 0.6 
1262305805 0 0.5 1 0 0 0.2 0 0.4 0.1 1 0.7 1 0.6 
1262305892 0 0.5 1 0 0 0.2 0 0.4 0.1 1 0.7 1 0.6 
1262305896 0 0.5 1 0 0 0.2 0 0.4 0.1 1 0.7 1 0.6 
1262305904 0 0.5 1 0 0.1 0.2 0 0.4 0.1 1 0.6 1 0.3 
1262305905 0 0.5 1 0 0.1 0.2 0 0.4 0.1 1 0.6 1 0.3 
1262305970 0 0.5 1 0 0.1 0.2 0 0.4 0.1 1 0.6 1 0.3 
1262305992 0 0.5 1 0 0.1 0.2 0 0.4 0.8 1 0.6 1 0.3 
1262305996 0 0.5 1 0 0.1 0.2 0 0.4 0.8 1 0.6 1 0.3 
1262306004 0 0.5 1 0 0.1 0.2 0 0.4 0.8 1 0.8 1 0.7 
1262306005 0 0.5 1 0 0.1 0.2 0 0.4 0.8 1 0.8 1 0.7 
1262306070 0 0.5 1 0.2 0.1 0.2 0 0.4 0.8 1 0.8 1 0.7 
1262306092 0 0.5 1 0.2 0.1 0.2 0 0.4 0.8 1 0.8 1 0.7 
1262306096 0 0.5 1 0.2 0.1 0.2 0 0.2 0.8 1 0.8 1 0.7 
1262306104 0 0.5 1 0.2 0 0 0 0.2 0.8 1 0.8 1 0.8 
1262306105 0 0.5 1 0.2 0 0 0 0.2 0.8 1 0.8 0.7 0.8 
1262306170 0 0.5 1 0.3 0 0 0 0.2 0.8 1 0.8 0.7 0.8 
1262306192 0 0.5 1 0.3 0 0 0 0.2 0.7 1 0.8 0.7 0.8 
1262306204 0 0.5 1 0.3 0 0 0 0.2 0.7 1 0.8 0.7 1 
1262306205 0 0.5 1 0.3 0 0 0 0.2 0.7 1 0.8 0.7 1 
1262306270 0 0.5 1 0.1 0 0 0 0.2 0.7 1 0.8 0.7 1 
1262306292 0 0.5 1 0.1 0 0 0 0.2 0.2 1 0.8 0.7 1 
1262306304 0 0.1 1 0.1 0 0 0 0.2 0.2 1 1 0.7 1 
1262306305 0 0.1 1 0.1 0 0 0 0.2 0.2 1 1 1 1 
1262306370 0 0.1 1 0.1 0 0 0 0.2 0.2 1 1 1 1 
1262306392 0 0.1 1 0.1 0 0 0 0.6 0.6 1 1 1 1 
1262306404 0 0.6 1 0.1 0 0 0 0.6 0.6 1 1 1 0.5 
1262306405 0 0.6 1 0.1 0 0 0 0.6 0.6 1 1 1 0.5 
1262306470 0 0.6 1 0.1 0 0 0 0.6 0.6 1 1 1 0.5 
1262306492 0 0.6 1 0.1 0 0 0 0.5 0.8 1 1 1 0.5 
1262306504 0 0.6 1 0.1 0 0 0 0.5 0.8 1 1 1 0.5 
1262306505 0 0.6 1 0.1 0 0 0 0.5 0.8 1 1 1 0.5 
1262306570 0 0.6 1 0 0 0 0 0.5 0.8 1 1 1 0.5 
1262306592 0 0.6 1 0 0 0 0 0.5 0.8 1 1 1 0.5 
1262306604 0 0.6 1 0 0 0 0 0.5 0.8 1 1 1 0.8 
1262306605 0 0.6 1 0 0 0 0 0.5 0.8 1 1 1 0.8 
1262306640 0 0.6 1 0 0 0 0 0.5 0.8 1 0.9 1 0.8 
1262306670 0 0.6 1 0 0 0 0 0.5 0.8 1 0.9 1 0.8 
1262306674 0 0.6 1 0 0 0 0 0.5 0.8 1 0.9 1 0.8 
1262306692 0 0.6 1 0 0 0 0 0.5 0.8 1 0.9 1 0.8 
1262306704 0 0.6 1 0 0 0 0 0.5 0.8 1 0.9 1 0.8 
1262306705 0 0.6 1 0 0 0 0 0.5 0.8 1 0.9 0.9 0.8 
1262306740 0 0.6 1 0 0 0 0 0.5 0.8 1 0.9 0.9 0.8 
1262306770 0 0.6 1 0 0 0 0 0.5 0.8 1 0.9 0.9 0.8 
1262306772 0 0.6 1 0 0 0 0 0.5 0.8 1 0.9 0.9 0.8 
1262306774 0 0.6 1 0 0 0 0 0.5 0.8 1 0.9 0.9 0.8 
1262306792 0 0.6 1 0 0 0 0 0 0.8 1 0.9 0.9 0.8 
1262306804 0 0.8 1 0 0.3 0 0.2 0 0.8 0.9 0.9 0.9 0.8 
1262306805 0 0.8 1 0 0.3 0 0.2 0 0.8 0.9 0.9 0.9 0.8 
1262306840 0 0.8 1 0 0.3 0 0.2 0 0.8 0.9 1 0.9 0.8 
1262306870 0 0.8 1 0.4 0.3 0 0.2 0 0.8 0.9 1 0.9 0.8 
1262306872 0 0.8 1 0.4 0.3 0 0.2 0 0.8 0.9 1 0.9 1 
1262306874 0 0.8 1 0.4 0.3 0 0.2 0 0.8 0.9 1 0.9 1 
1262306892 0 0.8 1 0.4 0.3 0 0.2 0 0.4 0.9 1 0.9 1 
1262306904 0 0.3 1 0.4 0.3 0 0.3 0 0.4 0.9 1 0.9 1 
1262306905 0 0.3 1 0.4 0.3 0 0.3 0 0.4 0.9 1 0.9 1 
1262306940 0 0.3 1 0.4 0.3 0 0.3 0 0.4 0.9 1 0.9 1 
1262306970 0 0.3 1 0.4 0.3 0 0.3 0 0.4 0.9 1 0.9 1 
1262306972 0 0.3 1 0.4 0.3 0 0.3 0 0.4 0.9 1 0.9 1 
1262306974 0 0.3 1 0.4 0.3 0 0.3 0 0.4 0.9 1 0.9 1 
1262306992 0 0.3 1 0.4 0.3 0 0.3 0 0.4 0.9 1 0.9 1 
1262307004 0 0.4 1 0.4 0.3 0 0.3 0 0.4 1 1 0.9 1 
1262307005 0 0.4 1 0.4 0.3 0 0.3 0 0.4 1 1 0.9 1 
1262307040 0 0.4 1 0.4 0.3 0 0.3 0 0.4 1 1 0.9 1 
1262307070 0 0.4 1 0.1 0.3 0 0.3 0 0.4 1 1 0.9 1 
1262307072 0 0.4 1 0.1 0.3 0 0.3 0 0.4 1 1 0.9 1 
1262307074 0 0.4 1 0.1 0.3 0 0.3 0 0.4 1 1 0.9 1 
1262307092 0 0.4 1 0.1 0.3 0 0.3 0 0.6 1 1 0.9 1 
1262307104 0 0.4 1 0.1 0.6 0 0.6 0 0.6 1 1 0.9 1 
1262307105 0 0.4 1 0.1 0.6 0 0.6 0 0.6 1 1 0.9 1 
1262307140 0 0.4 1 0.1 0.6 0 0.6 0 0.6 1 1 0.9 1 
1262307170 0 0.4 1 0.1 0.6 0 0.6 0 0.6 1 1 0.9 1 
1262307172 0 0.4 1 0.1 0.6 0 0.6 0 0.6 1 1 0.9 0.8 
1262307174 0 0.4 1 0.1 0.6 0 0.6 0 0.6 1 1 0.9 0.8 
1262307192 0 0.4 1 0.1 0.6 0 0.6 0 0.6 1 1 0.9 0.8 
1262307204 0 0.4 1 0.1 0.7 0.6 0.5 0 0.6 0.9 1 0.9 0.8 
1262307205 0 0.4 1 0.1 0.7 0.6 0.5 0 0.6 0.9 1 0.3 0.8 
1262307240 0 0.4 1 0.1 0.7 0.6 0.5 0 0.6 0.9 0.6 0.3 0.8 
1262307270 0 0.4 1 0 0.7 0.6 0.5 0 0.6 0.9 0.6 0.3 0.8 
1262307272 0 0.4 1 0 0.7 0.6 0.5 0 0.6 0.9 0.6 0.3 0.8 
1262307274 0 0.4 1 0 0.7 0.6 0.5 0 0.6 0.9 0.6 0.3 0.8 
1262307292 0 0.4 1 0 0.7 0.6 0.5 0 0.6 0.9 0.6 0.3 0.8 
1262307304 0 0.4 1 0 0.7 0.6 0.6 0 0.6 0.9 0.6 0.3 0.8 
1262307305 0 0.4 1 0 0.7 0.6 0.6 0 0.6 0.9 0.6 0.6 0.8 
1262307313 0 0.4 1 0 0.7 0.6 0.6 0 0.6 0.9 0.6 0.6 0.8 
1262307340 0 0.4 1 0 0.7 0.6 0.6 0 0.6 0.9 0.6 0.6 0.8 
1262307370 0 0.4 1 0 0.7 0.6 0.6 0 0.6 0.9 0.6 0.6 0.8 
1262307372 0 0.4 1 0 0.7 0.6 0.6 0 0.6 0.9 0.6 0.6 1 
1262307374 0 0.4 1 0 0.7 0.6 0.6 0 0.6 0.9 0.6 0.6 1 
1262307392 0 0.4 1 0 0.7 0.6 0.6 0 0.6 0.9 0.6 0.6 1 
1262307404 0 0.4 1 0 0.7 0.6 0.6 0 0.6 0.9 0.6 0.6 1 
1262307405 0 0.4 1 0 0.7 0.6 0.6 0 0.6 0.9 0.6 0.6 1 
1262307408 0 0.4 1 0 0.7 0.6 0.6 0 0.6 0.9 0.6 0.6 1 
1262307413 0 0.4 1 0 0.7 0.6 0.6 0 0.6 0.9 0.6 0.6 1 
1262307440 0 0.4 1 0 0.7 0.6 0.6 0 0.6 0.9 0.6 0.6 1 
1262307470 0 0.4 1 0.1 0.7 0.6 0.6 0 0.6 0.9 0.6 0.6 1 
1262307474 0 0.4 1 0.1 0.7 0.6 0.6 0 0.6 0.9 0.6 0.6 1 
1262307492 0 0.4 1 0.1 0.7 0.6 0.6 0 1 0.9 0.6 0.6 1 
1262307504 0 0.4 1 0.1 0.7 0.2 0.6 0 1 0.9 0.6 0.6 1 
1262307505 0 0.4 1 0.1 0.7 0.2 0.6 0 1 0.9 0.6 1 1 
1262307508 0 0.4 1 0.1 0.6 0.2 0.6 0 1 0.9 0.6 1 1 
1262307513 0 0.4 1 0.1 0.6 0.2 0.6 0 1 0.9 0.6 1 1 
1262307520 0 0.4 1 0.1 0.6 0.2 0.6 0 1 0.9 0.6 1 1 
1262307540 0 0.4 1 0.1 0.6 0.2 0.6 0 1 0.9 1 1 1 
1262307570 0 0.4 1 0 0.6 0.2 0.6 0 1 0.9 1 1 1 
1262307574 0 0.4 1 0 0.6 0.2 0.6 0 1 0.9 1 1 1 
1262307585 0 0.4 1 0 0.6 0.2 0.6 0 1 0.9 1 1 1 
1262307592 0 0.4 1 0 0.6 0.2 0.6 0 1 0.9 1 1 1 
1262307604 0 0.4 1 0 0.6 0 0.6 0 1 0.9 1 1 1 
1262307605 0 0.4 1 0 0.6 0 0.6 0 1 0.9 1 1 1 
1262307610 0 0.4 1 0 0.6 0 0.6 0 1 0.9 1 1 1 
1262307613 0 0.4 1 0 0.6 0 0.6 0 1 0.9 1 1 1 
1262307620 0 0.4 1 0 0.6 0 0.6 0 1 0.9 1 1 1 
1262307640 0 0.4 1 0 0.6 0 0.6 0 1 0.9 1 1 1 
1262307674 0 0.4 1 0 0.6 0 0.6 0 1 0.9 1 1 1 
1262307685 0 0.4 1 0 0.6 0 0.6 0 1 0.9 1 1 1 
1262307692 0 0.4 1 0 0.6 0 0.6 0 1 0.9 1 1 1 
1262307704 0 0.4 1 0 0.6 0 0.6 0 1 0.9 1 1 1 
1262307705 0 0.4 1 0 0.6 0 0.6 0 1 0.9 1 1 1 
1262307710 0 0.4 1 0 0 0 0.6 0 1 0.9 1 1 1 
1262307713 0 0.4 1 0 0 0 0.6 0 1 0.9 1 1 1 
1262307720 0 0.4 1 0 0 0 0.6 0 1 0.9 1 1 1 
1262307740 0 0.4 1 0 0 0 0.6 0 1 0.9 1 1 1 
1262307774 0 0.4 1 0 0 0 0.6 0 1 0.9 1 1 1 
1262307785 0 0.4 1 0 0 0 0.6 0 1 0.9 1 1 1 
1262307792 0 0.4 1 0 0 0 0.6 0 1 0.9 1 1 1 
1262307804 0 0.4 1 0 0 0 0.6 0 1 0.9 1 1 1 
1262307805 0 0.4 1 0 0 0 0.6 0 1 0.9 1 1 1 
1262307810 0 0.4 1 0 0 0 0.6 0 1 0.9 1 1 1 
1262307813 0 0.4 1 0 0 0 0.6 0 1 0.9 1 1 1 
1262307820 0 0.4 1 0 0 0 0.6 0 1 0.9 1 1 1 
1262307840 0 0.4 1 0 0 0 0.6 0 1 0.9 1 1 1 
1262307874 0 0.4 1 0 0 0 0.6 0 1 0.9 1 1 1 
1262307885 0 0.4 1 0 0 0 0.6 0 1 0.9 1 1 1 
1262307892 0 0.4 1 0 0 0 0.6 0 1 0.9 1 1 1 
1262307904 0 0.4 1 0 0 0 0.5 0 1 1 1 1 1 
1262307905 0 0.4 1 0 0 0 0.5 0 1 1 1 1 1 
1262307913 0 1 1 0 0 0 0.5 0 1 1 1 1 1 
1262307922 0 1 1 0 0 0 0.5 0 1 1 1 1 1 
1262307985 0 1 1 0 0 0 0.5 0 1 1 1 1 1 
1262307992 0 1 1 0 0 0 0.5 0.2 1 1 1 1 1 
1262308004 0 1 1 0 0 0 0.5 0.2 1 1 1 1 1 
1262308005 0 1 1 0 0 0 0.5 0.2 1 1 1 1 1 
1262308013 0 0.7 1 0 0 0 0.5 0.2 1 1 1 1 1 
1262308022 0 0.7 1 0 0 0 0.5 0.2 1 1 1 1 1 
1262308034 0 0.7 1 0 0 0 0.5 0.2 1 1 1 1 1 
1262308069 0 0.7 1 0 0 0 0.5 0.2 1 1 1 1 1 
1262308092 0 0.7 1 0 0 0 0.5 0.6 1 1 1 1 1 
1262308104 0 0.7 1 0 0 0 0.7 0.6 1 1 1 1 1 
1262308105 0 0.7 1 0 0 0 0.7 0.6 1 1 1 1 1 
1262308110 0 0.7 1 0 0 0 0.7 0.6 1 1 1 1 1 
1262308113 0 0.7 1 0 0 0 0.7 0.6 1 1 1 1 1 
1262308122 0 0.7 1 0 0 0 0.7 0.6 1 1 1 1 1 
1262308123 0 0.7 1 0 0 0 0.7 0.6 1 1 1 1 1 
1262308134 0 0.7 1 0 0.4 0 0.7 0.6 1 1 1 1 1 
1262308169 0 0.7 1 0 0.4 0 0.7 0.6 0.8 1 0.7 1 1 
1262308192 0 0.7 1 0 0.4 0 0.7 0.6 0.8 1 0.7 1 1 
1262308204 0 0.7 1 0 0.4 0 0.7 0.6 0.8 1 0.7 1 1 
1262308205 0 0.7 1 0 0.4 0 0.7 0.6 0.8 1 0.7 1 1 
1262308213 0 0.7 1 0 0.4 0 0.7 0.6 0.8 1 0.7 1 1 
1262308222 0 0.7 1 0 0.4 0 0.7 0.6 0.8 1 0.7 1 1 
1262308223 0 0.7 1 0 0.4 0 0.7 0.6 0.8 1 0.7 1 1 
1262308234 0 0.7 1 0 0.4 0 0.7 0.6 0.8 1 0.7 1 1 
1262308269 0 0.7 1 0 0.4 0 0.7 0.6 0.3 1 0.4 1 1 
1262308292 0 0.7 1 0 0.4 0 0.7 0.4 0.3 1 0.4 1 1 
1262308304 0 0.7 1 0 0.4 0.2 0.2 0.4 0.3 1 0.4 1 1 
1262308305 0 0.7 1 0 0.4 0.2 0.2 0.4 0.3 1 0.4 1 1 
1262308313 0 0.7 1 0 0.4 0.2 0.2 0.4 0.3 1 0.4 1 1 
1262308322 0 0.7 1 0 0.4 0.2 0.2 0.4 0.3 1 0.4 1 1 
1262308323 0 0.7 1 0 0.4 0.2 0.2 0.4 0.3 1 0.4 1 1 
1262308334 0 0.7 1 0 0.4 0.2 0.2 0.4 0.3 1 0.4 1 1 
1262308353 0 0.7 1 0 0.4 0.2 0.2 0.4 0.3 1 0.4 1 1 
1262308369 0 0.7 1 0 0.4 0.2 0.2 0.4 0.2 1 0.4 1 1 
1262308392 0 0.7 1 0 0.4 0.2 0.2 0.4 0.2 1 0.4 1 1 
1262308404 0 0.7 1 0 0.4 0.2 0.2 0.4 0.2 1 0.4 1 1 
1262308405 0 0.7 1 0 0.4 0.2 0.2 0.4 0.2 1 0.4 1 1 
1262308413 0 0.4 1 0 0.4 0.2 0.2 0.4 0.2 1 0.4 1 1 
1262308422 0 0.4 1 0 0.4 0.2 0.2 0.4 0.2 1 0.4 1 1 
1262308423 0 0.4 1 0 0.4 0.2 0.2 0.4 0.2 1 0.4 1 1 
1262308434 0 0.4 1 0 0.4 0.2 0.2 0.4 0.2 1 0.4 1 1 
1262308453 0 0.4 1 0 0.4 0.2 0.2 0.4 0.2 1 0.4 1 1 
1262308469 0 0.4 1 0 0.4 0.2 0.2 0.4 0.2 1 0.4 1 1 
1262308492 0 0.4 1 0 0.4 0.2 0.2 0.4 0.2 1 0.4 1 1 
