arrived:	node1#44	1
arrived:	node3#27	1
arrived:	node1#47	1
arrived:	node1#45	1
arrived:	node3#26	1
arrived:	node1#48	1
arrived:	node1#46	1
arrived:	node3#20	1
NOTIFS:
node3	:	60	sent
node1	:	60	sent
SUBS:
on	node1
	node1	:	5	received
on	node3
	node3	:	3	received
1262304604 0 - 1 0 - - 0 - - 1 - - - 
1262304704 0 - 1 0 - - 0 - - 1 - - - 
1262304804 0 - 1 0 0 - 0 - 1 1 - - - 
1262304828 0 - 1 0 0 - 0 - 1 1 - - - 
1262304904 0 - 1 0 0 0 0 0 1 1 1 - - 
1262304928 0 - 1 0 0 0 0 0 1 1 1 - - 
1262305004 0 1 1 0 0 0 0 0 1 1 1 1 1 
1262305028 0 1 1 0 0 0 0 0 1 1 1 1 1 
1262305104 0 1 1 0 0 0 0 0 1 1 1 1 1 
1262305128 0 1 1 0 0 0 0 0 1 1 1 1 1 
1262305204 0 1 1 0 0 0 0 0 1 1 1 1 1 
1262305228 0 1 1 0 0 0 0 0 1 1 1 1 1 
1262305304 0 1 1 0 0 0 0 0 1 1 1 1 1 
1262305328 0 1 1 0 0 0 0 0 1 1 1 1 1 
1262305358 0 1 1 0 0 0 0 0 1 1 1 1 1 
1262305404 0 1 1 0 0 0 0 0 1 1 1 1 1 
1262305406 0 1 1 0 0 0 0 0 1 1 1 1 1 
1262305428 0 1 1 0 0 0 0 0 1 1 1 1 1 
1262305458 0 1 1 0 0 0 0 0 1 1 1 1 1 
1262305504 0 1 1 0 0 0 0 0 1 1 1 1 1 
1262305506 0 1 1 0 0 0 0 0 1 1 1 1 1 
1262305528 0 1 1 0 0 0 0 0 1 1 1 1 1 
1262305558 0 1 1 0 0 0 0 0 1 1 1 1 1 
1262305604 0 0.2 1 0 0 0 0 0 1 1 1 1 1 
1262305606 0 0.2 1 0 0 0 0 0 0.5 1 1 1 0.66666666666667 
1262305628 0 0.2 1 0 0 0 0 0 0.5 1 1 1 0.66666666666667 
1262305658 0 0.2 1 0 0 0 0 0 0.5 1 1 1 0.66666666666667 
1262305704 0 0.2 1 0 0 0 0 0 0.5 1 1 1 0.66666666666667 
1262305706 0 0.2 1 0 0 0 0 0 1 1 1 1 0.66666666666667 
1262305728 0 0.2 1 0 0 0 0 0 1 1 1 1 0.66666666666667 
1262305758 0 0.2 1 0 0 0 0 0 1 1 1 1 0.66666666666667 
1262305804 0 0.2 1 0 0 0 0 0 1 1 1 1 0.66666666666667 
1262305806 0 0.2 1 0 0 0 0 0 1 1 1 1 1 
1262305828 0 0.2 1 0 0 0 0 0 1 1 1 1 1 
1262305858 0 0.2 1 0 0 0 0 0 1 1 1 1 1 
1262305904 0 0.2 1 0.3 0 0 0 0 1 1 1 1 1 
1262305906 0 0.2 1 0.3 0 0 0 0 1 1 1 1 0.9 
1262305916 0 0.2 1 0.3 0 0 0 0 1 1 1 1 0.9 
1262305928 0 0.2 1 0.3 0 0 0 0 1 0.9 1 1 0.9 
1262305958 0 0.2 1 0.3 0 0 0 0 1 0.9 1 1 0.9 
1262306004 0 0.3 1 0.1 0 0 0 0 1 0.9 1 1 0.9 
1262306006 0 0.3 1 0.1 0 0 0 0 1 0.9 1 1 0.9 
1262306016 0 0.3 1 0.1 0 0 0 0 0.8 0.9 1 1 0.9 
1262306028 0 0.3 1 0.1 0 0 0 0 0.8 0.9 1 1 0.9 
1262306058 0 0.3 1 0.1 0 0 0 0 0.8 0.9 1 1 0.9 
1262306104 0 0.3 1 0 0 0 0 0.1 0.8 0.9 1 1 0.9 
1262306106 0 0.3 1 0 0 0 0 0.1 0.8 0.9 1 1 0.9 
1262306116 0 0.3 1 0 0 0 0 0.1 0.6 0.9 1 1 0.9 
1262306128 0 0.3 1 0 0 0 0 0.1 0.6 0.9 1 1 0.9 
1262306158 0 0.3 1 0 0 0 0 0.1 0.6 0.9 1 1 0.9 
1262306204 0 0.3 1 0 0 0 0 0.1 0.6 0.9 1 1 0.9 
1262306206 0 0.3 1 0 0 0 0 0.1 0.6 0.9 1 1 0.9 
1262306216 0 0.3 1 0 0 0 0 0.1 0.6 0.9 1 1 0.9 
1262306228 0 0.3 1 0 0 0 0 0.1 0.6 0.9 1 1 0.9 
1262306258 0 0.3 1 0 0 0 0 0.1 0.6 0.9 1 1 0.9 
1262306304 0 0.3 1 0 0 0 0 0.1 0.6 0.9 1 1 0.9 
1262306306 0 0.3 1 0 0 0 0 0.1 0.6 0.9 1 1 0.9 
1262306316 0 0.3 1 0 0 0 0 0.1 0.6 0.9 1 1 0.9 
1262306328 0 0.3 1 0 0 0 0 0.1 0.6 0.9 1 1 0.9 
1262306358 0 0.3 1 0 0 0 0 0.1 0.6 0.9 1 1 0.9 
1262306404 0 0.1 1 0 0 0 0 0 0.6 0.9 1 1 0.9 
1262306406 0 0.1 1 0 0 0 0 0 0.6 0.9 1 1 0.9 
1262306416 0 0.1 1 0 0 0 0 0 0.6 0.9 1 1 0.9 
1262306428 0 0.1 1 0 0 0 0 0 0.6 1 1 1 0.9 
1262306458 0 0.1 1 0 0 0 0.4 0 0.6 1 1 1 0.9 
1262306485 0 0.1 1 0 0 0 0.4 0 0.6 1 1 1 0.9 
1262306504 0 0.1 1 0 0.2 0 0.4 0 0.6 1 0.5 1 0.9 
1262306506 0 0.1 1 0 0.2 0 0.4 0 0.6 1 0.5 1 0.9 
1262306516 0 0.1 1 0 0.2 0 0.4 0 0.6 1 0.5 1 0.9 
1262306528 0 0.1 1 0 0.2 0 0.4 0 0.6 1 0.5 1 0.9 
1262306558 0 0.1 1 0 0.2 0 0.3 0 0.6 1 0.5 1 0.9 
1262306585 0 0.1 1 0 0.2 0 0.3 0 0.6 1 0.5 1 0.9 
1262306604 0 0.1 1 0 0.2 0 0.3 0 0.6 1 0.5 1 0.9 
1262306606 0 0.1 1 0 0.2 0 0.3 0 0.6 1 0.5 1 0.7 
1262306616 0 0.1 1 0 0.2 0 0.3 0 0.5 1 0.5 1 0.7 
1262306628 0 0.1 1 0 0.2 0 0.3 0 0.5 1 0.5 1 0.7 
1262306658 0 0.1 1 0 0.2 0 0.3 0 0.5 1 0.5 1 0.7 
1262306685 0 0.1 1 0 0.2 0 0.3 0 0.5 1 0.5 1 0.7 
1262306704 0 0.1 1 0 0 0 0.3 0 0.5 1 0.8 1 0.7 
1262306706 0 0.1 1 0 0 0 0.3 0 0.5 1 0.8 1 0.7 
1262306716 0 0.1 1 0 0 0 0.3 0 0.5 1 0.8 1 0.7 
1262306728 0 0.1 1 0 0 0 0.3 0 0.5 1 0.8 1 0.7 
1262306747 0 0.1 1 0 0 0 0.3 0 0.5 1 0.8 1 0.7 
1262306758 0 0.1 1 0 0 0 0 0 0.5 1 0.8 1 0.7 
1262306785 0 0.1 1 0 0 0 0 0 0.5 1 0.8 1 0.7 
1262306804 0 0.1 1 0 0 0 0 0 0.5 1 1 1 0.7 
1262306806 0 0.1 1 0 0 0 0 0 0.5 1 1 1 0.5 
1262306816 0 0.1 1 0 0 0 0 0 0.9 1 1 1 0.5 
1262306828 0 0.1 1 0 0 0 0 0 0.9 1 1 1 0.5 
1262306847 0 0.1 1 0 0 0 0 0 0.9 1 1 1 0.5 
1262306858 0 0.1 1 0 0 0 0 0 0.9 1 1 1 0.5 
1262306885 0 0.1 1 0 0 0 0 0 0.9 1 1 1 0.5 
1262306904 0 0.1 1 0 0 0 0 0 0.9 1 1 1 0.5 
1262306906 0 0.1 1 0 0 0 0 0 0.9 1 1 1 0.9 
1262306916 0 0.1 1 0 0 0 0 0 1 1 1 1 0.9 
1262306928 0 0.1 1 0 0 0 0 0 1 1 1 1 0.9 
1262306947 0 0.1 1 0 0 0 0 0 1 1 1 1 0.9 
1262306958 0 0.1 1 0 0 0 0 0 1 1 1 1 0.9 
1262306985 0 0.1 1 0 0 0 0 0 1 1 1 1 0.9 
1262307004 0 0.1 1 0.9 0 0 0 0 1 1 0.8 1 0.9 
1262307006 0 0.9 1 0.9 0 0 0 0 1 1 0.8 1 1 
1262307016 0 0.9 1 0.9 0 0 0 0 1 1 0.8 1 1 
1262307028 0 0.9 1 0.9 0 0 0 0 1 0.9 0.8 1 1 
1262307047 0 0.9 1 0.9 0 0 0 0 1 0.9 0.8 1 1 
1262307058 0 0.9 1 0.9 0 0 0 0 1 0.9 0.8 1 1 
1262307085 0 0.9 1 0.9 0 0 0 0 1 0.9 0.8 1 1 
1262307104 0 0.9 1 0.6 0 0 0 0 1 0.9 0.8 1 1 
1262307106 0 0.7 1 0.6 0 0 0 0 1 0.9 0.8 1 1 
1262307116 0 0.7 1 0.6 0 0 0 0 1 0.9 0.8 1 1 
1262307128 0 0.7 1 0.6 0 0 0 0 1 1 0.8 1 1 
1262307147 0 0.7 1 0.6 0 0 0 0 1 1 0.8 1 1 
1262307158 0 0.7 1 0.6 0 0 0 0 1 1 0.8 1 1 
1262307185 0 0.7 1 0.6 0 0 0 0 1 1 0.8 1 1 
1262307204 0 0.7 1 0.6 0 0 0 0 1 1 1 1 1 
1262307206 0 0.8 1 0.6 0 0 0 0 1 1 1 1 1 
1262307216 0 0.8 1 0.6 0 0 0 0 1 1 1 1 1 
1262307228 0 0.8 1 0.6 0 0 0 0 1 1 1 1 1 
1262307247 0 0.8 1 0.6 0 0 0 0 1 1 1 1 1 
1262307258 0 0.8 1 0.6 0 0 0 0 1 1 1 1 1 
1262307285 0 0.8 1 0.6 0 0 0 0 1 1 1 1 1 
1262307304 0 0.8 1 0.3 0.2 0 0 0 1 1 1 1 1 
1262307306 0 0.9 1 0.3 0.2 0 0 0 1 1 1 1 1 
1262307316 0 0.9 1 0.3 0.2 0 0 0 1 1 1 1 1 
1262307328 0 0.9 1 0.3 0.2 0 0 0 1 1 1 1 1 
1262307347 0 0.9 1 0.3 0.2 0 0 0 1 1 1 1 1 
1262307358 0 0.9 1 0.3 0.2 0 0 0 1 1 1 1 1 
1262307380 0 0.9 1 0.3 0.2 0 0 0 1 1 1 1 1 
1262307385 0 0.9 1 0.3 0.2 0 0 0 1 1 1 0.8 1 
1262307404 0 0.9 1 0 0.2 0 0 0 1 1 1 0.8 1 
1262307406 0 0.6 1 0 0.2 0 0 0 1 1 1 0.8 1 
1262307416 0 0.6 1 0 0.2 0 0 0 1 1 1 0.8 1 
1262307428 0 0.6 1 0 0.2 0 0 0 1 1 1 0.8 1 
1262307447 0 0.6 1 0 0.2 0 0 0 1 1 1 0.8 1 
1262307480 0 0.6 1 0 0.2 0 0 0 1 1 1 0.8 1 
1262307485 0 0.6 1 0 0.2 0 0 0 1 1 1 0.8 1 
1262307504 0 0.6 1 0 0.1 0 0 0 1 1 1 0.8 1 
1262307506 0 0.3 1 0 0.1 0 0 0 1 1 1 0.8 1 
1262307516 0 0.3 1 0 0.1 0 0 0 1 1 1 0.8 1 
1262307528 0 0.3 1 0 0.1 0 0 0 1 1 1 0.8 1 
1262307537 0 0.3 1 0 0.1 0 0 0 1 1 1 0.8 1 
1262307547 0 0.3 1 0 0.1 0 0 0 1 1 1 0.8 1 
1262307569 0 0.3 1 0 0.1 0 0 0 1 1 1 0.8 1 
1262307580 0 0.3 1 0 0.1 0 0 0 1 1 1 0.8 1 
1262307585 0 0.3 1 0 0.1 0 0 0 1 1 1 0.8 1 
1262307604 0 0.3 1 0 0.1 0 0 0 1 1 1 0.8 1 
1262307606 0 0.3 1 0 0.1 0 0 0 1 1 1 0.8 1 
1262307616 0 0.3 1 0 0.1 0 0 0 1 1 1 0.8 1 
1262307628 0 0.3 1 0 0.1 0 0 0 1 1 1 0.8 1 
1262307637 0 0.3 1 0 0.1 0 0 0 1 1 1 0.8 0.7 
1262307647 0 0.3 1 0 0.1 0 0 0 1 1 1 0.8 0.7 
1262307669 0 0.3 1 0 0.1 0 0.4 0 1 1 1 0.8 0.7 
1262307680 0 0.3 1 0 0.1 0 0.4 0 1 1 1 0.8 0.7 
1262307685 0 0.3 1 0 0.1 0 0.4 0 1 1 1 1 0.7 
1262307704 0 0.3 1 0.5 0.1 0 0.4 0 1 1 1 1 0.7 
1262307706 0 0.3 1 0.5 0.1 0 0.4 0 1 1 1 1 0.7 
1262307716 0 0.3 1 0.5 0.1 0 0.4 0 1 1 1 1 0.7 
1262307728 0 0.3 1 0.5 0.1 0 0.4 0 1 1 1 1 0.7 
1262307737 0 0.3 1 0.5 0.1 0 0.4 0 1 1 1 1 0.6 
1262307747 0 0.3 1 0.5 0.1 0 0.4 0 1 1 1 1 0.6 
1262307769 0 0.3 1 0.5 0.1 0 0.4 0 1 1 1 1 0.6 
1262307780 0 0.3 1 0.5 0.1 0 0.4 0 1 1 1 1 0.6 
1262307785 0 0.3 1 0.5 0.1 0 0.4 0 1 1 1 1 0.6 
1262307804 0 0.3 1 0.5 0.1 0 0.4 0 1 1 1 1 0.6 
1262307806 0 0.2 1 0.5 0.1 0 0.4 0 1 1 1 1 0.6 
1262307816 0 0.2 1 0.5 0.1 0 0.4 0 1 1 1 1 0.6 
1262307828 0 0.2 1 0.5 0.1 0 0.4 0 1 1 1 1 0.6 
1262307837 0 0.2 1 0.5 0.1 0 0.4 0 1 1 1 1 0.6 
1262307847 0 0.2 1 0.5 0.1 0 0.4 0 1 1 1 1 0.6 
1262307869 0 0.2 1 0.5 0.1 0 0.4 0 1 1 1 1 0.6 
1262307880 0 0.2 1 0.5 0.1 0 0.4 0 1 1 1 1 0.6 
1262307885 0 0.2 1 0.5 0.1 0 0.4 0 1 1 1 1 0.6 
1262307891 0 0.2 1 0.5 0.1 0 0.4 0 1 1 1 1 0.6 
1262307904 0 0.2 1 0.5 0.1 0.5 0.4 0 1 1 1 1 0.6 
1262307906 0 0.4 1 0.5 0.1 0.5 0.4 0 1 1 1 1 0.6 
1262307916 0 0.4 1 0.5 0.1 0.5 0.4 0 1 1 1 1 0.6 
1262307928 0 0.4 1 0.5 0.1 0.5 0.4 0 1 1 1 1 0.6 
1262307937 0 0.4 1 0.5 0.1 0.5 0.4 0 1 1 1 1 0.6 
1262307969 0 0.4 1 0.5 0.1 0.5 0.4 0.1 1 1 1 1 0.6 
1262307980 0 0.4 1 0.5 0.1 0.5 0.4 0.1 1 1 1 1 0.6 
1262307985 0 0.4 1 0.5 0.1 0.5 0.4 0.1 1 1 1 1 0.6 
1262307991 0 0.4 1 0.5 0.1 0.5 0.4 0.1 1 1 1 1 0.6 
1262308004 0 0.4 1 0.5 0.1 0.4 0.4 0.1 1 1 1 1 0.6 
1262308006 0 0.8 1 0.5 0.1 0.4 0.4 0.1 1 1 1 1 0.6 
1262308016 0 0.8 1 0.5 0.1 0.4 0.4 0.1 1 1 1 1 0.6 
1262308028 0 0.8 1 0.5 0.1 0.4 0.4 0.1 1 1 1 1 0.6 
1262308037 0 0.8 1 0.5 0.1 0.4 0.4 0.1 1 1 1 1 0.8 
1262308060 0 0.8 1 0.5 0.1 0.4 0.4 0.1 1 1 1 1 0.8 
1262308069 0 0.8 1 0.5 0.1 0.4 0.4 0.4 1 1 1 1 0.8 
1262308085 0 0.8 1 0.5 0.1 0.4 0.4 0.4 1 1 1 0.8 0.8 
1262308091 0 0.8 1 0.5 0.1 0.4 0.4 0.4 1 1 1 0.8 0.8 
1262308104 0 0.8 1 0.5 0.1 0.4 0.4 0.4 1 1 1 0.8 0.8 
1262308106 0 0.8 1 0.5 0.1 0.4 0.4 0.4 1 1 1 0.8 0.8 
1262308116 0 0.8 1 0.5 0.1 0.4 0.4 0.4 1 1 1 0.8 0.8 
1262308128 0 0.8 1 0.5 0.1 0.4 0.4 0.4 1 1 1 0.8 0.8 
1262308137 0 0.8 1 0.5 0.1 0.4 0.4 0.4 1 1 1 0.8 0.9 
1262308160 0 0.8 1 0.5 0.1 0.4 0.4 0.4 1 1 1 0.8 0.9 
1262308169 0 0.8 1 0.5 0.1 0.4 0.4 0.4 1 1 1 0.8 0.9 
1262308185 0 0.8 1 0.5 0.1 0.4 0.4 0.4 1 1 1 0.8 0.9 
1262308191 0 0.8 1 0.5 0.1 0.4 0.6 0.4 1 1 1 0.8 0.9 
1262308193 0 0.8 1 0.5 0.1 0.4 0.6 0.4 1 1 1 0.8 0.9 
1262308204 0 0.8 1 0.5 0.1 0.4 0.6 0.4 1 1 0.9 0.8 0.9 
1262308206 0 0.8 1 0.5 0.1 0.4 0.6 0.4 1 1 0.9 0.8 0.9 
1262308216 0 0.8 1 0.5 0.1 0.4 0.6 0.4 1 1 0.9 0.8 0.9 
1262308237 0 0.8 1 0.5 0.1 0.4 0.6 0.4 1 1 0.9 0.8 1 
1262308260 0 0.8 1 0.5 0.1 0.4 0.6 0.4 1 1 0.9 0.8 1 
1262308269 0 0.8 1 0.5 0.1 0.4 0.6 0.4 1 1 0.9 0.8 1 
1262308285 0 0.8 1 0.5 0.1 0.4 0.6 0.4 1 1 0.9 0.8 1 
1262308291 0 0.8 1 0.5 0.1 0.4 0.6 0.4 1 1 0.9 0.8 1 
1262308293 0 0.8 1 0.5 0.1 0.4 0.6 0.4 1 1 0.9 0.8 1 
1262308304 0 0.8 1 0.1 0.1 0.4 0.6 0.4 1 1 1 0.8 1 
1262308306 0 0.8 1 0.1 0.1 0.4 0.6 0.4 1 1 1 0.8 1 
1262308316 0 0.8 1 0.1 0.1 0.4 0.6 0.4 1 1 1 0.8 1 
1262308337 0 0.8 1 0.1 0.1 0.4 0.6 0.4 1 1 1 0.8 1 
1262308347 0 0.8 1 0.1 0.1 0.4 0.6 0.4 1 1 1 0.8 1 
1262308360 0 0.8 1 0.1 0.1 0.4 0.6 0.4 1 1 1 0.8 1 
1262308369 0 0.8 1 0.1 0.1 0.4 0.6 0.4 1 1 1 0.8 1 
1262308385 0 0.8 1 0.1 0.1 0.4 0.6 0.4 1 1 1 0.8 1 
1262308391 0 0.8 1 0.1 0.1 0.4 0.6 0.4 1 1 1 0.8 1 
1262308404 0 0.8 1 0.1 0.1 0.4 0.6 0.4 1 1 1 0.8 1 
1262308406 0 0.8 1 0.1 0.1 0.4 0.6 0.4 1 1 1 0.8 1 
1262308416 0 0.8 1 0.1 0.1 0.4 0.6 0.4 1 1 1 0.8 1 
1262308437 0 0.8 1 0.1 0.1 0.4 0.6 0.4 1 1 1 0.8 1 
1262308439 0 0.8 1 0.1 0.1 0.4 0.6 0.4 1 1 1 0.8 1 
1262308447 0 0.8 1 0.1 0.1 0.4 0.6 0.4 1 1 1 0.8 1 
1262308449 0 0.8 1 0.1 0.1 0.1 0.6 0.4 1 1 1 0.8 1 
1262308460 0 0.8 1 0.1 0.1 0.1 0.6 0.4 1 1 1 0.8 1 
1262308469 0 0.8 1 0.1 0.1 0.1 0.6 0.4 1 1 1 0.8 1 
1262308485 0 0.8 1 0.1 0.1 0.1 0.6 0.4 1 1 1 0.8 1 
1262308491 0 0.8 1 0.1 0.1 0.1 0.3 0.4 1 1 1 0.8 1 
