arrived:	node3#45	1
arrived:	node3#47	1
arrived:	node3#46	1
arrived:	node3#44	1
arrived:	node3#43	1
NOTIFS:
node3	:	60	sent
node1	:	60	sent
SUBS:
on	node1
	node1	:	0	received
on	node3
	node3	:	5	received
1262304604 0 - 1 0 0 - 0 0 - - - - - 
1262304704 0 - 1 0 0 - 0 0 - - - - - 
1262304804 0 - 1 0 0 - 0 0 - - 1 1 - 
1262304904 0 - 1 0 0 0 0 0 - - 1 1 - 
1262304999 0 - 1 0 0 0 0 0 - - 1 1 - 
1262305004 0 - 1 0 0 0 0 0 - - 1 1 - 
1262305099 0 - 1 0 0 0 0 0 - - 1 1 - 
1262305104 0 0.83333333333333 1 0 0 0 0.4 0 1 1 0.83333333333333 1 1 
1262305199 0 0.83333333333333 1 0 0 0 0.4 0 1 1 0.83333333333333 1 1 
1262305204 0 0.83333333333333 1 0 0 0 0.3 0.3 1 1 0.83333333333333 1 1 
1262305299 0 0.83333333333333 1 0 0 0 0.3 0.3 1 1 0.83333333333333 1 1 
1262305304 0 0.83333333333333 1 0 0 0.3 0 0.3 0.4 1 1 0.3 1 
1262305399 0 0.83333333333333 1 0 0 0.3 0 0.3 0.4 1 1 0.3 1 
1262305404 0 0.83333333333333 1 0 0 0.3 0 0.3 0.4 1 1 0.3 1 
1262305499 0 0.83333333333333 1 0 0 0.3 0 0.3 0.4 1 1 0.3 1 
1262305504 0 1 1 0 0 0 0 0 0.6 1 1 0.6 1 
1262305599 0 1 1 0 0 0 0 0 0.6 1 1 0.6 1 
1262305604 0 1 1 0.3 0 0 0 0 0.6 1 1 0.6 1 
1262305699 0 1 1 0.3 0 0 0 0 0.6 1 1 0.6 1 
1262305704 0 1 1 0.4 0.4 0 0 0 0.6 1 0.4 1 1 
1262305799 0 1 1 0.4 0.4 0 0 0 0.6 1 0.4 1 1 
1262305804 0 1 1 0.4 0.4 0 0 0 0.8 1 0.4 1 1 
1262305899 0 1 1 0.4 0.4 0 0 0 0.8 1 0.4 1 1 
1262305904 0 1 1 0.4 0.4 0 0 0 1 1 0.8 1 1 
1262305999 0 1 1 0.4 0.4 0 0 0 1 1 0.8 1 1 
1262306004 0 1 1 0.4 0 0 0 0 1 1 0.9 1 1 
1262306099 0 1 1 0.4 0 0 0 0 1 1 0.9 1 1 
1262306104 0 1 1 0 0 0 0 0 1 1 0.9 1 1 
1262306170 0 1 1 0 0 0 0 0 1 1 0.9 1 1 
1262306199 0 1 1 0 0 0 0 0 1 1 0.9 1 1 
1262306204 0 1 1 0 0 0 0 0 1 1 1 1 1 
1262306270 0 1 1 0 0 0 0 0 1 1 1 1 1 
1262306299 0 1 1 0 0 0 0 0 1 1 1 1 1 
1262306304 0 0 1 0 0 0.5 0 0 1 1 1 1 0.5 
1262306312 0 0 1 0 0 0.5 0 0 1 1 1 1 0.5 
1262306370 0 0 1 0 0 0.5 0 0 1 1 1 1 0.5 
1262306389 0 0 1 0 0 0.5 0 0 1 1 1 1 0.5 
1262306399 0 0 1 0 0 0.5 0 0 1 1 1 1 0.5 
1262306404 0 0.1 1 0 0.1 0.3 0 0 1 1 1 1 0.5 
1262306412 0 0.1 1 0 0.1 0.3 0 0 1 1 1 1 0.5 
1262306470 0 0.1 1 0 0.1 0.3 0 0 1 1 1 1 0.5 
1262306489 0 0.1 1 0 0.1 0.3 0 0 1 1 1 1 0.5 
1262306499 0 0.1 1 0 0.1 0.3 0 0 1 1 1 1 0.5 
1262306504 0 0.4 1 0 0.4 0.3 0 0 1 0.7 1 1 0.6 
1262306512 0 0.4 1 0 0.4 0.3 0 0 1 0.7 1 1 0.6 
1262306523 0 0.4 1 0 0.4 0.3 0 0 1 0.7 1 1 0.6 
1262306570 0 0.4 1 0 0.4 0.3 0 0 1 0.7 1 1 0.6 
1262306589 0 0.4 1 0 0.4 0.3 0 0 1 0.7 1 1 0.6 
1262306599 0 0.4 1 0 0.4 0.3 0 0 1 0.7 1 1 0.6 
1262306604 0 0.4 1 0 0.4 0 0 0 1 0.7 1 1 1 
1262306612 0 0.4 1 0 0.4 0 0 0 1 0.7 1 1 1 
1262306623 0 0.4 1 0 0.4 0 0 0 1 0.7 1 1 1 
1262306670 0 0.4 1 0 0.4 0 0 0 1 0.7 1 1 1 
1262306689 0 0.4 1 0 0.4 0 0 0 1 0.7 1 1 1 
1262306699 0 0.4 1 0 0.4 0 0 0 1 0.7 1 1 1 
1262306704 0 0.4 1 0 0 0 0 0 1 0.8 1 1 1 
1262306712 0 0.4 1 0 0 0 0 0 1 0.8 1 1 1 
1262306770 0 0.4 1 0 0 0 0 0 1 0.8 1 1 1 
1262306789 0 0.4 1 0 0 0 0 0 1 0.8 1 1 1 
1262306798 0 0.4 1 0 0 0 0 0 1 0.8 1 1 1 
1262306799 0 0.4 1 0 0 0 0 0 1 0.8 1 1 1 
1262306804 0 0.8 1 0 0 0 0 0 1 0.8 1 1 1 
1262306812 0 0.8 1 0 0 0 0 0 1 0.8 1 1 1 
1262306870 0 0.8 1 0 0 0 0 0 1 0.8 1 1 1 
1262306889 0 0.8 1 0 0 0 0 0 1 0.8 1 1 1 
1262306898 0 0.8 1 0 0 0 0 0 1 0.8 1 1 0.6 
1262306899 0 0.8 1 0 0 0 0 0 1 0.8 1 1 0.6 
1262306902 0 0.8 1 0 0 0 0 0 1 0.8 1 1 0.6 
1262306904 0 0.9 1 0 0 0 0.2 0 1 1 1 1 0.6 
1262306912 0 0.9 1 0 0 0 0.2 0 0.6 1 1 1 0.6 
1262306970 0 0.9 1 0 0 0 0.2 0 0.6 1 1 1 0.6 
1262306989 0 0.9 1 0 0 0 0.2 0 0.6 1 1 1 0.6 
1262306998 0 0.9 1 0 0 0 0.2 0 0.6 1 1 1 0.6 
1262306999 0 0.9 1 0 0 0 0.2 0 0.6 1 1 1 0.6 
1262307002 0 0.9 1 0 0 0 0.2 0 0.6 1 1 1 0.6 
1262307004 0 0.9 1 0 0 0 0.3 0 0.6 1 1 1 0.6 
1262307012 0 0.9 1 0 0 0 0.3 0 0.6 1 1 1 0.6 
1262307070 0 0.9 1 0 0 0 0.3 0 0.6 1 1 1 0.6 
1262307089 0 0.9 1 0 0 0 0.3 0 0.6 1 1 1 0.6 
1262307097 0 0.9 1 0 0 0 0.3 0 0.6 1 1 1 0.6 
1262307098 0 0.9 1 0 0 0 0.3 0 0.6 1 1 1 0.7 
1262307099 0 0.9 1 0 0 0 0.3 0 0.6 1 1 1 0.7 
1262307102 0 0.9 1 0 0 0 0.3 0 0.6 1 1 1 0.7 
1262307104 0 0.9 1 0 0 0 0.3 0 0.6 0.7 1 1 0.7 
1262307112 0 0.9 1 0 0 0 0.3 0 0.6 0.7 1 1 0.7 
1262307189 0 0.9 1 0 0 0 0.3 0 0.6 0.7 1 1 0.7 
1262307198 0 0.9 1 0 0 0 0.3 0 0.6 0.7 1 1 0.7 
1262307199 0 0.9 1 0 0 0 0.3 0 0.6 0.7 1 1 0.7 
1262307202 0 0.9 1 0 0 0 0.3 0 0.6 0.7 1 1 0.7 
1262307204 0 0.9 1 0 0 0 0.3 0 0.6 0.7 1 1 0.7 
1262307212 0 0.9 1 0 0 0 0.3 0 0.6 0.7 1 1 0.7 
1262307283 0 0.9 1 0 0 0 0.6 0 0.6 0.7 1 1 0.7 
1262307289 0 0.9 1 0 0 0 0.6 0 0.6 0.7 1 1 0.7 
1262307298 0 0.9 1 0 0 0 0.6 0 0.6 0.7 1 1 1 
1262307299 0 0.9 1 0 0 0 0.6 0 0.6 0.7 1 1 1 
1262307302 0 0.9 1 0 0 0 0.6 0 0.6 0.7 1 1 1 
1262307304 0 0.9 1 0 0 0 0.6 0 0.6 0.7 1 1 1 
1262307312 0 0.9 1 0 0 0 0.6 0 0.6 0.7 1 1 1 
1262307348 0 0.9 1 0 0 0 0.6 0 0.6 0.7 1 1 1 
1262307369 0 0.9 1 0 0 0 0.6 0 0.6 0.7 1 1 1 
1262307383 0 0.9 1 0 0 0 0.7 0 0.6 0.7 1 1 1 
1262307389 0 0.9 1 0 0 0 0.7 0 0.6 0.7 1 1 1 
1262307398 0 0.9 1 0 0 0 0.7 0 0.6 0.7 1 1 1 
1262307399 0 0.8 1 0 0 0 0.7 0 0.6 0.7 1 1 1 
1262307402 0 0.8 1 0 0 0 0.7 0 0.6 0.7 1 1 1 
1262307404 0 0.8 1 0 0.5 0 0.7 0 0.6 1 1 1 1 
1262307412 0 0.8 1 0 0.5 0 0.7 0 0.6 1 1 1 1 
1262307448 0 0.8 1 0 0.5 0 0.7 0 0.6 1 1 0.8 1 
1262307483 0 0.8 1 0 0.5 0 0.5 0 0.6 1 1 0.8 1 
1262307485 0 0.8 1 0 0.5 0 0.5 0 0.6 1 1 0.8 1 
1262307489 0 0.8 1 0 0.5 0 0.5 0 0.6 1 1 0.8 1 
1262307498 0 0.8 1 0 0.5 0 0.5 0 0.6 1 1 0.8 1 
1262307499 0 0.8 1 0 0.5 0 0.5 0 0.6 1 1 0.8 1 
1262307502 0 0.8 1 0 0.5 0 0.5 0 0.6 1 1 0.8 1 
1262307504 0 0.8 1 0 0.6 0 0.5 0 0.6 1 1 0.8 1 
1262307512 0 0.8 1 0 0.6 0 0.5 0 0.6 1 1 0.8 1 
1262307548 0 0.8 1 0 0.6 0 0.5 0 0.6 1 1 0.8 1 
1262307577 0 0.8 1 0 0.6 0 0.5 0 0.6 1 1 0.8 1 
1262307583 0 0.8 1 0 0.6 0 0.5 0 0.6 1 1 0.8 1 
1262307585 0 0.8 1 0 0.6 0 0.5 0 0.6 1 1 0.8 1 
1262307589 0 0.8 1 0 0.6 0 0.5 0 0.6 1 1 0.8 1 
1262307598 0 0.8 1 0 0.6 0 0.5 0 0.6 1 1 0.8 1 
1262307599 0 0.3 1 0 0.6 0 0.5 0 0.6 1 1 0.8 1 
1262307602 0 0.3 1 0 0.6 0 0.5 0 0.6 1 1 0.8 1 
1262307604 0 0.3 1 0 0.7 0 0.5 0 0.6 1 1 0.8 1 
1262307612 0 0.3 1 0 0.7 0 0.5 0 0.6 1 1 0.8 1 
1262307648 0 0.3 1 0 0.7 0 0.5 0 0.6 1 1 0.8 1 
1262307677 0 0.3 1 0 0.7 0 0.5 0 0.6 1 1 0.8 1 
1262307683 0 0.3 1 0 0.7 0 0.7 0 0.6 1 1 0.8 1 
1262307685 0 0.3 1 0 0.7 0 0.7 0 0.6 1 1 0.8 1 
1262307689 0 0.3 1 0 0.7 0 0.7 0 0.6 1 1 0.8 1 
1262307698 0 0.3 1 0 0.7 0 0.7 0 0.6 1 1 0.8 1 
1262307699 0 0.3 1 0 0.7 0 0.7 0 0.6 1 1 0.8 1 
1262307702 0 0.3 1 0 0.7 0 0.7 0 0.6 1 1 0.8 1 
1262307704 0 0.3 1 0 0.7 0 0.7 0 0.6 1 1 0.8 1 
1262307712 0 0.3 1 0 0.7 0 0.7 0 0.6 1 1 0.8 1 
1262307748 0 0.3 1 0 0.7 0 0.7 0 0.6 1 1 0.8 1 
1262307777 0 0.3 1 0 0.7 0 0.7 0 0.6 1 0.5 0.8 1 
1262307783 0 0.3 1 0 0.7 0 0.2 0 0.6 1 0.5 0.8 1 
1262307785 0 0.3 1 0 0.7 0 0.2 0.4 0.6 1 0.5 0.8 1 
1262307789 0 0.3 1 0 0.7 0 0.2 0.4 0.6 1 0.5 0.8 1 
1262307798 0 0.3 1 0 0.7 0 0.2 0.4 0.6 1 0.5 0.8 1 
1262307799 0 0.3 1 0 0.7 0 0.2 0.4 0.6 1 0.5 0.8 1 
1262307802 0 0.3 1 0 0.7 0 0.2 0.4 0.6 1 0.5 0.8 1 
1262307804 0 0.3 1 0 0.2 0 0.2 0.4 0.6 1 0.5 0.8 1 
1262307812 0 0.3 1 0 0.2 0 0.2 0.4 0.6 1 0.5 0.8 1 
1262307877 0 0.3 1 0 0.2 0 0.2 0.4 0.6 1 0.5 0.8 1 
1262307883 0 0.3 1 0 0.2 0 0.2 0.4 0.6 1 0.5 0.8 1 
1262307885 0 0.3 1 0 0.2 0 0.2 0.4 0.6 1 0.5 0.8 1 
1262307889 0 0.3 1 0 0.2 0 0.2 0.4 0.6 1 0.5 0.8 1 
1262307898 0 0.3 1 0 0.2 0 0.2 0.4 0.6 1 0.5 0.8 1 
1262307899 0 0.3 1 0 0.2 0 0.2 0.4 0.6 1 0.5 0.8 1 
1262307902 0 0.3 1 0 0.2 0 0.2 0.4 0.6 1 0.5 0.8 1 
1262307904 0 0.3 1 0 0.2 0.2 0.2 0.4 0.6 0.2 0.5 0.8 1 
1262307912 0 0.3 1 0 0.2 0.2 0.2 0.4 0.8 0.2 0.5 0.8 1 
1262307977 0 0.3 1 0 0.2 0.2 0.2 0.4 0.8 0.2 0.9 0.8 1 
1262307983 0 0.3 1 0 0.2 0.2 0.2 0.4 0.8 0.2 0.9 0.8 1 
1262307985 0 0.3 1 0 0.2 0.2 0.2 0.4 0.8 0.2 0.9 0.8 1 
1262307989 0 0.3 1 0 0.2 0.2 0.2 0.4 0.8 0.2 0.9 0.8 1 
1262307998 0 0.3 1 0 0.2 0.2 0.2 0.4 0.8 0.2 0.9 0.8 1 
1262307999 0 0.3 1 0 0.2 0.2 0.2 0.4 0.8 0.2 0.9 0.8 1 
1262308002 0 0.3 1 0 0.2 0.2 0.2 0.4 0.8 0.2 0.9 0.8 1 
1262308004 0 0.3 1 0 0.2 0.2 0.2 0.4 0.8 0.2 0.9 0.8 1 
1262308005 0 0.3 1 0 0.2 0.2 0.2 0.4 0.8 0.2 0.9 1 1 
1262308012 0 0.3 1 0 0.2 0.2 0.2 0.4 0.5 0.2 0.9 1 1 
1262308083 0 0.3 1 0 0.2 0.2 0.2 0.4 0.5 0.2 0.9 1 1 
1262308085 0 0.3 1 0 0.2 0.2 0.2 0.4 0.5 0.2 0.9 1 1 
1262308089 0 0.3 1 0 0.2 0.2 0.2 0.4 0.5 0.2 0.9 1 1 
1262308098 0 0.3 1 0 0.2 0.2 0.2 0.4 0.5 0.2 0.9 1 1 
1262308099 0 0.3 1 0 0.2 0.2 0.2 0.4 0.5 0.2 0.9 1 1 
1262308102 0 0.3 1 0 0.2 0.2 0.2 0.4 0.5 0.2 0.9 1 1 
1262308104 0 0.3 1 0 0.2 0.2 0.2 0.4 0.5 0.2 0.9 1 1 
1262308112 0 0.3 1 0 0.2 0.2 0.2 0.4 0.5 0.2 0.9 1 1 
1262308183 0 0.3 1 0 0.2 0.2 0.2 0.4 0.5 0.2 0.9 1 1 
1262308185 0 0.3 1 0 0.2 0.2 0.2 0 0.5 0.2 0.9 1 1 
1262308189 0 0.3 1 0 0.2 0.2 0.2 0 0.5 0.2 0.9 1 1 
1262308198 0 0.3 1 0 0.2 0.2 0.2 0 0.5 0.2 0.9 1 1 
1262308199 0 0.3 1 0 0.2 0.2 0.2 0 0.5 0.2 0.9 1 1 
1262308202 0 0.3 1 0 0.2 0.2 0.2 0 0.5 0.2 0.9 1 1 
1262308203 0 0.3 1 0 0.2 0.2 0.2 0 0.5 0.2 0.9 1 1 
1262308204 0 0.3 1 0 0.2 0.2 0.2 0 0.5 0.2 0.9 1 1 
1262308212 0 0.3 1 0 0.2 0.2 0.2 0 1 0.2 0.9 1 1 
1262308224 0 0.3 1 0 0.2 0.2 0.2 0 1 0.2 1 1 1 
1262308283 0 0.3 1 0 0.2 0.2 0.2 0 1 0.2 1 1 1 
1262308285 0 0.3 1 0 0.2 0.2 0.2 0 1 0.2 1 1 1 
1262308289 0 0.3 1 0 0.2 0.2 0.2 0 1 0.2 1 1 1 
1262308298 0 0.3 1 0 0.2 0.2 0.2 0 1 0.2 1 1 1 
1262308299 0 0.5 1 0 0.2 0.2 0.2 0 1 0.2 1 1 1 
1262308302 0 0.5 1 0 0.2 0.2 0.2 0 1 0.2 1 1 1 
1262308303 0 0.5 1 0 0.2 0.2 0.2 0 1 0.2 1 1 1 
1262308304 0 0.5 1 0 0.2 0 0.2 0 1 0.5 1 1 1 
1262308312 0 0.5 1 0 0.2 0 0.2 0 1 0.5 1 1 1 
1262308324 0 0.5 1 0 0.2 0 0.2 0 1 0.5 1 1 1 
1262308383 0 0.5 1 0 0.2 0 0.8 0 1 0.5 1 1 1 
1262308385 0 0.5 1 0 0.2 0 0.8 0 1 0.5 1 1 1 
1262308389 0 0.5 1 0 0.2 0 0.8 0 1 0.5 1 1 1 
1262308398 0 0.5 1 0 0.2 0 0.8 0 1 0.5 1 1 1 
1262308399 0 1 1 0 0.2 0 0.8 0 1 0.5 1 1 1 
1262308402 0 1 1 0 0.2 0 0.8 0 1 0.5 1 1 1 
1262308404 0 1 1 0 0.2 0 0.8 0 1 0.8 1 1 1 
1262308412 0 1 1 0 0.2 0 0.8 0 1 0.8 1 1 1 
1262308424 0 1 1 0 0.2 0 0.8 0 1 0.8 1 1 1 
1262308483 0 1 1 0 0.2 0 0.8 0 1 0.8 1 1 1 
1262308485 0 1 1 0 0.2 0 0.8 0 1 0.8 1 1 1 
1262308489 0 1 1 0 0.2 0 0.8 0 1 0.8 1 1 1 
1262308498 0 1 1 0 0.2 0 0.8 0 1 0.8 1 1 1 
1262308499 0 1 1 0 0.2 0 0.8 0 1 0.8 1 1 1 
