arrived:	node1#13	1
arrived:	node3#43	1
arrived:	node3#34	1
arrived:	node1#14	1
arrived:	node1#25	1
arrived:	node3#37	1
arrived:	node3#42	1
NOTIFS:
node3	:	60	sent
node1	:	60	sent
SUBS:
on	node1
	node1	:	3	received
on	node3
	node3	:	4	received
1262304604 0 0 1 0 0 - 0 - 1 - - - - 
1262304704 0 0 1 0 0 0 0 0 1 - - 0 - 
1262304804 0 0.5 1 0.33333333333333 0.33333333333333 0 0 0 0.33333333333333 - - 0.5 1 
1262304904 0 0.5 1 0.33333333333333 0.16666666666667 0 0 0 0.33333333333333 1 1 0.5 1 
1262305004 0 0.5 1 0.33333333333333 0.16666666666667 0 0 0 0.33333333333333 1 1 0.875 1 
1262305104 0 0.5 1 0.33333333333333 0.16666666666667 0 0 0 0.33333333333333 1 1 0.9 1 
1262305175 0 0.5 1 0.33333333333333 0.16666666666667 0 0 0 0.33333333333333 1 1 0.9 1 
1262305204 0 0.5 1 0.1 0.16666666666667 0 0 0 0.77777777777778 1 1 0.9 1 
1262305270 0 0.5 1 0.1 0.16666666666667 0 0 0 0.77777777777778 1 1 0.9 1 
1262305275 0 0.5 1 0.1 0.16666666666667 0 0 0 0.77777777777778 1 1 0.9 1 
1262305304 0 0.9 1 0 0.16666666666667 0 0 0 0.9 1 1 1 1 
1262305375 0 0.9 1 0 0.16666666666667 0 0 0 0.9 1 1 1 1 
1262305404 0 0.9 1 0 0 0 0 0 1 1 1 1 1 
1262305475 0 0.9 1 0 0 0 0 0 1 1 1 1 1 
1262305504 0 0.9 1 0 0 0 0 0 1 1 1 1 1 
1262305575 0 0.9 1 0 0 0 0 0 1 1 1 1 1 
1262305604 0 0.9 1 0 0 0 0 0 1 1 1 1 1 
1262305675 0 0.9 1 0 0 0 0.3 0 1 1 1 1 1 
1262305704 0 1 1 0 0 0 0.3 0 1 1 1 0.8 1 
1262305775 0 1 1 0 0 0 0.2 0 1 1 1 0.8 1 
1262305781 0 1 1 0 0 0 0.2 0 1 1 1 0.8 1 
1262305804 0 0.2 1 0.1 0.2 0 0.2 0 1 1 1 0.8 1 
1262305875 0 0.2 1 0.1 0.2 0 0.2 0 1 1 1 0.8 1 
1262305881 0 0.2 1 0.1 0.2 0 0.2 0 1 1 1 0.8 1 
1262305904 0 0.2 1 0.2 0.2 0.1 0.2 0 1 1 1 0.8 1 
1262305975 0 0.2 1 0.2 0.2 0.1 0.2 0 1 1 1 0.8 1 
1262305981 0 0.2 1 0.2 0.2 0.1 0.2 0.1 1 1 1 0.8 1 
1262305994 0 0.2 1 0.2 0.2 0.1 0.2 0.1 1 1 1 0.8 1 
1262306004 0 0.3 1 0.2 0.2 0.1 0.2 0.1 0.2 1 1 0.7 1 
1262306075 0 0.3 1 0.2 0.2 0.1 0.2 0.1 0.2 1 1 0.7 1 
1262306081 0 0.3 1 0.2 0.2 0.1 0.2 0.1 0.2 1 1 0.7 1 
1262306094 0 0.3 1 0.2 0.2 0.1 0.2 0.1 0.2 1 1 0.7 1 
1262306104 0 0.3 1 0.2 0.2 0.1 0.2 0.1 0.9 1 1 0.9 1 
1262306152 0 0.3 1 0.3 0.2 0.1 0.2 0.1 0.9 1 1 0.9 1 
1262306175 0 0.3 1 0.3 0.2 0.1 0.2 0.1 0.9 1 1 0.9 1 
1262306181 0 0.3 1 0.3 0.2 0.1 0.2 0.1 0.9 1 1 0.9 1 
1262306204 0 0.8 1 0.3 0.2 0.1 0.2 0.1 1 1 1 1 1 
1262306252 0 0.8 1 0.3 0.2 0.1 0.2 0.1 1 1 1 1 1 
1262306275 0 0.8 1 0.3 0.2 0.1 0.2 0.1 1 1 1 1 1 
1262306281 0 0.8 1 0.3 0.2 0.1 0.2 0.2 1 1 1 1 1 
1262306304 0 0.8 1 0.3 0.4 0.1 0.2 0.2 1 1 0.9 1 1 
1262306352 0 0.8 1 0 0.4 0.1 0.2 0.2 1 1 0.9 1 1 
1262306374 0 0.8 1 0 0.4 0.1 0.2 0.2 1 1 0.9 1 1 
1262306375 0 0.8 1 0 0.4 0.1 0.3 0.2 1 1 0.9 1 1 
1262306381 0 0.8 1 0 0.4 0.1 0.3 0.2 1 1 0.9 1 1 
1262306404 0 0.8 1 0 0.4 0.2 0.3 0.2 1 1 0.8 1 1 
1262306452 0 0.8 1 0 0.4 0.2 0.3 0.2 1 1 0.8 1 1 
1262306474 0 0.8 1 0 0.4 0.2 0.3 0.2 1 1 0.8 1 1 
1262306475 0 0.8 1 0 0.4 0.2 0.3 0.2 1 1 0.8 1 1 
1262306481 0 0.8 1 0 0.4 0.2 0.3 0.2 1 1 0.8 1 1 
1262306489 0 0.8 1 0 0.4 0.2 0.3 0.2 1 1 0.8 1 1 
1262306504 0 0.8 1 0 0.4 0.2 0.3 0.2 1 1 0.8 1 1 
1262306552 0 0.8 1 0 0.4 0.2 0.3 0.2 1 1 0.8 1 1 
1262306574 0 0.8 1 0 0.4 0.2 0.3 0.2 1 1 0.8 1 1 
1262306575 0 0.8 1 0 0.4 0.2 0 0.2 1 1 0.8 1 1 
1262306581 0 0.8 1 0 0.4 0.2 0 0 1 1 0.8 1 1 
1262306589 0 0.8 1 0 0.4 0.2 0 0 1 1 0.8 1 1 
1262306604 0 0.8 1 0 0 0.2 0 0 1 1 0.8 1 1 
1262306652 0 0.8 1 0 0 0.2 0 0 1 1 0.8 1 1 
1262306674 0 0.8 1 0 0 0.2 0 0 1 1 0.8 1 1 
1262306675 0 0.8 1 0 0 0.2 0 0 1 1 0.8 1 1 
1262306681 0 0.8 1 0 0 0.2 0 0 1 1 0.8 1 1 
1262306689 0 0.8 1 0 0 0.2 0 0 1 1 0.8 1 1 
1262306704 0 0.8 1 0 0 0.2 0 0 1 1 0.8 1 1 
1262306717 0 0.8 1 0 0 0.2 0 0 1 1 0.8 1 1 
1262306738 0 0.8 1 0 0 0.2 0 0 1 1 0.8 1 1 
1262306752 0 0.8 1 0 0 0.2 0 0 1 1 0.8 1 1 
1262306774 0 0.8 1 0 0 0.2 0 0 1 0.9 0.8 1 1 
1262306781 0 0.8 1 0 0 0.2 0 0 1 0.9 0.8 1 1 
1262306789 0 0.8 1 0 0 0.2 0 0 1 0.9 0.8 1 1 
1262306804 0 0.9 1 0 0 1 0 0 1 0.9 1 1 1 
1262306817 0 0.9 1 0 0 1 0 0 0.4 0.9 1 1 1 
1262306838 0 0.9 1 0 0 1 0 0 0.4 0.9 1 1 1 
1262306852 0 0.9 1 0 0 1 0 0 0.4 0.9 1 1 1 
1262306870 0 0.9 1 0 0 1 0 0 0.4 0.9 1 1 1 
1262306874 0 0.9 1 0 0 1 0 0 0.4 1 1 1 1 
1262306881 0 0.9 1 0 0 1 0 0 0.4 1 1 1 1 
1262306889 0 0.9 1 0 0 1 0 0 0.4 1 1 1 1 
1262306904 0 0.4 1 0 0 0.6 0 0 0.4 1 0.5 0.9 1 
1262306917 0 0.4 1 0 0 0.6 0 0 0.7 1 0.5 0.9 1 
1262306938 0 0.4 1 0 0 0.6 0 0 0.7 1 0.5 0.9 1 
1262306952 0 0.4 1 0.2 0 0.6 0 0 0.7 1 0.5 0.9 1 
1262306970 0 0.4 1 0.2 0 0.6 0 0 0.7 1 0.5 0.9 1 
1262306974 0 0.4 1 0.2 0 0.6 0 0 0.7 1 0.5 0.9 1 
1262306981 0 0.4 1 0.2 0 0.6 0 0 0.7 1 0.5 0.9 1 
1262306989 0 0.4 1 0.2 0 0.6 0 0 0.7 1 0.5 0.9 0.6 
1262307004 0 0.4 1 0.2 0 0.3 0 0 0.7 1 0.6 0.9 0.6 
1262307017 0 0.4 1 0.2 0 0.3 0 0 0.7 1 0.6 0.9 0.6 
1262307038 0 0.4 1 0.2 0 0.3 0 0 0.7 1 0.6 0.9 0.6 
1262307052 0 0.4 1 0.2 0 0.3 0 0 0.7 1 0.6 0.9 0.6 
1262307070 0 0.4 1 0.2 0 0.3 0 0 0.7 1 0.6 0.9 0.6 
1262307074 0 0.4 1 0.2 0 0.3 0 0 0.7 1 0.6 0.9 0.6 
1262307081 0 0.4 1 0.2 0 0.3 0 0 0.7 1 0.6 0.9 0.6 
1262307089 0 0.4 1 0.2 0 0.3 0 0 0.7 1 0.6 0.9 0.4 
1262307104 0 0 1 0.2 0.1 0.3 0 0 0.7 1 0.6 1 0.4 
1262307117 0 0 1 0.2 0.1 0.3 0 0 0.7 1 0.6 1 0.4 
1262307138 0 0 1 0.2 0.1 0.3 0 0 0.7 1 0.6 1 0.4 
1262307152 0 0 1 0 0.1 0.3 0 0 0.7 1 0.6 1 0.4 
1262307170 0 0 1 0 0.1 0.3 0 0 0.7 1 0.6 1 0.4 
1262307174 0 0 1 0 0.1 0.3 0 0 0.7 1 0.6 1 0.4 
1262307181 0 0 1 0 0.1 0.3 0 0 0.7 1 0.6 1 0.4 
1262307189 0 0 1 0 0.1 0.3 0 0 0.7 1 0.6 1 0.4 
1262307204 0 0 1 0 0.1 0.3 0 0 0.7 1 1 1 0.4 
1262307238 0 0 1 0 0.1 0.3 0 0 0.7 1 1 1 0.4 
1262307252 0 0 1 0 0.1 0.3 0 0 0.7 1 1 1 0.4 
1262307270 0 0 1 0 0.1 0.3 0 0 0.7 1 1 1 0.4 
1262307274 0 0 1 0 0.1 0.3 0 0 0.7 1 1 1 0.4 
1262307276 0 0 1 0 0.1 0.3 0 0 1 1 1 1 0.4 
1262307281 0 0 1 0 0.1 0.3 0 0 1 1 1 1 0.4 
1262307289 0 0 1 0 0.1 0.3 0 0 1 1 1 1 0.4 
1262307304 0 0 1 0 0.1 0.3 0 0 1 1 1 1 0.4 
1262307319 0 0 1 0 0.1 0.3 0 0 1 1 1 1 0.4 
1262307338 0 0 1 0 0.1 0.3 0 0 1 1 1 1 0.4 
1262307352 0 0 1 0 0.1 0.3 0 0 1 1 1 1 0.4 
1262307370 0 0 1 0 0.1 0.3 0 0 1 1 1 1 0.4 
1262307374 0 0 1 0 0.1 0.3 0 0 1 1 1 1 0.4 
1262307376 0 0 1 0 0.1 0.3 0 0 1 1 1 1 0.4 
1262307381 0 0 1 0 0.1 0.3 0 0.6 1 1 1 1 0.4 
1262307389 0 0 1 0 0.1 0.3 0 0.6 1 1 1 1 0.9 
1262307404 0 0 1 0 0 0.2 0 0.6 1 1 1 1 0.9 
1262307419 0 0 1 0 0 0.2 0 0.6 1 1 1 1 0.9 
1262307438 0 0 1 0 0 0.2 0 0.6 1 1 1 1 0.9 
1262307452 0 0 1 0 0 0.2 0 0.6 1 1 1 1 0.9 
1262307470 0 0 1 0 0 0.2 0 0.6 1 1 1 1 0.9 
1262307474 0 0 1 0 0 0.2 0 0.6 1 1 1 1 0.9 
1262307481 0 0 1 0 0 0.2 0 0.6 1 1 1 1 0.9 
1262307489 0 0 1 0 0 0.2 0 0.6 1 1 1 1 0.9 
1262307504 0 0 1 0 0 0.2 0 0.6 1 1 1 1 0.9 
1262307519 0 0 1 0 0 0.2 0 0.6 1 1 1 1 0.9 
1262307538 0 0 1 0 0 0.2 0 0.6 1 1 1 1 0.9 
1262307552 0 0 1 0 0 0.2 0 0.6 1 1 1 1 0.9 
1262307570 0 0 1 0 0 0.2 0 0.6 0.6 1 1 1 0.9 
1262307574 0 0 1 0 0 0.2 0 0.6 0.6 1 1 1 0.9 
1262307581 0 0 1 0 0 0.2 0 0.6 0.6 1 1 1 0.9 
1262307601 0 0 1 0 0 0.2 0 0.6 0.6 1 1 1 0.9 
1262307604 0 0 1 0 0 0.2 0 0.6 0.6 1 1 0.8 0.9 
1262307605 0 0 1 0 0 0.2 0 0.6 0.6 1 1 0.8 0.9 
1262307619 0 0.8 1 0 0 0.2 0 0.6 0.6 1 1 0.8 0.9 
1262307638 0 0.8 1 0 0 0.2 0 0.6 0.6 1 1 0.8 0.9 
1262307652 0 0.8 1 0 0 0.2 0 0.6 0.6 1 1 0.8 0.9 
1262307670 0 0.8 1 0 0 0.2 0 0.6 0.8 1 1 0.8 0.9 
1262307674 0 0.8 1 0 0 0.2 0 0.6 0.8 0.9 1 0.8 0.9 
1262307681 0 0.8 1 0 0 0.2 0 0.6 0.8 0.9 1 0.8 0.9 
1262307701 0 0.8 1 0 0 0.2 0 0.1 0.8 0.9 1 0.8 0.9 
1262307704 0 0.8 1 0 0 0.2 0 0.1 0.8 0.9 1 0.8 0.9 
1262307705 0 0.8 1 0 0 0.2 0 0.1 0.8 0.9 0.8 0.8 0.9 
1262307719 0 0.7 1 0 0 0.2 0 0.1 0.8 0.9 0.8 0.8 0.9 
1262307730 0 0.7 1 0 0 0.2 0 0.1 0.8 0.9 0.8 0.8 0.9 
1262307738 0 0.7 1 0 0 0.2 0 0.1 0.8 0.9 0.8 0.8 0.9 
1262307752 0 0.7 1 0 0 0.2 0 0.1 0.8 0.9 0.8 0.8 0.9 
1262307770 0 0.7 1 0 0 0.2 0 0.1 1 0.9 0.8 0.8 0.9 
1262307774 0 0.7 1 0 0 0.2 0 0.1 1 0.9 0.8 0.8 0.9 
1262307781 0 0.7 1 0 0 0.2 0 0.1 1 0.9 0.8 0.8 0.9 
1262307801 0 0.7 1 0 0 0.2 0 0.1 1 0.9 0.8 0.8 0.9 
1262307804 0 0.7 1 0 0.3 0.4 0 0.1 1 0.9 0.8 1 0.9 
1262307805 0 0.7 1 0 0.3 0.4 0 0.1 1 0.9 0.4 1 0.9 
1262307819 0 0.7 1 0 0.3 0.4 0 0.1 1 0.9 0.4 1 0.9 
1262307830 0 0.7 1 0 0.3 0.4 0 0.1 1 0.9 0.4 1 1 
1262307838 0 0.7 1 0 0.3 0.4 0 0.1 1 0.9 0.4 1 1 
1262307852 0 0.7 1 0 0.3 0.4 0 0.1 1 0.9 0.4 1 1 
1262307870 0 0.7 1 0 0.3 0.4 0 0.1 1 0.9 0.4 1 1 
1262307874 0 0.7 1 0 0.3 0.4 0 0.1 1 0.9 0.4 1 1 
1262307881 0 0.7 1 0 0.3 0.4 0 0.1 1 0.9 0.4 1 1 
1262307901 0 0.7 1 0 0.3 0.4 0 0 1 0.9 0.4 1 1 
1262307904 0 0.7 1 0 0.3 0.1 0 0 1 0.9 0.4 1 1 
1262307905 0 0.7 1 0 0.3 0.1 0 0 1 0.9 0.4 1 1 
1262307919 0 0.3 1 0 0.3 0.1 0 0 1 0.9 0.4 1 1 
1262307930 0 0.3 1 0 0.3 0.1 0 0 1 0.9 0.4 1 1 
1262307952 0 0.3 1 0 0.3 0.1 0 0 1 0.9 0.4 1 1 
1262307970 0 0.3 1 0 0.3 0.1 0 0 1 0.9 0.4 1 1 
1262307974 0 0.3 1 0 0.3 0.1 0 0 1 1 0.4 1 1 
1262307981 0 0.3 1 0 0.3 0.1 0 0 1 1 0.4 1 1 
1262308001 0 0.3 1 0 0.3 0.1 0 0 1 1 0.4 1 1 
1262308004 0 0.3 1 0 0.3 0.1 0 0 1 1 0.4 1 1 
1262308005 0 0.3 1 0 0.3 0.1 0 0 1 1 0.3 1 1 
1262308019 0 0.1 1 0 0.3 0.1 0 0 1 1 0.3 1 1 
1262308030 0 0.1 1 0 0.3 0.1 0 0 1 1 0.3 1 1 
1262308052 0 0.1 1 0 0.3 0.1 0 0 1 1 0.3 1 1 
1262308056 0 0.1 1 0 0.3 0.1 0 0 1 1 0.3 1 1 
1262308070 0 0.1 1 0 0.3 0.1 0 0 1 1 0.3 1 1 
1262308074 0 0.1 1 0 0.3 0.1 0 0 1 1 0.3 1 1 
1262308081 0 0.1 1 0 0.3 0.1 0 0 1 1 0.3 1 1 
1262308101 0 0.1 1 0 0.3 0.1 0 0 1 1 0.3 1 1 
1262308104 0 0.1 1 0 0 0 0 0 1 1 0.3 1 1 
1262308105 0 0.1 1 0 0 0 0 0 1 1 0.7 1 1 
1262308119 0 0.1 1 0 0 0 0 0 1 1 0.7 1 1 
1262308130 0 0.1 1 0 0 0 0 0 1 1 0.7 1 1 
1262308152 0 0.1 1 0 0 0 0 0 1 1 0.7 1 1 
1262308156 0 0.1 1 0 0 0 0 0 1 1 0.7 1 1 
1262308170 0 0.1 1 0 0 0 0 0 1 1 0.7 1 1 
1262308174 0 0.1 1 0 0 0 0 0 1 1 0.7 1 1 
1262308181 0 0.1 1 0 0 0 0 0 1 1 0.7 1 1 
1262308201 0 0.1 1 0 0 0 0 0 1 1 0.7 1 1 
1262308204 0 0.1 1 0 0 0 0 0 1 1 0.7 1 1 
1262308205 0 0.1 1 0 0 0 0 0 1 1 0.9 1 1 
1262308211 0 0.1 1 0 0 0 0 0 1 1 0.9 1 1 
1262308219 0 0.6 1 0 0 0 0 0 1 1 0.9 1 1 
1262308230 0 0.6 1 0 0 0 0 0 1 1 0.9 1 1 
1262308252 0 0.6 1 0 0 0 0 0 1 1 0.9 1 1 
1262308256 0 0.6 1 0 0 0 0 0 1 1 0.9 1 1 
1262308270 0 0.6 1 0 0 0 0 0 0.6 1 0.9 1 1 
1262308274 0 0.6 1 0 0 0 0 0 0.6 1 0.9 1 1 
1262308281 0 0.6 1 0 0 0 0 0 0.6 1 0.9 1 1 
1262308301 0 0.6 1 0 0 0 0 0 0.6 1 0.9 1 1 
1262308304 0 0.6 1 0 0 0 0 0 0.6 1 0.9 1 1 
1262308305 0 0.6 1 0 0 0 0 0 0.6 1 0.9 1 1 
1262308311 0 0.6 1 0 0 0 0.2 0 0.6 1 0.9 1 1 
1262308319 0 0.6 1 0 0 0 0.2 0 0.6 1 0.9 1 1 
1262308330 0 0.6 1 0 0 0 0.2 0 0.6 1 0.9 1 1 
1262308352 0 0.6 1 0 0 0 0.2 0 0.6 1 0.9 1 1 
1262308356 0 0.6 1 0 0 0 0.2 0 0.6 1 0.9 1 1 
1262308370 0 0.6 1 0 0 0 0.2 0 0.6 1 0.9 1 1 
1262308374 0 0.6 1 0 0 0 0.2 0 0.6 1 0.9 1 1 
1262308381 0 0.6 1 0 0 0 0.2 0 0.6 1 0.9 1 1 
1262308401 0 0.6 1 0 0 0 0.2 0 0.6 1 0.9 1 1 
1262308404 0 0.6 1 0 0 0 0.2 0 0.6 1 0.9 1 1 
1262308405 0 0.6 1 0 0 0 0.2 0 0.6 1 0.9 1 1 
1262308411 0 0.6 1 0 0 0 0.2 0 0.6 1 0.9 1 1 
1262308430 0 0.6 1 0 0 0 0.2 0 0.6 1 0.9 1 1 
1262308435 0 0.6 1 0 0 0 0.2 0 0.6 1 0.9 1 1 
1262308452 0 0.6 1 0 0 0 0.2 0 0.6 1 0.9 1 1 
1262308456 0 0.6 1 0 0 0 0.2 0 0.6 1 0.9 1 1 
1262308470 0 0.6 1 0 0 0 0.2 0 0.6 1 0.9 1 1 
1262308474 0 0.6 1 0 0 0 0.2 0 0.6 1 0.9 1 1 
1262308481 0 0.6 1 0 0 0 0.2 0 0.6 1 0.9 1 1 
