arrived:	node1#16	1
NOTIFS:
node3	:	60	sent
node1	:	60	sent
SUBS:
on	node1
	node1	:	1	received
on	node3
	node3	:	0	received
1262304604 0 - 1 - - - - - - 1 - 1 1 
1262304704 0 - 1 - - - - - 1 1 - 1 1 
1262304705 0 - 1 - - - - - 1 1 - 1 1 
1262304804 0 - 1 - - - - - 1 1 1 1 1 
1262304805 0 - 1 - - - - - 1 1 1 1 1 
1262304904 0 - 1 - - - - 0 1 1 1 1 1 
1262304905 0 - 1 - - - - 0 1 1 1 1 1 
1262305004 0 1 1 - - - 1 0 1 1 1 1 1 
1262305005 0 1 1 - - - 1 0 1 1 1 1 1 
1262305070 0 1 1 - - - 1 0 1 1 1 1 1 
1262305104 0 1 1 0 1 0.1 0.3 0 1 1 1 1 1 
1262305105 0 1 1 0 1 0.1 0.3 0 1 1 1 1 1 
1262305170 0 1 1 0 1 0.1 0.3 0 1 1 1 1 1 
1262305204 0 1 1 0 1 0.1 0.2 0 1 1 1 1 1 
1262305205 0 1 1 0 1 0.1 0.2 0 1 1 1 1 1 
1262305251 0 1 1 0 1 0.1 0.2 0 1 1 1 1 1 
1262305270 0 1 1 0 1 0.1 0.2 0 1 1 1 1 1 
1262305304 0 0.3 1 0 1 0.1 0 0 1 1 1 1 1 
1262305305 0 0.3 1 0 1 0.1 0 0 1 1 1 1 1 
1262305351 0 0.3 1 0 1 0.1 0 0 1 1 1 1 1 
1262305370 0 0.3 1 0 1 0.1 0 0 1 1 1 1 1 
1262305404 0 0.3 1 0 0 0.1 0 0 1 1 1 1 1 
1262305405 0 0.3 1 0 0 0.1 0 0 1 1 1 1 1 
1262305451 0 0.3 1 0 0 0.1 0 0 1 1 1 1 1 
1262305456 0 0.3 1 0 0 0.1 0 0 1 1 1 1 1 
1262305470 0 0.3 1 0 0 0.1 0 0 1 1 1 1 1 
1262305504 0 0.5 1 0 0 0.1 0.3 0 1 1 1 1 0.6 
1262305505 0 0.5 1 0 0 0.1 0.3 0 1 1 1 1 0.6 
1262305551 0 0.5 1 0 0 0.1 0.3 0 1 1 1 1 0.6 
1262305556 0 0.5 1 0 0 0 0.3 0 1 1 1 1 0.6 
1262305570 0 0.5 1 0 0 0 0.3 0 1 1 1 1 0.6 
1262305604 0 0.6 1 0 0 0 0.5 0 1 1 1 1 0.7 
1262305605 0 0.6 1 0 0 0 0.5 0 1 1 1 0.7 0.7 
1262305651 0 0.6 1 0 0 0 0.5 0 1 1 1 0.7 0.7 
1262305656 0 0.6 1 0 0 0 0.5 0 1 1 1 0.7 0.7 
1262305670 0 0.6 1 0 0 0 0.5 0 1 1 1 0.7 0.7 
1262305704 0 0.3 1 0.1 0 0 0.5 0 1 1 1 0.7 0.7 
1262305705 0 0.3 1 0.1 0 0 0.5 0 1 1 1 0.7 0.7 
1262305751 0 0.3 1 0.1 0 0 0.5 0 1 1 1 0.7 0.7 
1262305756 0 0.3 1 0.1 0 0 0.5 0 1 1 1 0.7 0.7 
1262305770 0 0.3 1 0.1 0 0 0.5 0 1 1 0.8 0.7 0.7 
1262305804 0 0.3 1 0.1 0 0 0.5 0 1 1 0.8 0.7 1 
1262305805 0 0.3 1 0.1 0 0 0.5 0 1 1 0.8 1 1 
1262305851 0 0.3 1 0.1 0 0 0.5 0 1 1 0.8 1 1 
1262305856 0 0.3 1 0.1 0 0 0.5 0 1 1 0.8 1 1 
1262305870 0 0.3 1 0.1 0 0 0.5 0 1 1 0.8 1 1 
1262305904 0 0.3 1 0.1 0 0 0.2 0 1 1 0.8 1 1 
1262305905 0 0.3 1 0.1 0 0 0.2 0 1 1 0.8 1 1 
1262305951 0 0.3 1 0.1 0 0 0.2 0 1 1 0.8 1 1 
1262305956 0 0.3 1 0.1 0 0 0.2 0 1 1 0.8 1 1 
1262305970 0 0.3 1 0.1 0 0 0.2 0 1 1 0.8 1 1 
1262306004 0 0.3 1 0.1 0 0 0.2 0 1 1 0.8 1 1 
1262306005 0 0.3 1 0.1 0 0 0.2 0 1 1 0.8 1 1 
1262306051 0 0.3 1 0.1 0 0 0.2 0 1 1 0.8 1 1 
1262306056 0 0.3 1 0.1 0 0 0.2 0 1 1 0.8 1 1 
1262306104 0 0.3 1 0 0 0 0 0 0.9 1 0.8 1 1 
1262306105 0 0.3 1 0 0 0 0 0 0.9 1 0.8 1 1 
1262306156 0 0.3 1 0 0 0 0 0 0.9 1 0.8 1 1 
1262306168 0 0.3 1 0 0 0 0 0 0.9 1 0.8 1 1 
1262306204 0 0.8 1 0 0 0 0 0 0.9 1 0.8 1 1 
1262306205 0 0.8 1 0 0 0 0 0 0.9 1 0.8 1 1 
1262306256 0 0.8 1 0 0 0 0 0 0.9 1 0.8 1 1 
1262306268 0 0.8 1 0 0 0 0 0 0.9 1 0.9 1 1 
1262306289 0 0.8 1 0 0 0 0 0 0.9 1 0.9 1 1 
1262306304 0 0.9 1 0 0 0 0 0 0.9 1 0.9 1 1 
1262306305 0 0.9 1 0 0 0 0 0 0.9 1 0.9 1 1 
1262306356 0 0.9 1 0 0 0 0 0 0.9 1 0.9 1 1 
1262306368 0 0.9 1 0 0 0 0 0 0.9 1 0.9 1 1 
1262306389 0 0.9 1 0 0 0 0 0 0.9 1 0.9 1 1 
1262306404 0 0.4 1 0 0 0 0 0.1 0.9 1 0.9 1 1 
1262306405 0 0.4 1 0 0 0 0 0.1 0.9 1 0.9 1 1 
1262306456 0 0.4 1 0 0 0 0 0.1 0.9 1 0.9 1 1 
1262306468 0 0.4 1 0 0 0 0 0.1 0.9 1 0.9 1 1 
1262306489 0 0.4 1 0 0 0 0 0.1 0.9 1 0.9 1 1 
1262306504 0 0.3 1 0 0 0 0 0.3 1 0.4 0.9 1 1 
1262306505 0 0.3 1 0 0 0 0 0.3 1 0.4 0.9 1 1 
1262306556 0 0.3 1 0 0 0 0 0.3 1 0.4 0.9 1 1 
1262306589 0 0.3 1 0 0 0 0 0.3 1 0.4 0.9 1 1 
1262306604 0 0.3 1 0.1 0 0 0 0.1 1 0.9 0.9 1 1 
1262306605 0 0.3 1 0.1 0 0 0 0.1 1 0.9 0.9 1 1 
1262306656 0 0.3 1 0.1 0 0 0 0.1 1 0.9 0.9 1 1 
1262306689 0 0.3 1 0.1 0 0 0 0.1 1 0.9 0.9 1 1 
1262306704 0 0.9 1 0.1 0 0 0 0.1 1 0.9 0.9 1 1 
1262306705 0 0.9 1 0.1 0 0 0 0.1 1 0.9 0.9 1 1 
1262306733 0 0.9 1 0.1 0 0 0 0.1 1 0.9 0.9 1 1 
1262306756 0 0.9 1 0.1 0 0 0 0.1 1 0.9 0.9 1 1 
1262306789 0 0.9 1 0.1 0 0 0 0.1 1 0.9 0.9 1 1 
1262306804 0 0.4 1 0.1 0 0 0 0.1 1 0.9 0.9 1 1 
1262306805 0 0.4 1 0.1 0 0 0 0.1 1 0.9 0.9 1 1 
1262306833 0 0.4 1 0.1 0 0 0 0.1 1 0.9 0.9 1 1 
1262306856 0 0.4 1 0.1 0 0 0 0.1 1 0.9 0.9 1 1 
1262306889 0 0.4 1 0.1 0 0 0 0.1 1 0.9 0.9 1 1 
1262306904 0 0.4 1 0.1 0 0 0 0.1 1 1 0.9 1 1 
1262306905 0 0.4 1 0.1 0 0 0 0.1 1 1 0.9 1 1 
1262306933 0 0.4 1 0.1 0 0 0 0.1 1 1 1 1 1 
1262306956 0 0.4 1 0.1 0 0 0 0.1 1 1 1 1 1 
1262306989 0 0.4 1 0.1 0 0 0 0.1 1 1 1 1 1 
1262307004 0 0.4 1 0.1 0 0 0 0.1 1 1 1 1 1 
1262307005 0 0.4 1 0.1 0 0 0 0.1 1 1 1 1 1 
1262307033 0 0.4 1 0.1 0 0 0 0.1 1 1 0.9 1 1 
1262307056 0 0.4 1 0.1 0 0 0 0.1 1 1 0.9 1 1 
1262307089 0 0.4 1 0.1 0 0 0 0.1 1 1 0.9 1 1 
1262307104 0 0.8 1 0.1 0 0 0.1 0 1 0.9 0.9 1 1 
1262307105 0 0.8 1 0.1 0 0 0.1 0 1 0.9 0.9 1 1 
1262307133 0 0.8 1 0.1 0 0 0.1 0 1 0.9 0.9 1 1 
1262307156 0 0.8 1 0.1 0 0 0.1 0 1 0.9 0.9 1 1 
1262307189 0 0.8 1 0.1 0 0 0.1 0 1 0.9 0.9 1 1 
1262307204 0 0.3 1 0 0 0 1 0 1 1 0.9 1 1 
1262307205 0 0.3 1 0 0 0 1 0 1 1 0.9 1 1 
1262307233 0 0.3 1 0 0 0 1 0 1 1 0.9 1 1 
1262307256 0 0.3 1 0 0 0 1 0 1 1 0.9 1 1 
1262307289 0 0.3 1 0 0 0 1 0 1 1 0.9 1 1 
1262307304 0 0.6 1 0 0 0 1 0.4 1 1 0.9 1 1 
1262307305 0 0.6 1 0 0 0 1 0.4 1 1 0.9 1 1 
1262307333 0 0.6 1 0 0 0 1 0.4 1 1 0.9 1 1 
1262307356 0 0.6 1 0 0 0 1 0.4 1 1 0.9 1 1 
1262307389 0 0.6 1 0 0 0 1 0.4 1 1 0.9 1 1 
1262307404 0 0.6 1 0 0 0 0.4 0.1 1 1 0.9 1 1 
1262307405 0 0.6 1 0 0 0 0.4 0.1 1 1 0.9 1 1 
1262307433 0 0.6 1 0 0 0 0.4 0.1 1 1 1 1 1 
1262307456 0 0.6 1 0 0 0 0.4 0.1 1 1 1 1 1 
1262307489 0 0.6 1 0 0 0 0.4 0.1 1 1 1 1 1 
1262307504 0 0.6 1 0 0 0 0.4 0.1 1 1 1 1 1 
1262307505 0 0.6 1 0 0 0 0.4 0.1 1 1 1 1 1 
1262307533 0 0.6 1 0 0 0 0.4 0.1 1 1 1 1 1 
1262307556 0 0.6 1 0 0 0 0.4 0.1 1 1 1 1 1 
1262307589 0 0.6 1 0 0 0 0.4 0.1 1 1 1 1 1 
1262307604 0 0.7 1 0 0 0 0.1 0 1 1 1 1 1 
1262307605 0 0.7 1 0 0 0 0.1 0 1 1 1 1 1 
1262307633 0 0.7 1 0 0 0 0.1 0 1 1 1 1 1 
1262307656 0 0.7 1 0 0 0 0.1 0 1 1 1 1 1 
1262307689 0 0.7 1 0 0 0 0.1 0 1 1 1 1 1 
1262307704 0 0.7 1 0 0.4 0 0.1 0 0.6 1 1 1 1 
1262307705 0 0.7 1 0 0.4 0 0.1 0 0.6 1 1 1 1 
1262307733 0 0.7 1 0 0.4 0 0.1 0 0.6 1 1 1 1 
1262307756 0 0.7 1 0 0.4 0 0.1 0 0.6 1 1 1 1 
1262307789 0 0.7 1 0 0.4 0 0.1 0 0.6 1 1 1 1 
1262307804 0 0.3 1 0 0.2 0 0 0 0.7 1 1 1 1 
1262307805 0 0.3 1 0 0.2 0 0 0 0.7 1 1 1 1 
1262307833 0 0.3 1 0 0.2 0 0 0 0.7 1 1 1 1 
1262307840 0 0.3 1 0 0.2 0 0 0 0.7 1 1 1 1 
1262307856 0 0.3 1 0 0.2 0 0 0 0.7 1 1 1 1 
1262307889 0 0.3 1 0 0.2 0 0 0 0.7 1 1 1 1 
1262307904 0 0.2 1 0 0.2 0 0 0 0.7 1 1 1 1 
1262307905 0 0.2 1 0 0.2 0 0 0 0.7 1 1 1 1 
1262307933 0 0.2 1 0 0.2 0 0 0 0.7 1 1 1 1 
1262307956 0 0.2 1 0 0.2 0.3 0 0 0.7 1 1 1 1 
1262307989 0 0.2 1 0 0.2 0.3 0 0 0.7 1 1 1 1 
1262308004 0 0.1 1 0 0.2 0.3 0 0 1 0.3 1 1 1 
1262308005 0 0.1 1 0 0.2 0.3 0 0 1 0.3 1 1 1 
1262308033 0 0.1 1 0 0.2 0.3 0 0 1 0.3 1 1 1 
1262308056 0 0.1 1 0 0.2 0.2 0 0 1 0.3 1 1 1 
1262308089 0 0.1 1 0 0.2 0.2 0 0 1 0.3 1 1 1 
1262308100 0 0.1 1 0 0.2 0.2 0 0 1 0.3 1 1 1 
1262308104 0 0.1 1 0 0.2 0.2 0 0 1 0.7 1 1 1 
1262308105 0 0.1 1 0 0.2 0.2 0 0 1 0.7 1 1 1 
1262308133 0 0.1 1 0 0.2 0.2 0 0 1 0.7 1 1 1 
1262308189 0 0.1 1 0 0.2 0.2 0 0 1 0.7 1 1 1 
1262308200 0 0.1 1 0 0.2 0.2 0 0 1 0.7 1 1 1 
1262308204 0 0.1 1 0 0.2 0.2 0 0 1 0.8 1 1 1 
1262308205 0 0.1 1 0 0.2 0.2 0 0 1 0.8 1 1 1 
1262308233 0 0.1 1 0 0.2 0.2 0 0 1 0.8 1 1 1 
1262308285 0 0.1 1 0 0.2 0.2 0 0 1 0.8 1 1 1 
1262308289 0 0.1 1 0 0.2 0.2 0 0 1 0.8 1 1 1 
1262308300 0 0.1 1 0 0.2 0.2 0 0 1 0.8 1 1 1 
1262308304 0 0.6 1 0 0.2 0.2 0.7 0 1 0.8 1 1 1 
1262308305 0 0.6 1 0 0.2 0.2 0.7 0 1 0.8 1 1 1 
1262308333 0 0.6 1 0 0.2 0.2 0.7 0 1 0.8 1 1 1 
1262308385 0 0.6 1 0 0.2 0 0.7 0 1 0.8 1 1 1 
1262308389 0 0.6 1 0 0.2 0 0.7 0 1 0.8 1 1 1 
1262308400 0 0.6 1 0 0.2 0 0.7 0 1 0.8 1 1 1 
1262308404 0 0.8 1 0 0 0 0.7 0 1 0.9 1 1 1 
1262308405 0 0.8 1 0 0 0 0.7 0 1 0.9 1 1 1 
1262308485 0 0.8 1 0 0 0 0.7 0 1 0.9 1 1 1 
1262308489 0 0.8 1 0 0 0 0.7 0 1 0.9 1 1 1 
