NOTIFS:
node3	:	60	sent
node1	:	60	sent
SUBS:
on	node1
	node1	:	0	received
on	node3
	node3	:	0	received
1262304604 0 - 1 - - - - - - - - 1 - 
1262304704 0 - 1 - - - - - - 1 1 1 - 
1262304804 0 - 1 - - - - - 1 1 1 1 - 
1262304830 0 - 1 - - - - - 1 1 1 1 - 
1262304904 0 - 1 - - - 0 - 1 1 1 1 - 
1262304930 0 - 1 - - - 0 - 1 1 1 1 - 
1262305004 0 1 1 - - - 0 0 1 1 1 1 - 
1262305030 0 1 1 - - - 0 0 1 1 1 1 - 
1262305104 0 1 1 - - - 0 0 1 1 1 1 1 
1262305130 0 1 1 - - - 0 0 1 1 1 1 1 
1262305204 0 1 1 0 - 0 0 0 1 1 1 1 1 
1262305230 0 1 1 0 - 0 0 0 1 1 1 1 1 
1262305304 0 0.75 1 0 0 0 0 0 1 1 1 1 1 
1262305330 0 0.75 1 0 0 0 0 0 1 1 1 1 1 
1262305404 0 0.6 1 0 0 0 0 0 1 1 1 1 1 
1262305430 0 0.6 1 0 0 0 0 0 1 1 1 1 1 
1262305504 0 0.42857142857143 1 0 0 0 0 0 1 1 1 1 0.2 
1262305530 0 0.42857142857143 1 0 0 0 0 0 1 1 1 1 0.2 
1262305604 0 0.42857142857143 1 0 0 0 0 0 1 1 1 1 0.2 
1262305630 0 0.42857142857143 1 0 0 0 0 0 1 1 1 1 0.2 
1262305644 0 0.42857142857143 1 0 0 0 0 0 1 1 1 1 0.2 
1262305704 0 0.42857142857143 1 0 0 0 0 0 1 1 1 1 0.2 
1262305730 0 0.42857142857143 1 0 0 0 0 0 1 1 1 1 0.2 
1262305744 0 0.42857142857143 1 0 0 0 0 0 1 1 1 1 0.2 
1262305804 0 0.42857142857143 1 0 0 0 0 0 1 1 1 1 0 
1262305830 0 0.42857142857143 1 0 0 0 0 0 1 1 1 1 0 
1262305904 0 0.9 1 0 0 0 0 0 1 1 1 1 0 
1262305930 0 0.9 1 0 0 0 0 0 1 1 1 1 0 
1262306004 0 0.9 1 0 0 0 0.5 0 1 0.5 1 1 0.6 
1262306005 0 0.9 1 0 0 0 0.5 0 1 0.5 1 1 0.6 
1262306030 0 0.9 1 0 0 0 0.5 0 1 0.5 1 1 0.6 
1262306104 0 0.9 1 0 0.5 0 0.5 0 1 0.5 1 1 1 
1262306130 0 0.9 1 0 0.5 0 0.5 0 1 0.5 1 1 1 
1262306204 0 0.9 1 0 0.7 0 0.5 0 1 0.5 1 1 1 
1262306230 0 0.9 1 0 0.7 0 0.5 0 1 0.5 1 1 1 
1262306286 0 0.9 1 0 0.7 0 0.5 0 1 0.5 1 1 1 
1262306304 0 0.9 1 0 0.7 0 0.5 0 1 0.5 1 1 1 
1262306311 0 0.9 1 0 0.7 0 0.5 0 1 0.5 1 1 1 
1262306330 0 0.9 1 0 0.7 0 0.5 0 1 0.5 1 1 1 
1262306386 0 0.9 1 0 0.7 0 0.5 0 1 0.5 1 1 1 
1262306404 0 1 1 0 0.7 0 0.5 0 1 0.5 1 1 1 
1262306411 0 1 1 0 0.7 0 0.5 0 1 1 1 1 1 
1262306430 0 1 1 0 0.7 0 0.5 0 1 1 1 1 1 
1262306504 0 1 1 0 0 0 0.5 0 1 1 1 1 1 
1262306511 0 1 1 0 0 0 0.5 0 1 1 1 1 1 
1262306530 0 1 1 0 0 0 0.5 0 1 1 1 1 1 
1262306604 0 1 1 0 0 0 0.9 0 1 1 1 1 1 
1262306611 0 1 1 0 0 0 0.9 0 1 1 1 1 1 
1262306630 0 1 1 0 0 0 0.9 0 1 1 1 1 1 
1262306671 0 1 1 0 0 0 0.9 0 1 1 1 1 1 
1262306704 0 0.2 1 0 0 0 0.6 0 1 1 1 1 1 
1262306711 0 0.2 1 0 0 0 0.6 0 1 1 1 1 1 
1262306771 0 0.2 1 0 0 0 0.6 0 1 1 1 1 1 
1262306804 0 0.2 1 0 0 0 0.6 0 1 1 1 1 1 
1262306811 0 0.2 1 0 0 0 0.6 0 1 1 1 1 1 
1262306860 0 0.2 1 0 0 0 0.6 0 1 1 1 1 1 
1262306871 0 0.2 1 0 0 0 0.6 0 1 1 1 1 1 
1262306904 0 0.1 1 0 0 0 0.6 0 1 1 1 1 1 
1262306911 0 0.1 1 0 0 0 0.6 0 1 1 1 1 1 
1262306960 0 0.1 1 0 0 0 0.6 0 1 1 1 1 1 
1262306971 0 0.1 1 0 0 0 0.6 0 1 1 1 1 1 
1262307004 0 0.8 1 0.7 0 0 0.5 0 1 1 1 1 0.8 
1262307011 0 0.8 1 0.7 0 0 0.5 0 1 1 1 1 0.8 
1262307060 0 0.8 1 0.7 0 0 0.5 0 1 1 1 1 0.8 
1262307071 0 0.8 1 0.7 0 0 0.5 0 1 1 1 1 0.8 
1262307104 0 0.8 1 0.7 0 0 0.2 0 1 1 1 1 0.8 
1262307111 0 0.8 1 0.7 0 0 0.2 0 1 0.9 1 1 0.8 
1262307160 0 0.8 1 0.7 0 0 0.2 0 1 0.9 1 1 0.8 
1262307171 0 0.8 1 0.7 0 0 0.2 0 1 0.9 1 1 0.8 
1262307204 0 0.8 1 0.7 0 0 0.2 0 1 0.9 1 1 0.9 
1262307211 0 0.8 1 0.7 0 0 0.2 0 1 0.9 1 1 0.9 
1262307246 0 0.8 1 0.7 0 0 0.2 0 1 0.9 1 1 0.9 
1262307260 0 0.8 1 0.7 0 0 0.2 0 1 0.9 1 1 0.9 
1262307271 0 0.8 1 0.7 0 0 0.2 0 1 0.9 1 1 0.9 
1262307304 0 0.8 1 0.4 0 0 0.1 0 1 0.9 1 1 0.9 
1262307311 0 0.8 1 0.4 0 0 0.1 0 1 0.9 1 1 0.9 
1262307346 0 0.8 1 0.4 0 0 0.1 0 1 0.9 1 1 0.9 
1262307360 0 0.8 1 0.4 0 0 0.1 0 1 0.9 1 1 0.9 
1262307371 0 0.8 1 0.4 0 0 0.1 0 1 0.9 1 1 0.9 
1262307404 0 0.6 1 0.4 0 0 0.1 0 1 0.9 1 1 0.9 
1262307411 0 0.6 1 0.4 0 0 0.1 0 1 1 1 1 0.9 
1262307446 0 0.6 1 0.4 0 0 0.1 0 1 1 1 1 0.9 
1262307460 0 0.6 1 0.4 0 0 0.1 0 1 1 1 1 0.9 
1262307471 0 0.6 1 0.4 0 0 0.1 0 1 1 1 1 0.9 
1262307504 0 0.5 1 0.1 0 0 0.1 0 1 1 1 1 1 
1262307511 0 0.5 1 0.1 0 0 0.1 0 1 1 1 1 1 
1262307560 0 0.5 1 0.1 0 0 0.1 0 1 1 1 1 1 
1262307571 0 0.5 1 0.1 0 0 0.1 0 1 1 1 1 1 
1262307604 0 0.2 1 0.1 0 0 0.1 0 1 1 1 1 1 
1262307611 0 0.2 1 0.1 0 0 0.1 0 1 1 1 1 1 
1262307649 0 0.2 1 0.1 0 0 0.1 0 1 1 1 1 1 
1262307660 0 0.2 1 0.1 0 0 0.1 0 1 1 1 1 1 
1262307671 0 0.2 1 0.1 0 0 0.1 0 1 1 1 1 1 
1262307704 0 0.2 1 0 0 0 0.1 0 1 1 1 1 1 
1262307711 0 0.2 1 0 0 0 0.1 0 1 1 1 1 1 
1262307749 0 0.2 1 0 0 0 0.1 0 1 1 1 1 1 
1262307771 0 0.2 1 0 0 0 0.1 0 1 1 1 1 1 
1262307804 0 0.2 1 0 0 0 0.1 0 1 1 1 1 1 
1262307811 0 0.2 1 0 0 0 0.1 0 1 1 1 1 1 
1262307816 0 0.2 1 0 0 0 0.1 0 1 1 1 1 1 
1262307849 0 0.2 1 0 0 0 0.1 0 1 1 1 1 1 
1262307871 0 0.2 1 0 0 0 0.1 0 1 1 1 1 1 
1262307904 0 0.2 1 0 0 0 0.1 0 1 1 1 1 1 
1262307911 0 0.2 1 0 0 0 0.1 0 1 1 1 1 1 
1262307916 0 0.2 1 0 0 0 0.1 0 1 1 1 1 1 
1262307933 0 0.2 1 0 0 0 0.1 0 1 1 1 1 1 
1262307949 0 0.2 1 0 0 0 0.1 0 1 1 1 1 1 
1262307971 0 0.2 1 0 0 0 0.1 0 1 1 1 1 1 
1262308004 0 0.2 1 0 0 0 0.1 0 1 1 1 1 1 
1262308011 0 0.2 1 0 0 0 0.1 0 1 1 1 1 1 
1262308016 0 0.2 1 0 0 0 0.1 0 1 1 1 1 1 
1262308033 0 0.2 1 0 0 0 0.1 0 1 1 1 1 1 
1262308049 0 0.2 1 0 0 0 0.1 0 1 1 1 1 1 
1262308071 0 0.2 1 0 0 0 0.1 0 1 1 1 1 1 
1262308104 0 0 1 0 0 0 0 0 1 1 1 1 1 
1262308111 0 0 1 0 0 0 0 0 1 1 1 1 1 
1262308116 0 0 1 0 0 0 0 0 1 1 1 1 1 
1262308133 0 0 1 0 0 0 0 0 1 1 1 0.6 1 
1262308149 0 0 1 0 0 0 0 0 1 1 1 0.6 1 
1262308171 0 0 1 0 0 0 0 0 1 1 1 0.6 1 
1262308204 0 0 1 0 0 0 0 0 1 1 1 0.6 1 
1262308211 0 0 1 0 0 0 0 0 1 0.6 1 0.6 1 
1262308216 0 0 1 0 0 0 0 0 1 0.6 1 0.6 1 
1262308233 0 0 1 0 0 0 0 0 1 0.6 1 0.6 1 
1262308249 0 0 1 0 0 0 0 0 1 0.6 1 0.6 1 
1262308271 0 0 1 0 0 0 0 0 1 0.6 1 0.6 1 
1262308304 0 0 1 0 0 0 0 0 1 0.6 1 0.6 1 
1262308311 0 0 1 0 0 0 0 0 1 0.6 1 0.6 1 
1262308316 0 0 1 0 0 0 0 0 1 0.6 1 0.6 1 
1262308333 0 0 1 0 0 0 0 0 1 0.6 1 0.6 1 
1262308349 0 0 1 0 0 0 0 0 1 0.6 1 0.6 1 
1262308371 0 0 1 0 0 0 0 0 1 0.6 1 0.6 1 
1262308404 0 0.6 1 0 0 0 0.5 0 0.6 0.6 1 0.6 1 
1262308411 0 0.6 1 0 0 0 0.5 0 0.6 0.6 1 0.6 1 
1262308416 0 0.6 1 0 0 0 0.5 0 0.6 0.6 1 0.6 1 
1262308433 0 0.6 1 0 0 0 0.5 0 0.6 0.6 1 0.6 1 
1262308449 0 0.6 1 0 0 0 0.5 0 0.6 0.6 1 0.6 1 
1262308471 0 0.6 1 0 0 0 0.5 0 0.6 0.6 1 0.6 1 
