arrived:	node3#17	1
arrived:	node3#14	1
NOTIFS:
node3	:	60	sent
node1	:	60	sent
SUBS:
on	node1
	node1	:	0	received
on	node3
	node3	:	2	received
1262304604 0 - 1 0 0 0 0 - - - - - 1 
1262304704 0 - 1 0 0 0 0 - - 1 - - 1 
1262304804 0 1 1 0 0 0 0 - 1 1 1 1 1 
1262304904 0 1 1 0 0 0 0 0 1 1 1 1 1 
1262305004 0 0.375 1 0 0 0 0 0 1 1 1 1 1 
1262305104 0 0.375 1 0 0 0 0 0 1 1 1 0.5 1 
1262305204 0 0.375 1 0 0 0 0 0 1 1 1 0.375 0.6 
1262305304 0 0.5 1 0 0 0 0 0.5 0.5 1 1 0.7 0.6 
1262305404 0 0.5 1 0 0 0 0 0.2 0.6 1 1 0.7 0.6 
1262305410 0 0.5 1 0 0 0 0 0.2 0.6 1 1 0.7 0.6 
1262305504 0 0.2 1 0 0 0.2 0 0.2 0.6 1 0.4 0.7 0.77777777777778 
1262305510 0 0.2 1 0 0 0.2 0 0.2 0.6 1 0.4 0.7 0.77777777777778 
1262305599 0 0.2 1 0 0 0.2 0 0.2 0.6 1 0.4 0.7 0.77777777777778 
1262305604 0 0.2 1 0 0 0.2 0 0.2 0.6 1 0.4 0.7 0.77777777777778 
1262305610 0 0.2 1 0 0 0.2 0 0.2 0.6 1 0.4 0.7 0.77777777777778 
1262305699 0 0.2 1 0 0 0.2 0 0.2 0.6 1 0.4 0.7 0.77777777777778 
1262305704 0 0.2 1 0 0 0.2 0 0.2 0.6 1 0.4 0.8 0.77777777777778 
1262305710 0 0.2 1 0 0 0.2 0 0.2 0.6 1 0.4 0.8 0.77777777777778 
1262305799 0 0.2 1 0 0 0.2 0 0.2 0.6 1 0.4 0.8 0.77777777777778 
1262305804 0 0.2 1 0 0 0.2 0 0.2 1 1 0.4 1 1 
1262305810 0 0.2 1 0 0 0.2 0 0.2 1 1 0.4 1 1 
1262305899 0 0.2 1 0 0 0.2 0 0.2 1 1 0.4 1 1 
1262305904 0 0.2 1 0 0 0 0 0.2 0.9 1 0.9 1 1 
1262305910 0 0.2 1 0 0 0 0 0.2 0.9 1 0.9 1 1 
1262305999 0 0.2 1 0 0 0 0 0.2 0.9 1 0.9 1 1 
1262306004 0 0.7 1 0 0 0 0 0.2 0.9 1 1 1 1 
1262306010 0 0.7 1 0 0 0 0 0.2 0.9 1 1 1 1 
1262306099 0 0.7 1 0 0 0 0 0.2 0.9 1 1 1 1 
1262306104 0 0.8 1 0 0 0.4 0 0.2 1 1 1 0.4 1 
1262306110 0 0.8 1 0 0 0.4 0 0.2 1 1 1 0.4 1 
1262306152 0 0.8 1 0 0 0.4 0 0.2 1 1 1 0.4 1 
1262306199 0 0.8 1 0 0 0.4 0 0.2 1 1 1 0.4 1 
1262306204 0 1 1 0 0 0.4 0 0.2 1 0.9 1 0.4 1 
1262306210 0 1 1 0 0 0.4 0 0.2 1 0.9 1 0.4 1 
1262306252 0 1 1 0 0 0.4 0 0.2 1 0.9 1 0.4 1 
1262306299 0 1 1 0 0 0.4 0 0.2 1 0.9 1 0.4 1 
1262306304 0 0.5 1 0 0.4 0.4 0 0.2 1 0.5 1 0.4 1 
1262306310 0 0.5 1 0 0.4 0.4 0 0.2 1 0.5 1 0.4 1 
1262306311 0 0.5 1 0 0.4 0.4 0 0.2 1 0.5 1 0.4 1 
1262306352 0 0.5 1 0 0.4 0.4 0 0.2 1 0.5 1 0.4 1 
1262306399 0 0.5 1 0 0.4 0.4 0 0.2 1 0.5 1 0.4 1 
1262306404 0 0.5 1 0 0.4 0.3 0 0.2 1 0.5 0.9 0.3 1 
1262306410 0 0.5 1 0 0.4 0.3 0 0.2 1 0.5 0.9 0.3 1 
1262306411 0 0.5 1 0 0.4 0.3 0 0 1 0.5 0.9 0.3 1 
1262306452 0 0.5 1 0 0.4 0.3 0 0 1 0.5 0.9 0.3 1 
1262306499 0 0.5 1 0 0.4 0.3 0 0 1 0.5 0.9 0.3 1 
1262306504 0 0.5 1 0 0.4 0.3 0 0 1 0.5 1 0.3 1 
1262306510 0 0.5 1 0 0.4 0.3 0 0 1 0.5 1 0.3 1 
1262306511 0 0.5 1 0 0.4 0.3 0 0 1 0.5 1 0.3 1 
1262306552 0 0.5 1 0 0.4 0.3 0 0 1 0.5 1 0.3 1 
1262306599 0 0.5 1 0 0.4 0.3 0 0 1 0.5 1 0.3 1 
1262306604 0 0.5 1 0 0.4 0.3 0 0 1 0.5 1 0.3 1 
1262306610 0 0.5 1 0 0.4 0.3 0 0 1 0.5 1 0.3 1 
1262306611 0 0.5 1 0 0.4 0.3 0 0 1 0.5 1 0.3 1 
1262306652 0 0.5 1 0 0.4 0.3 0 0 1 0.5 1 0.3 1 
1262306699 0 0.5 1 0 0.4 0.3 0 0 1 0.5 1 0.3 1 
1262306704 0 0.5 1 0 0.4 0.3 0 0 1 0.5 1 0.3 1 
1262306710 0 0.5 1 0 0.4 0.3 0 0 1 0.5 1 0.3 1 
1262306711 0 0.5 1 0 0.4 0.3 0 0 1 0.5 1 0.3 1 
1262306752 0 0.5 1 0 0.4 0.3 0 0 1 0.5 1 0.3 1 
1262306799 0 0.5 1 0 0.4 0.3 0 0 1 0.5 1 0.3 1 
1262306804 0 0.5 1 0 0.4 0.3 0 0 1 0.5 1 1 1 
1262306810 0 0.5 1 0 0.4 0.3 0 0 1 0.5 1 1 1 
1262306811 0 0.5 1 0 0.4 0.3 0 0 1 0.5 1 1 1 
1262306899 0 0.5 1 0 0.4 0.3 0 0 1 0.5 1 1 1 
1262306904 0 1 1 0 0 0.8 0 0 1 1 1 1 1 
1262306910 0 1 1 0 0 0.8 0 0 1 1 1 1 1 
1262306911 0 1 1 0 0 0.8 0 0 1 1 1 1 1 
1262306971 0 1 1 0 0 0.8 0 0 1 1 1 1 1 
1262306999 0 1 1 0 0 0.8 0 0 1 1 1 1 1 
1262307004 0 0.5 1 0 0 0.5 0 0 1 1 1 1 0.6 
1262307010 0 0.5 1 0 0 0.5 0 0 1 1 1 1 0.6 
1262307011 0 0.5 1 0 0 0.5 0 0 1 1 1 1 0.6 
1262307071 0 0.5 1 0 0 0.5 0 0 1 1 1 1 0.6 
1262307099 0 0.5 1 0 0 0.5 0 0 1 1 1 1 0.6 
1262307104 0 0.6 1 0 0 0.7 0 0 1 1 1 1 0.9 
1262307109 0 0.6 1 0 0 0.7 0 0 1 1 1 1 0.9 
1262307110 0 0.6 1 0 0 0.7 0 0 1 1 1 1 0.9 
1262307111 0 0.6 1 0 0 0.7 0 0 1 1 1 1 0.9 
1262307171 0 0.6 1 0 0 0.7 0 0 1 1 1 1 0.9 
1262307199 0 0.6 1 0 0 0.7 0 0 1 1 1 1 0.9 
1262307204 0 0.6 1 0 0 0.7 0 0 1 1 1 1 1 
1262307209 0 0.6 1 0 0 0.7 0 0 1 1 1 1 1 
1262307210 0 0.6 1 0 0 0.7 0 0 1 1 1 1 1 
1262307211 0 0.6 1 0 0 0.7 0 0 1 1 1 1 1 
1262307271 0 0.6 1 0 0 0.7 0 0 1 1 1 1 1 
1262307299 0 0.6 1 0 0 0.7 0 0 1 1 1 1 1 
1262307302 0 0.6 1 0 0 0.7 0 0 1 1 1 1 1 
1262307304 0 0.6 1 0 0 0.3 0 0 1 1 1 1 1 
1262307309 0 0.6 1 0 0 0.3 0 0 1 1 1 1 1 
1262307310 0 0.6 1 0 0 0.3 0 0 1 1 1 1 1 
1262307311 0 0.6 1 0 0 0.3 0 0 1 1 1 1 1 
1262307371 0 0.6 1 0 0 0.3 0 0 1 1 1 1 1 
1262307399 0 0.6 1 0 0 0.3 0 0 1 1 1 1 1 
1262307402 0 0.6 1 0 0 0.3 0 0 1 1 1 1 1 
1262307404 0 0.6 1 0 0 0.3 0 0 1 1 1 1 1 
1262307410 0 0.6 1 0 0 0.3 0 0 1 1 1 1 1 
1262307411 0 0.6 1 0 0 0.3 0 0 1 1 1 1 1 
1262307471 0 0.6 1 0 0 0.3 0 0 1 1 1 1 1 
1262307499 0 0.6 1 0 0 0.3 0 0 1 1 1 1 1 
1262307502 0 0.6 1 0 0 0.3 0 0 1 1 1 1 1 
1262307504 0 0.9 1 0 0 0.1 0 0 1 1 1 1 1 
1262307510 0 0.9 1 0 0 0.1 0 0 1 1 1 1 1 
1262307511 0 0.9 1 0 0 0.1 0 0 1 1 1 1 1 
1262307524 0 0.9 1 0 0 0.1 0 0 1 1 1 1 1 
1262307551 0 0.9 1 0 0 0.1 0 0 1 1 1 1 1 
1262307571 0 0.9 1 0 0 0.1 0 0 1 1 1 1 1 
1262307599 0 0.9 1 0 0 0.1 0 0 1 1 1 1 1 
1262307602 0 0.9 1 0 0 0.1 0 0 1 1 1 1 1 
1262307604 0 1 1 0 0 0 0 0 1 1 1 1 1 
1262307610 0 1 1 0 0 0 0 0 1 1 1 1 1 
1262307611 0 1 1 0 0 0 0 0 1 1 1 1 1 
1262307624 0 1 1 0 0 0 0 0 1 1 1 1 1 
1262307651 0 1 1 0 0 0 0 0 1 1 1 1 1 
1262307671 0 1 1 0 0 0 0 0 1 1 1 1 1 
1262307699 0 1 1 0 0 0 0 0 1 1 1 1 1 
1262307704 0 0.7 1 0 0 0 0 0 1 1 1 1 1 
1262307710 0 0.7 1 0 0 0 0 0 1 1 1 1 1 
1262307711 0 0.7 1 0 0 0 0 0 1 1 1 1 1 
1262307724 0 0.7 1 0 0 0 0 0 1 1 1 1 1 
1262307751 0 0.7 1 0 0 0 0 0 1 1 1 1 1 
1262307771 0 0.7 1 0 0 0 0 0 1 1 1 1 1 
1262307799 0 0.7 1 0 0 0 0 0 1 1 1 1 1 
1262307804 0 0.6 1 0 0 0 0 0 0.6 1 1 1 1 
1262307810 0 0.6 1 0 0 0 0 0 0.6 1 1 1 1 
1262307811 0 0.6 1 0 0 0 0 0.4 0.6 1 1 1 1 
1262307824 0 0.6 1 0 0 0 0 0.4 0.6 1 1 1 1 
1262307851 0 0.6 1 0 0 0 0 0.4 0.6 1 1 1 1 
1262307871 0 0.6 1 0 0 0 0 0.4 0.6 1 1 1 1 
1262307879 0 0.6 1 0 0 0 0 0.4 0.6 1 1 1 1 
1262307904 0 0.6 1 0 0 0.3 0 0.4 0.6 1 1 1 0.7 
1262307910 0 0.6 1 0 0 0.3 0 0.4 0.6 1 1 1 0.7 
1262307911 0 0.6 1 0 0 0.3 0 0.4 0.6 1 1 1 0.7 
1262307924 0 0.6 1 0 0 0.3 0 0.4 0.6 1 1 1 0.7 
1262307951 0 0.6 1 0 0 0.3 0 0.4 0.6 1 1 1 0.7 
1262307971 0 0.6 1 0 0 0.3 0 0.4 0.6 1 1 1 0.7 
1262307979 0 0.6 1 0 0 0.3 0 0.4 0.6 1 1 1 0.7 
1262308004 0 0.6 1 0 0 0.3 0 0.4 0.7 1 1 1 1 
1262308010 0 0.6 1 0 0 0.3 0 0.4 0.7 1 1 1 1 
1262308011 0 0.6 1 0 0 0.3 0 0.4 0.7 1 1 1 1 
1262308024 0 0.6 1 0 0 0.3 0 0.4 0.7 1 1 1 1 
1262308035 0 0.6 1 0 0 0.3 0 0.4 0.7 1 1 1 1 
1262308051 0 0.6 1 0 0 0.3 0 0.4 0.7 1 1 1 1 
1262308071 0 0.6 1 0 0 0.3 0 0.4 0.7 1 1 1 1 
1262308079 0 0.6 1 0 0 0.3 0 0.4 0.7 1 1 1 1 
1262308104 0 0.6 1 0 0 0.3 0 0.4 1 1 1 1 1 
1262308110 0 0.6 1 0 0 0.3 0 0.4 1 1 1 1 1 
1262308111 0 0.6 1 0 0 0.3 0 0 1 1 1 1 1 
1262308124 0 0.6 1 0 0 0.3 0 0 1 1 1 1 1 
1262308135 0 0.6 1 0 0 0.3 0 0 1 1 1 1 1 
1262308151 0 0.6 1 0 0 0.3 0 0 1 1 1 1 1 
1262308171 0 0.6 1 0 0 0.3 0 0 1 1 1 1 1 
1262308179 0 0.6 1 0 0 0.3 0 0 1 1 1 1 1 
1262308204 0 0.6 1 0 0 0 0 0 1 1 1 1 1 
1262308210 0 0.6 1 0 0 0 0 0 1 1 1 1 1 
1262308211 0 0.6 1 0 0 0 0 0 1 1 1 1 1 
1262308224 0 0.6 1 0 0 0 0 0 1 1 1 1 1 
1262308235 0 0.6 1 0 0 0 0 0 1 1 1 1 1 
1262308251 0 0.6 1 0 0 0 0 0 1 1 1 1 1 
1262308271 0 0.6 1 0 0 0 0 0 1 1 1 1 1 
1262308304 0 0.6 1 0 0 0 0 0 1 1 1 1 1 
1262308310 0 0.6 1 0 0 0 0 0 1 1 1 1 1 
1262308311 0 0.6 1 0 0 0 0 0 1 1 1 1 1 
1262308324 0 0.6 1 0 0 0 0 0 1 1 1 1 1 
1262308335 0 0.6 1 0 0 0 0 0 1 1 1 1 1 
1262308351 0 0.6 1 0 0 0 0 0 1 1 1 1 1 
1262308371 0 0.6 1 0 0 0 0 0 1 1 1 1 1 
1262308404 0 0.6 1 0 0 0 0 0 1 1 1 1 1 
1262308410 0 0.6 1 0 0 0 0 0 1 1 1 1 1 
1262308411 0 0.6 1 0 0 0 0 0 1 1 1 1 1 
1262308424 0 0.6 1 0 0 0 0 0 1 1 1 1 1 
1262308435 0 0.6 1 0 0 0 0 0 1 1 1 1 1 
1262308451 0 0.6 1 0 0 0 0 0 1 1 1 1 1 
1262308460 0 0.6 1 0 0 0 0 0 1 1 1 1 1 
1262308471 0 0.6 1 0 0 0 0 0 1 1 1 1 1 
