arrived:	node1#34	1
arrived:	node1#48	1
arrived:	node1#51	1
arrived:	node3#8	1
arrived:	node1#49	1
arrived:	node1#36	1
arrived:	node1#50	1
arrived:	node1#33	1
arrived:	node1#35	1
NOTIFS:
node3	:	60	sent
node1	:	60	sent
SUBS:
on	node1
	node1	:	8	received
on	node3
	node3	:	1	received
1262304604 0 - 1 - - - - - - - - - 1 
1262304704 0 - 1 0 - - - - - - - - 1 
1262304804 0 - 1 0 - - - 0 - - - - 1 
1262304904 0 - 1 0 0 0 - 0 - - - - 1 
1262305004 0 - 1 0 0 0 0 0 1 - - - 1 
1262305104 0 1 1 0 0 0 0 0 1 1 1 1 1 
1262305184 0 1 1 0 0 0 0 0 1 1 1 1 1 
1262305204 0 0.5 1 0 0 0 0 0 1 1 0.8 1 1 
1262305284 0 0.5 1 0 0 0.6 0 0 1 1 0.8 1 1 
1262305304 0 0.7 1 0 0 0.6 0 0 0.9 0.9 0.8 1 0.9 
1262305384 0 0.7 1 0 0 0.6 0 0 0.9 0.9 0.8 1 0.9 
1262305404 0 0.7 1 0.2 0 0.6 0 0.2 0.9 0.9 0.8 1 0.9 
1262305484 0 0.7 1 0.2 0 0.5 0 0.2 0.9 0.9 0.8 1 0.9 
1262305504 0 0.7 1 0.2 0 0.5 0 0.2 1 0.9 1 1 0.9 
1262305584 0 0.7 1 0.2 0 0 0 0.2 1 0.9 1 1 0.9 
1262305604 0 0.7 1 0.2 0 0 0 0 1 0.9 0.9 1 1 
1262305684 0 0.7 1 0.2 0 0 0 0 1 0.9 0.9 1 1 
1262305704 0 0.7 1 0 0 0 0.9 0 1 0.9 0.9 1 1 
1262305710 0 0.7 1 0 0 0 0.9 0 1 0.9 0.9 1 1 
1262305784 0 0.7 1 0 0 0 0.9 0 1 0.9 0.9 1 1 
1262305804 0 0.7 1 0 0 0 0.3 0 1 1 1 1 1 
1262305810 0 1 1 0 0 0 0.3 0 1 1 1 1 1 
1262305884 0 1 1 0 0 0.5 0.3 0 1 1 1 1 1 
1262305904 0 1 1 0 0 0.5 0 0 1 1 1 1 0.9 
1262305910 0 0.5 1 0 0 0.5 0 0 1 1 1 1 0.9 
1262305984 0 0.5 1 0 0 0.5 0 0 1 1 1 1 0.9 
1262305992 0 0.5 1 0 0 0.5 0 0 1 1 1 1 0.9 
1262306004 0 0.5 1 0 0 0.5 0 0 1 1 1 1 0.9 
1262306010 0 0.5 1 0 0 0.5 0 0 1 1 1 1 0.9 
1262306084 0 0.5 1 0 0 0.3 0 0 1 1 1 1 0.9 
1262306092 0 0.5 1 0 0 0.3 0 0 1 1 1 1 0.9 
1262306104 0 0.5 1 0 0 0.3 0 0 1 1 1 1 0.9 
1262306110 0 0.3 1 0 0 0.3 0 0 1 1 1 1 0.9 
1262306184 0 0.3 1 0 0 0.3 0 0 1 1 1 1 0.9 
1262306192 0 0.3 1 0 0 0.3 0 0 1 1 1 1 0.9 
1262306204 0 0.3 1 0 0 0.3 0 0 1 1 1 1 0.9 
1262306210 0 0.3 1 0 0 0.3 0 0 1 1 1 1 0.9 
1262306284 0 0.3 1 0 0 0.3 0 0 1 1 1 1 0.9 
1262306292 0 0.3 1 0.4 0 0.3 0 0 1 1 1 1 0.9 
1262306304 0 0.3 1 0.4 0 0.3 0.2 0 1 0.7 1 1 0.9 
1262306310 0 0.3 1 0.4 0 0.3 0.2 0 1 0.7 1 1 0.9 
1262306378 0 0.3 1 0.4 0 0.3 0.2 0 1 0.7 1 1 0.9 
1262306384 0 0.3 1 0.4 0 0 0.2 0 1 0.7 1 1 0.9 
1262306392 0 0.3 1 0.4 0 0 0.2 0 1 0.7 1 1 0.9 
1262306404 0 0.3 1 0.4 0 0 0.2 0 1 0.7 1 1 0.9 
1262306410 0 0.3 1 0.4 0 0 0.2 0 1 0.7 1 1 0.9 
1262306478 0 0.3 1 0.4 0 0 0.2 0 1 0.7 1 1 0.9 
1262306484 0 0.3 1 0.4 0 0 0.2 0 1 0.7 1 1 0.9 
1262306492 0 0.3 1 0.4 0 0 0.2 0 1 0.7 1 1 0.9 
1262306504 0 0.3 1 0.4 0 0 0.2 0 1 0.7 1 1 0.9 
1262306510 0 0.4 1 0.4 0 0 0.2 0 1 0.7 1 1 0.9 
1262306578 0 0.4 1 0.4 0 0 0.2 0 1 0.7 1 1 0.9 
1262306584 0 0.4 1 0.4 0 0 0.2 0 1 0.7 1 1 0.9 
1262306592 0 0.4 1 0.4 0 0 0.2 0 1 0.7 1 1 0.9 
1262306604 0 0.4 1 0.4 0 0 0.7 0 1 1 0.9 1 0.9 
1262306610 0 0.7 1 0.4 0 0 0.7 0 1 1 0.9 1 0.9 
1262306678 0 0.7 1 0.4 0 0 0.7 0 1 1 0.9 1 0.9 
1262306684 0 0.7 1 0.4 0 0 0.7 0 1 1 0.9 1 0.9 
1262306692 0 0.7 1 0.6 0 0 0.7 0 1 1 0.9 1 0.9 
1262306704 0 0.7 1 0.6 0 0 0 0 1 1 0.8 1 0.9 
1262306710 0 0.7 1 0.6 0 0 0 0 1 1 0.8 1 0.9 
1262306778 0 0.7 1 0.6 0 0 0 0 1 1 0.8 1 0.9 
1262306784 0 0.7 1 0.6 0 0 0 0 1 1 0.8 1 0.9 
1262306804 0 0.7 1 0.6 0 0 0 0.2 1 0.4 1 1 0.9 
1262306878 0 0.7 1 0.6 0 0 0 0.2 1 0.4 1 1 0.9 
1262306884 0 0.7 1 0.6 0 0.4 0 0.2 1 0.4 1 1 0.9 
1262306904 0 0.7 1 0.6 0 0.4 0 0.2 1 0.4 1 1 0.9 
1262306920 0 0.7 1 0.2 0 0.4 0 0.2 1 0.4 1 1 0.9 
1262306978 0 0.7 1 0.2 0 0.4 0 0.2 1 0.4 1 1 0.9 
1262306984 0 0.7 1 0.2 0 0.4 0 0.2 1 0.4 1 1 0.9 
1262307004 0 0.7 1 0.2 0 0.4 0 0.2 1 0.4 1 1 1 
1262307020 0 0.3 1 0.2 0 0.4 0 0.2 1 0.4 1 1 1 
1262307078 0 0.3 1 0.2 0 0.4 0 0.2 1 0.4 1 1 1 
1262307082 0 0.3 1 0.2 0 0.4 0 0.2 1 0.4 1 1 1 
1262307084 0 0.3 1 0.2 0 0.4 0 0.2 1 0.4 1 1 1 
1262307104 0 0.3 1 0.2 0 0.4 0 0.2 1 0.4 1 1 1 
1262307120 0 0.3 1 0.2 0 0.4 0 0.2 1 0.4 1 1 1 
1262307178 0 0.3 1 0.2 0 0.4 0 0.2 1 0.4 1 1 1 
1262307182 0 0.3 1 0.2 0 0.4 0 0.2 1 0.4 1 1 1 
1262307184 0 0.3 1 0.2 0 0.4 0 0.2 1 0.4 1 1 1 
1262307204 0 0.3 1 0.2 0 0.4 0 0.2 1 0.4 1 1 1 
1262307220 0 0.3 1 0.2 0 0.4 0 0.2 1 0.4 1 1 1 
1262307264 0 0.3 1 0.2 0 0.4 0 0.2 1 0.4 1 1 1 
1262307278 0 0.3 1 0.2 0 0.4 0 0.2 1 0.4 1 1 1 
1262307282 0 0.3 1 0.2 0 0.4 0 0.2 1 0.4 1 1 1 
1262307284 0 0.3 1 0.2 0 0.4 0 0.2 1 0.4 1 1 1 
1262307304 0 0.3 1 0.2 0 0.4 0 0.2 1 0.4 1 1 1 
1262307320 0 0.8 1 0 0 0.4 0 0.2 1 0.4 1 1 1 
1262307364 0 0.8 1 0 0 0.4 0 0.2 1 0.4 0.9 1 1 
1262307378 0 0.8 1 0 0 0.4 0 0.2 1 0.4 0.9 1 1 
1262307382 0 0.8 1 0 0 0.4 0 0.2 1 0.4 0.9 1 1 
1262307384 0 0.8 1 0 0 0.4 0 0.2 1 0.4 0.9 1 1 
1262307404 0 0.8 1 0 0 0.4 0 0.2 1 0.4 0.9 0.7 1 
1262307420 0 0.5 1 0 0 0.4 0 0.2 1 0.4 0.9 0.7 1 
1262307464 0 0.5 1 0 0 0.4 0 0.2 1 0.4 0.9 0.7 1 
1262307478 0 0.5 1 0 0 0.4 0 0.2 1 0.4 0.9 0.7 1 
1262307482 0 0.5 1 0 0 0.4 0 0.2 1 0.4 0.9 0.7 1 
1262307484 0 0.5 1 0 0 0.4 0 0.2 1 0.4 0.9 0.7 1 
1262307504 0 0.5 1 0 0 0.4 0 0.2 1 0.4 0.9 0.7 1 
1262307520 0 0.5 1 0 0 0.4 0 0.2 1 0.4 0.9 0.7 1 
1262307543 0 0.5 1 0 0 0.4 0 0.2 1 0.4 0.9 0.7 1 
1262307564 0 0.5 1 0 0 0.4 0 0.2 1 0.4 0.9 0.7 1 
1262307578 0 0.5 1 0 0 0.4 0 0.2 1 0.4 0.9 0.7 1 
1262307582 0 0.5 1 0 0 0.4 0 0.2 1 0.4 0.9 0.7 1 
1262307604 0 0.5 1 0 0 0.4 0 0.2 1 1 0.9 0.9 1 
1262307620 0 0.5 1 0 0 0.4 0 0.2 1 1 0.9 0.9 1 
1262307643 0 0.5 1 0 0 0.4 0 0.2 1 1 0.9 0.9 1 
1262307664 0 0.5 1 0 0 0.4 0 0.2 1 1 0.9 0.9 1 
1262307678 0 0.5 1 0 0 0.4 0 0.2 1 1 0.9 0.9 1 
1262307704 0 0.5 1 0 0 0.4 0 0.2 1 1 0.9 0.9 1 
1262307720 0 0.5 1 0 0 0.4 0 0.2 1 1 0.9 0.9 1 
1262307728 0 0.5 1 0 0 0.4 0 0.2 1 1 0.9 0.9 1 
1262307743 0 0.5 1 0 0 0.4 0 0.2 1 1 0.9 0.9 1 
1262307744 0 0.5 1 0 0 0.4 0 0 1 1 0.9 0.9 1 
1262307764 0 0.5 1 0 0 0 0 0 1 1 0.9 0.9 1 
1262307778 0 0.5 1 0 0 0 0 0 1 1 0.9 0.9 1 
1262307795 0 0.5 1 0 0 0 0 0 1 1 0.9 0.9 1 
1262307804 0 0.5 1 0 0 0 0 0 1 1 0.9 0.9 1 
1262307815 0 0.5 1 0 0 0 0 0 1 1 0.9 0.9 1 
1262307820 0 0.5 1 0 0 0 0 0 1 1 0.9 0.9 1 
1262307828 0 0.5 1 0 0 0 0 0 1 1 0.9 0.9 1 
1262307843 0 0.5 1 0 0 0 0 0 1 1 0.9 0.9 1 
1262307844 0 0.5 1 0 0 0 0 0 1 1 0.9 0.9 1 
1262307864 0 0.5 1 0 0 0 0 0 1 1 1 0.9 1 
1262307878 0 0.5 1 0 0 0 0 0 1 1 1 0.9 1 
1262307895 0 0.5 1 0 0 0 0 0 1 1 1 0.9 1 
1262307904 0 0.5 1 0 0 0 0 0 1 1 1 0.9 1 
1262307915 0 0.5 1 0 0 0 0 0 1 1 1 0.9 1 
1262307920 0 0.8 1 0 0 0 0 0 1 1 1 0.9 1 
1262307928 0 0.8 1 0 0 0 0 0 1 1 1 0.9 1 
1262307944 0 0.8 1 0 0 0 0 0 1 1 1 0.9 1 
1262307964 0 0.8 1 0 0 0.4 0 0 1 1 1 0.9 1 
1262307978 0 0.8 1 0 0 0.4 0 0 1 1 1 0.9 1 
1262307995 0 0.8 1 0 0 0.4 0 0 1 1 1 0.9 1 
1262308004 0 0.8 1 0 0 0.4 0 0 1 0.4 1 0.9 1 
1262308015 0 0.8 1 0 0 0.4 0 0 1 0.4 1 0.9 1 
1262308020 0 0.4 1 0 0 0.4 0 0 1 0.4 1 0.9 1 
1262308028 0 0.4 1 0 0 0.4 0 0 1 0.4 1 0.9 1 
1262308044 0 0.4 1 0 0 0.4 0 0 1 0.4 1 0.9 1 
1262308054 0 0.4 1 0 0 0.4 0 0 1 0.4 1 0.9 1 
1262308064 0 0.4 1 0 0 0.5 0 0 1 0.4 1 0.9 1 
1262308078 0 0.4 1 0 0 0.5 0 0 1 0.4 1 0.9 1 
1262308095 0 0.4 1 0 0 0.5 0 0 1 0.4 1 0.9 1 
1262308104 0 0.4 1 0 0 0.5 0 0 1 0.4 1 0.3 1 
1262308115 0 0.4 1 0 0 0.5 0 0 1 0.4 1 0.3 1 
1262308120 0 0.3 1 0 0 0.5 0 0 1 0.4 1 0.3 1 
1262308128 0 0.3 1 0 0 0.5 0 0 1 0.4 1 0.3 1 
1262308144 0 0.3 1 0 0 0.5 0 0 1 0.4 1 0.3 1 
1262308154 0 0.3 1 0 0 0.5 0 0 1 0.4 1 0.3 1 
1262308164 0 0.3 1 0 0 0.4 0 0 1 0.4 1 0.3 1 
1262308178 0 0.3 1 0 0 0.4 0 0 1 0.4 1 0.3 1 
1262308191 0 0.3 1 0 0 0.4 0 0 1 0.4 1 0.3 1 
1262308195 0 0.3 1 0 0 0.4 0 0 1 0.4 1 0.3 1 
1262308204 0 0.3 1 0 0 0.4 0 0 1 0.4 1 0.7 1 
1262308215 0 0.3 1 0 0 0.4 0 0 1 0.4 1 0.7 1 
1262308228 0 0.3 1 0 0 0.4 0 0 1 0.4 1 0.7 1 
1262308244 0 0.3 1 0 0 0.4 0 0 1 0.4 1 0.7 1 
1262308254 0 0.3 1 0 0 0.4 0 0 1 0.4 1 0.7 1 
1262308264 0 0.3 1 0 0 0.1 0 0 1 0.4 1 0.7 1 
1262308278 0 0.3 1 0 0 0.1 0 0 1 0.4 1 0.7 1 
1262308291 0 0.3 1 0 0 0.1 0 0 1 0.4 1 0.7 1 
1262308292 0 0.3 1 0 0 0.1 0 0 1 1 1 0.7 1 
1262308295 0 0.3 1 0 0 0.1 0 0 1 1 1 0.7 1 
1262308304 0 0.3 1 0 0 0.1 0 0 1 1 1 0.7 1 
1262308315 0 0.3 1 0 0 0.1 0 0 1 1 1 0.7 1 
1262308328 0 0.3 1 0 0 0.1 0 0 1 1 1 0.7 1 
1262308344 0 0.3 1 0 0 0.1 0 0 1 1 1 0.7 1 
1262308354 0 0.3 1 0 0 0.1 0 0 1 1 1 0.7 1 
1262308362 0 0.1 1 0 0 0.1 0 0 1 1 1 0.7 1 
1262308364 0 0.1 1 0 0 0.1 0 0 1 1 1 0.7 1 
1262308378 0 0.1 1 0 0 0.1 0 0 1 1 1 0.7 1 
1262308391 0 0.1 1 0 0 0.1 0 0 1 1 1 0.7 1 
1262308392 0 0.1 1 0 0 0.1 0 0 1 1 1 0.7 1 
1262308395 0 0.1 1 0 0 0.1 0 0 1 1 1 0.7 1 
1262308404 0 0.1 1 0 0 0.1 0 0 1 1 1 0.8 1 
1262308415 0 0.1 1 0 0 0.1 0 0 1 1 1 0.8 1 
1262308428 0 0.1 1 0 0 0.1 0 0 1 1 1 0.8 1 
1262308444 0 0.1 1 0 0 0.1 0 0 1 1 1 0.8 1 
1262308454 0 0.1 1 0.2 0 0.1 0 0 1 1 1 0.8 1 
1262308462 0 0.2 1 0.2 0 0.1 0 0 1 1 1 0.8 1 
1262308464 0 0.2 1 0.2 0 0 0 0 1 1 1 0.8 1 
1262308478 0 0.2 1 0.2 0 0 0 0 1 1 1 0.8 1 
1262308492 0 0.2 1 0.2 0 0 0 0 1 1 1 0.8 1 
1262308495 0 0.2 1 0.2 0 0 0 0 1 1 1 0.8 1 
