NOTIFS:
node3	:	60	sent
node1	:	60	sent
SUBS:
on	node1
	node1	:	0	received
on	node3
	node3	:	0	received
1262304604 0 - 1 0 - 0 - - 1 - - 1 1 
1262304704 0 0 1 0 0 0 0 - 1 1 - 1 1 
1262304804 0 0 1 0 0 0 0 0.66666666666667 1 1 1 1 1 
1262304904 0 0 1 0.66666666666667 0 0 0 0.5 1 1 1 1 1 
1262305004 0 0 1 0.5 0 0 0 0.25 1 1 1 1 1 
1262305104 0 0.5 1 0.5 0 0 0 0.33333333333333 1 1 1 1 1 
1262305204 0 0.5 1 0.2 0.14285714285714 0 0 0.33333333333333 1 1 1 0.33333333333333 1 
1262305304 0 0.33333333333333 1 0 0.14285714285714 0 0 0 1 1 1 0.33333333333333 1 
1262305404 0 1 1 0 0.14285714285714 0 0 0 1 1 0.9 0.8 1 
1262305414 0 1 1 0 0.14285714285714 0 0 0 1 1 0.9 0.8 1 
1262305504 0 1 1 0 0 0 0.4 0 1 1 0.9 0.7 0.7 
1262305514 0 1 1 0 0 0 0.4 0 1 1 0.9 0.7 0.7 
1262305604 0 1 1 0 0 0 0.5 0 1 1 0.9 0.7 0.7 
1262305614 0 1 1 0 0 0 0.5 0 1 1 0.9 0.7 0.7 
1262305704 0 1 1 0 0 0 0.3 0.3 1 1 0.9 0.9 0.8 
1262305714 0 1 1 0 0 0 0.3 0.3 1 1 0.9 0.9 0.8 
1262305736 0 1 1 0 0 0 0.3 0.3 1 1 0.9 0.9 0.8 
1262305804 0 1 1 0 0 0.1 0.2 0.3 1 0.9 0.9 0.9 0.6 
1262305814 0 1 1 0 0 0.1 0.2 0.3 1 0.9 0.9 0.9 0.6 
1262305836 0 0.7 1 0 0 0.1 0.2 0.3 1 0.9 0.9 0.9 0.6 
1262305874 0 0.7 1 0 0 0.1 0.2 0.3 1 0.9 1 0.9 0.6 
1262305904 0 0.7 1 0 0 0 0 0.3 1 0.9 1 1 0.9 
1262305914 0 0.7 1 0 0 0 0 0.3 1 0.9 1 1 0.9 
1262305936 0 0.7 1 0 0 0 0 0.3 1 0.9 1 1 0.9 
1262305974 0 0.7 1 0 0 0 0 0.3 1 0.9 1 1 0.9 
1262306004 0 0.7 1 0 0 0 0 0.3 1 1 1 1 1 
1262306014 0 0.7 1 0 0 0 0 0.3 1 1 1 1 1 
1262306036 0 0.7 1 0 0 0 0 0.3 1 1 1 1 1 
1262306074 0 0.7 1 0 0 0 0 0.3 1 1 1 1 1 
1262306104 0 0.7 1 0 0 0 0 0 1 1 1 1 1 
1262306114 0 0.7 1 0 0 0 0 0 1 1 1 1 1 
1262306136 0 0.9 1 0 0 0 0 0 1 1 1 1 1 
1262306174 0 0.9 1 0 0 0 0 0 1 1 1 1 1 
1262306204 0 0.9 1 0 0 0.5 0 0.2 1 1 1 1 1 
1262306214 0 0.9 1 0 0 0.5 0 0.2 1 1 1 1 1 
1262306236 0 0.9 1 0 0 0.5 0 0.2 1 1 1 1 1 
1262306274 0 0.9 1 0 0 0.5 0 0.2 1 1 1 1 1 
1262306304 0 0.9 1 0 0 0.5 0 0.2 1 1 1 1 1 
1262306314 0 0.9 1 0 0 0.5 0 0.2 1 1 1 1 1 
1262306336 0 0.9 1 0 0 0.5 0 0.2 1 1 1 1 1 
1262306374 0 0.9 1 0 0 0.5 0 0.2 1 1 1 1 1 
1262306404 0 0.9 1 0 0 0.6 0 0 1 1 1 1 1 
1262306414 0 0.9 1 0 0 0.6 0 0 1 1 1 1 1 
1262306436 0 0.6 1 0 0 0.6 0 0 1 1 1 1 1 
1262306504 0 0.6 1 0.4 0 0.2 0 0 0.4 0.7 1 1 1 
1262306514 0 0.6 1 0.4 0 0.2 0 0 0.4 0.7 1 1 1 
1262306536 0 0.3 1 0.4 0 0.2 0 0 0.4 0.7 1 1 1 
1262306573 0 0.3 1 0.4 0 0.2 0 0 0.4 0.7 1 1 1 
1262306604 0 0.3 1 0.4 0 0 0 0 0.4 0.7 1 1 1 
1262306636 0 0.3 1 0.4 0 0 0 0 0.4 0.7 1 1 1 
1262306673 0 0.3 1 0.4 0 0 0 0 0.4 0.7 1 1 1 
1262306704 0 0.3 1 0 0 0 0 0 1 0.7 1 1 1 
1262306731 0 0.3 1 0 0 0 0 0 1 0.7 1 1 1 
1262306736 0 0.2 1 0 0 0 0 0 1 0.7 1 1 1 
1262306773 0 0.2 1 0 0 0 0 0 1 0.7 1 1 1 
1262306804 0 0.2 1 0 0 0 0 0 1 0.7 1 1 1 
1262306831 0 0.2 1 0 0 0 0 0 1 0.7 1 1 1 
1262306836 0 0.2 1 0 0 0 0 0 1 0.7 1 1 1 
1262306873 0 0.2 1 0 0 0 0 0 1 0.7 1 1 1 
1262306904 0 0.2 1 0 0 0 0 0 1 1 1 1 1 
1262306936 0 0 1 0 0 0 0 0 1 1 1 1 1 
1262306973 0 0 1 0 0 0 0 0 1 1 1 1 1 
1262307004 0 0 1 0 0 0 0 0 1 1 1 1 1 
1262307034 0 0 1 0 0 0 0 0 1 1 1 1 1 
1262307036 0 0 1 0 0 0 0 0 1 1 1 1 1 
1262307073 0 0 1 0 0 0 0 0 1 1 1 1 1 
1262307104 0 0 1 0 0 0 0 0.7 1 1 1 0.7 1 
1262307134 0 0 1 0 0 0 0 0.7 1 1 1 0.7 1 
1262307136 0 0.7 1 0 0 0 0 0.7 1 1 1 0.7 1 
1262307173 0 0.7 1 0 0 0 0 0.7 1 1 1 0.7 1 
1262307204 0 0.7 1 0 0 0 0.7 0.7 1 1 1 0.7 1 
1262307219 0 0.7 1 0 0 0 0.7 0.7 1 1 1 0.7 1 
1262307234 0 0.7 1 0 0 0 0.7 0.7 1 1 1 0.7 1 
1262307236 0 0.7 1 0 0 0 0.7 0.7 1 1 1 0.7 1 
1262307273 0 0.7 1 0 0 0 0.7 0.7 1 1 1 0.7 1 
1262307304 0 0.7 1 0 0 0 0.7 0.7 1 1 1 0.8 1 
1262307319 0 0.7 1 0 0 0 0.7 0.7 1 1 1 0.8 1 
1262307334 0 0.7 1 0 0 0 0.7 0.7 1 1 1 0.8 1 
1262307336 0 0.7 1 0 0 0 0.7 0.7 1 1 1 0.8 1 
1262307373 0 0.7 1 0 0 0 0.7 0.7 1 1 1 0.8 1 
1262307404 0 0.7 1 0.4 0 0 0.8 0.5 1 1 1 1 1 
1262307419 0 0.7 1 0.4 0 0 0.8 0.5 1 1 1 1 1 
1262307434 0 0.7 1 0.4 0 0 0.8 0.5 1 1 1 1 1 
1262307436 0 0.7 1 0.4 0 0 0.8 0.5 1 1 1 1 1 
1262307473 0 0.7 1 0.4 0 0 0.8 0.5 1 1 1 1 1 
1262307504 0 0.7 1 0 0 0 0.4 0 1 1 1 1 1 
1262307519 0 0.7 1 0 0 0 0.4 0 1 1 1 1 1 
1262307534 0 0.7 1 0 0 0 0.4 0 1 1 1 1 1 
1262307536 0 0.9 1 0 0 0 0.4 0 1 1 1 1 1 
1262307573 0 0.9 1 0 0 0 0.4 0 1 1 1 1 1 
1262307604 0 0.9 1 0 0 0 0.4 0 1 1 1 1 1 
1262307619 0 0.9 1 0 0 0 0.4 0 1 1 1 1 1 
1262307634 0 0.9 1 0 0 0 0.4 0 1 1 1 1 1 
1262307673 0 0.9 1 0 0 0 0.4 0 1 1 1 1 1 
1262307704 0 0.9 1 0 0 0 0 0 1 1 1 1 1 
1262307719 0 0.9 1 0 0 0 0 0 1 1 1 1 1 
1262307734 0 0.9 1 0 0 0 0 0 1 1 1 1 1 
1262307773 0 0.9 1 0 0 0 0 0 1 1 1 1 1 
1262307777 0 1 1 0 0 0 0 0 1 1 1 1 1 
1262307804 0 1 1 0 0 0 0 0 1 1 1 1 1 
1262307819 0 1 1 0 0 0 0 0 1 1 1 1 1 
1262307834 0 1 1 0 0 0 0 0 1 1 1 1 1 
1262307873 0 1 1 0 0 0 0 0 1 1 1 1 1 
1262307877 0 0.4 1 0 0 0 0 0 1 1 1 1 1 
1262307904 0 0.4 1 0 0 0 0 0.1 1 1 1 1 0.6 
1262307919 0 0.4 1 0 0 0 0 0.1 1 1 1 1 0.6 
1262307934 0 0.4 1 0 0 0 0 0.1 1 1 1 1 0.6 
1262307966 0 0.4 1 0 0 0 0 0.1 1 1 1 1 0.6 
1262307973 0 0.4 1 0 0 0 0 0.1 1 1 0.8 1 0.6 
1262307977 0 0.4 1 0 0 0 0 0.1 1 1 0.8 1 0.6 
1262308004 0 0.4 1 0.3 0 0 0.2 0.1 1 1 0.8 1 0.6 
1262308019 0 0.4 1 0.3 0 0 0.2 0.1 1 1 0.8 1 0.6 
1262308034 0 0.4 1 0.3 0 0 0.2 0.1 1 1 0.8 1 0.6 
1262308066 0 0.4 1 0.3 0 0 0.2 0.1 1 1 0.8 1 0.6 
1262308073 0 0.4 1 0.3 0 0 0.2 0.1 1 1 0.6 1 0.6 
1262308077 0 0.4 1 0.3 0 0 0.2 0.1 1 1 0.6 1 0.6 
1262308104 0 0.4 1 0.3 0 0 0.2 0.1 1 1 0.6 1 0.6 
1262308119 0 0.4 1 0.3 0 0 0.2 0.1 1 1 0.6 1 0.6 
1262308134 0 0.4 1 0.3 0 0 0.2 0.1 1 1 0.6 1 0.6 
1262308166 0 0.4 1 0.3 0 0 0.2 0.1 1 1 0.6 1 0.6 
1262308177 0 0.1 1 0.3 0 0 0.2 0.1 1 1 0.6 1 0.6 
1262308204 0 0.1 1 0 0 0 0.5 0 1 1 0.6 1 1 
1262308219 0 0.1 1 0 0 0.5 0.5 0 1 1 0.6 1 1 
1262308234 0 0.1 1 0 0 0.5 0.5 0 1 1 0.6 1 1 
1262308277 0 0.1 1 0 0 0.5 0.5 0 1 1 0.6 1 1 
1262308278 0 0.1 1 0 0 0.5 0.5 0 1 1 0.6 1 1 
1262308304 0 0.1 1 0 0 0.5 0.5 0 1 1 0.6 1 1 
1262308319 0 0.1 1 0 0 0.5 0.5 0 1 1 0.6 1 1 
1262308322 0 0.1 1 0 0 0.5 0.5 0 1 1 0.8 1 1 
1262308334 0 0.1 1 0 0 0.5 0.5 0 1 1 0.8 1 1 
1262308377 0 0.1 1 0 0 0.5 0.5 0 1 1 0.8 1 1 
1262308378 0 0.1 1 0 0 0.5 0.5 0 1 1 0.8 1 1 
1262308384 0 0.1 1 0 0 0.5 0.5 0 1 0.8 0.8 1 1 
1262308404 0 0.1 1 0 0 0.5 0.4 0 1 0.8 0.8 1 1 
1262308419 0 0.1 1 0 0 0.4 0.4 0 1 0.8 0.8 1 1 
1262308422 0 0.1 1 0 0 0.4 0.4 0 1 0.8 0.8 1 1 
1262308434 0 0.1 1 0 0 0.4 0.4 0 1 0.8 0.8 1 1 
1262308459 0 0.1 1 0 0 0.4 0.4 0 1 0.8 0.8 1 1 
1262308477 0 0.2 1 0 0 0.4 0.4 0 1 0.8 0.8 1 1 
1262308478 0 0.2 1 0 0 0.4 0.4 0 1 0.8 0.8 1 1 
1262308484 0 0.2 1 0 0 0.4 0.4 0 1 0.8 0.8 1 1 
