arrived:	node3#36	1
arrived:	node3#37	1
arrived:	node3#34	1
NOTIFS:
node3	:	60	sent
node1	:	60	sent
SUBS:
on	node1
	node1	:	0	received
on	node3
	node3	:	3	received
1262304604 0 - 1 0 0 0 - 0 - - - - - 
1262304704 0 - 1 0 0 0 0 0 1 - - 1 1 
1262304804 0 0 1 0 0 0 0 0 1 - - 1 1 
1262304904 0 0 1 0 0 0 0 0 1 - 1 1 1 
1262305004 0 0 1 0 0 0 0 0 1 1 1 0.83333333333333 1 
1262305104 0 0.4 1 0.14285714285714 0.14285714285714 0.4 0 0 1 1 1 0.625 1 
1262305204 0 0.4 1 0.7 0.5 0.4 0 0 0.88888888888889 1 1 0.7 0.88888888888889 
1262305304 0 0.5 1 0.7 0.1 0.4 0 0 0.88888888888889 1 1 0.7 0.88888888888889 
1262305341 0 0.5 1 0.7 0.1 0.4 0 0 0.88888888888889 1 1 0.7 0.88888888888889 
1262305396 0 0.5 1 0.7 0.1 0.4 0 0 0.88888888888889 1 1 0.7 0.88888888888889 
1262305404 0 0.7 1 0.7 0 0.4 0 0 0.9 1 0.9 0.8 0.88888888888889 
1262305441 0 0.7 1 0.7 0 0.4 0 0 0.9 1 0.9 0.8 0.88888888888889 
1262305468 0 0.7 1 0.7 0 0.4 0 0 0.9 1 0.9 0.8 0.88888888888889 
1262305482 0 0.7 1 0.7 0 0.4 0 0 0.9 1 0.9 0.8 0.88888888888889 
1262305496 0 0.7 1 0.7 0 0 0 0 0.9 1 0.9 0.8 0.88888888888889 
1262305504 0 0.9 1 0.7 0 0 0 0 1 1 1 0.8 0.88888888888889 
1262305541 0 0.9 1 0.7 0 0 0 0 1 1 1 0.8 0.88888888888889 
1262305568 0 0.9 1 0.7 0 0 0 0 1 1 1 0.8 0.9 
1262305582 0 0.9 1 0 0 0 0 0 1 1 1 0.8 0.9 
1262305596 0 0.9 1 0 0 0 0 0 1 1 1 0.8 0.9 
1262305604 0 0.9 1 0 0 0 0 0 1 1 1 0.8 0.9 
1262305641 0 0.9 1 0 0 0 0 0 1 1 1 0.8 0.9 
1262305668 0 0.9 1 0 0 0 0 0 1 1 1 0.8 1 
1262305682 0 0.9 1 0 0 0 0 0 1 1 1 0.8 1 
1262305696 0 0.9 1 0 0 0 0 0 1 1 1 0.8 1 
1262305704 0 0.9 1 0 0 0 0 0 1 1 1 0.8 1 
1262305741 0 0.9 1 0 0 0 0 0 1 1 1 0.8 1 
1262305782 0 0.9 1 0 0 0 0 0 1 1 1 0.8 1 
1262305796 0 0.9 1 0 0 0 0 0 1 1 1 0.8 1 
1262305804 0 0.2 1 0 0 0 0 0 1 1 1 0.8 1 
1262305841 0 0.2 1 0 0 0 0 0 1 1 1 0.8 1 
1262305867 0 0.2 1 0 0 0 0 0 1 1 1 0.8 1 
1262305882 0 0.2 1 0 0 0 0 0 1 1 1 0.8 1 
1262305896 0 0.2 1 0 0 0 0 0 1 1 1 0.8 1 
1262305904 0 0.2 1 0 0 0 0 0 1 1 1 1 1 
1262305941 0 0.2 1 0 0 0 0 0 1 1 1 1 1 
1262305967 0 0.2 1 0 0 0 0 0 1 1 1 1 1 
1262305982 0 0.2 1 0 0 0 0 0 1 1 1 1 1 
1262306004 0 0.2 1 0 0 0 0 0 1 1 1 1 1 
1262306041 0 0.2 1 0 0 0 0 0 1 1 1 1 1 
1262306056 0 0.2 1 0 0 0 0 0 1 1 1 1 1 
1262306067 0 0.2 1 0 0 0 0 0 1 1 1 1 1 
1262306082 0 0.2 1 0 0 0 0 0 1 1 1 1 1 
1262306104 0 0.2 1 0 0 0 0 0 1 1 1 1 1 
1262306129 0 0.2 1 0 0 0 0 0 1 1 1 1 1 
1262306141 0 0.2 1 0 0 0 0 0 1 1 1 1 1 
1262306156 0 0.2 1 0 0 0 0 0 1 1 1 1 1 
1262306167 0 0.2 1 0 0 0 0 0 1 1 1 1 1 
1262306182 0 0.2 1 0 0 0 0 0 1 1 1 1 1 
1262306204 0 0.2 1 0 0 0 0 0 1 1 1 1 1 
1262306229 0 0.2 1 0 0 0 0 0 1 1 1 1 1 
1262306241 0 0.2 1 0 0 0 0 0 1 1 1 1 1 
1262306256 0 0.2 1 0 0 0 0 0 1 1 1 1 1 
1262306267 0 0.2 1 0 0 0 0 0 1 1 1 1 1 
1262306282 0 0.2 1 0 0 0 0 0 1 1 1 1 1 
1262306304 0 0.2 1 0 0 0 0 0 1 0.6 1 1 1 
1262306329 0 0.2 1 0 0 0.4 0 0 1 0.6 1 1 1 
1262306341 0 0.2 1 0 0 0.4 0 0 1 0.6 1 1 1 
1262306356 0 0.2 1 0 0 0.4 0 0 1 0.6 1 1 1 
1262306367 0 0.2 1 0 0 0.4 0 0 1 0.6 1 1 1 
1262306382 0 0.2 1 0 0 0.4 0 0 1 0.6 1 1 1 
1262306388 0 0.2 1 0 0 0.4 0 0 1 0.6 1 1 1 
1262306404 0 0.1 1 0 0 0.4 0 0 1 0.6 1 1 1 
1262306429 0 0.1 1 0 0 0.4 0 0 1 0.6 1 1 1 
1262306441 0 0.1 1 0 0 0.4 0 0 1 0.6 1 1 1 
1262306456 0 0.1 1 0 0 0.4 0 0 1 0.6 1 1 1 
1262306467 0 0.1 1 0 0 0.4 0 0 1 0.6 1 1 1 
1262306482 0 0.1 1 0 0 0.4 0 0 1 0.6 1 1 1 
1262306488 0 0.1 1 0 0 0.4 0 0 1 0.6 1 1 1 
1262306492 0 0.1 1 0 0 0.4 0 0 1 0.6 1 0.9 1 
1262306504 0 0.1 1 0 0 0.4 0 0 1 0.6 1 0.9 1 
1262306529 0 0.1 1 0 0 0.4 0 0 1 0.6 1 0.9 1 
1262306541 0 0.1 1 0 0 0.4 0 0 1 0.6 1 0.9 1 
1262306556 0 0.1 1 0 0 0.4 0 0 1 0.6 1 0.9 1 
1262306582 0 0.1 1 0 0 0.4 0 0 1 0.6 1 0.9 1 
1262306588 0 0.1 1 0 0 0.4 0 0 1 0.6 1 0.9 1 
1262306592 0 0.1 1 0 0 0.4 0 0 1 0.6 1 0.9 1 
1262306604 0 0.5 1 0 0 0.4 0 0 1 0.6 1 0.9 1 
1262306629 0 0.5 1 0 0 0.1 0 0 1 0.6 1 0.9 1 
1262306641 0 0.5 1 0 0 0.1 0 0 1 0.6 1 0.9 1 
1262306656 0 0.5 1 0 0 0.1 0 0 0.5 0.6 1 0.9 1 
1262306681 0 0.5 1 0 0 0.1 0 0 0.5 0.6 1 0.9 1 
1262306682 0 0.5 1 0 0 0.1 0 0 0.5 0.6 1 0.9 1 
1262306688 0 0.5 1 0 0 0.1 0 0 0.5 0.6 1 0.9 1 
1262306692 0 0.5 1 0 0 0.1 0 0 0.5 0.6 1 0.9 1 
1262306704 0 0.7 1 0 0.7 0.1 0 0 0.5 0.6 1 0.9 1 
1262306729 0 0.7 1 0 0.7 0 0 0 0.5 0.6 1 0.9 1 
1262306741 0 0.7 1 0 0.7 0 0.1 0 0.5 0.6 1 0.9 1 
1262306756 0 0.7 1 0 0.7 0 0.1 0 0.8 0.6 1 0.9 1 
1262306781 0 0.7 1 0 0.7 0 0.1 0 0.8 0.6 1 0.9 1 
1262306782 0 0.7 1 0 0.7 0 0.1 0 0.8 0.6 1 0.9 1 
1262306788 0 0.7 1 0 0.7 0 0.1 0 0.8 0.6 1 0.9 1 
1262306792 0 0.7 1 0 0.7 0 0.1 0 0.8 0.6 1 0.9 1 
1262306804 0 0.7 1 0 0.7 0 0.1 0 0.8 0.6 0.7 0.9 1 
1262306829 0 0.7 1 0 0.7 0 0.1 0 0.8 0.6 0.7 0.9 1 
1262306841 0 0.7 1 0 0.7 0 0.7 0 0.8 0.6 0.7 0.9 1 
1262306856 0 0.7 1 0 0.7 0 0.7 0 0.8 0.6 0.7 0.9 1 
1262306881 0 0.7 1 0 0.7 0 0.7 0 0.8 1 0.7 0.9 1 
1262306882 0 0.7 1 0 0.7 0 0.7 0 0.8 1 0.7 0.9 1 
1262306888 0 0.7 1 0 0.7 0 0.7 0 0.8 1 0.7 0.9 1 
1262306892 0 0.7 1 0 0.7 0 0.7 0 0.8 1 0.7 1 1 
1262306904 0 0.7 1 0 0.3 0 0.7 0 0.8 1 0.5 1 1 
1262306929 0 0.7 1 0 0.3 0 0.7 0 0.8 1 0.5 1 1 
1262306941 0 0.7 1 0 0.3 0 0.3 0 0.8 1 0.5 1 1 
1262306956 0 0.7 1 0 0.3 0 0.3 0 0.8 1 0.5 1 1 
1262306981 0 0.7 1 0 0.3 0 0.3 0 0.8 1 0.5 1 1 
1262306982 0 0.7 1 0 0.3 0 0.3 0 0.8 1 0.5 1 1 
1262306988 0 0.7 1 0 0.3 0 0.3 0 0.8 1 0.5 1 1 
1262306992 0 0.7 1 0 0.3 0 0.3 0 0.8 1 0.5 1 1 
1262307004 0 0.3 1 0 0.3 0 0.3 0 0.8 1 0.5 1 1 
1262307029 0 0.3 1 0 0.3 0 0.3 0 0.8 1 0.5 1 1 
1262307041 0 0.3 1 0 0.3 0 0.3 0 0.8 1 0.5 1 1 
1262307056 0 0.3 1 0 0.3 0 0.3 0 1 1 0.5 1 1 
1262307081 0 0.3 1 0 0.3 0 0.3 0 1 1 0.5 1 1 
1262307082 0 0.3 1 0 0.3 0 0.3 0 1 1 0.5 1 1 
1262307088 0 0.3 1 0 0.3 0 0.3 0 1 1 0.5 1 1 
1262307092 0 0.3 1 0 0.3 0 0.3 0 1 1 0.5 1 1 
1262307104 0 0.3 1 0 0.3 0 0.3 0 1 1 0.7 1 1 
1262307129 0 0.3 1 0 0.3 0 0.3 0 1 1 0.7 1 1 
1262307133 0 0.3 1 0 0.3 0 0.3 0 1 1 0.7 1 1 
1262307141 0 0.3 1 0 0.3 0 0.3 0 1 1 0.7 1 1 
1262307156 0 0.3 1 0 0.3 0 0.3 0 1 1 0.7 1 1 
1262307174 0 0.3 1 0 0.3 0 0.3 0 1 1 0.7 1 0.8 
1262307181 0 0.3 1 0 0.3 0 0.3 0 1 1 0.7 1 0.8 
1262307182 0 0.3 1 0 0.3 0 0.3 0 1 1 0.7 1 0.8 
1262307188 0 0.3 1 0 0.3 0 0.3 0 1 1 0.7 1 0.8 
1262307192 0 0.3 1 0 0.3 0 0.3 0 1 1 0.7 1 0.8 
1262307204 0 0.2 1 0 0.2 0 0.3 0 1 1 0.9 1 0.8 
1262307229 0 0.2 1 0 0.2 0 0.3 0 1 1 0.9 1 0.8 
1262307233 0 0.2 1 0 0.2 0 0.3 0 1 1 0.9 1 0.8 
1262307241 0 0.2 1 0 0.2 0 0.3 0 1 1 0.9 1 0.8 
1262307256 0 0.2 1 0 0.2 0 0.3 0 0.8 1 0.9 1 0.8 
1262307274 0 0.2 1 0 0.2 0 0.3 0 0.8 1 0.9 1 1 
1262307281 0 0.2 1 0 0.2 0 0.3 0 0.8 0.9 0.9 1 1 
1262307282 0 0.2 1 0 0.2 0 0.3 0 0.8 0.9 0.9 1 1 
1262307288 0 0.2 1 0 0.2 0 0.3 0 0.8 0.9 0.9 1 1 
1262307292 0 0.2 1 0 0.2 0 0.3 0 0.8 0.9 0.9 1 1 
1262307304 0 0.2 1 0 0.2 0 0.3 0 0.8 0.9 1 1 1 
1262307329 0 0.2 1 0 0.2 0 0.3 0 0.8 0.9 1 1 1 
1262307333 0 0.2 1 0 0.2 0 0.3 0 0.8 0.9 1 1 1 
1262307341 0 0.2 1 0 0.2 0 0.3 0 0.8 0.9 1 1 1 
1262307356 0 0.2 1 0 0.2 0 0.3 0 0.7 0.9 1 1 1 
1262307374 0 0.2 1 0 0.2 0 0.3 0 0.7 0.9 1 1 1 
1262307381 0 0.2 1 0 0.2 0 0.3 0 0.7 0.9 1 1 1 
1262307382 0 0.2 1 0 0.2 0 0.3 0 0.7 0.9 1 1 1 
1262307388 0 0.2 1 0 0.2 0 0.3 0 0.7 0.9 1 1 1 
1262307392 0 0.2 1 0 0.2 0 0.3 0 0.7 0.9 1 1 1 
1262307404 0 0.2 1 0 0.2 0 0.3 0 0.7 0.9 1 1 1 
1262307429 0 0.2 1 0 0.2 0 0.3 0 0.7 0.9 1 1 1 
1262307433 0 0.2 1 0 0.2 0 0.3 0 0.7 0.9 1 1 1 
1262307441 0 0.2 1 0 0.2 0 0.3 0 0.7 0.9 1 1 1 
1262307456 0 0.2 1 0 0.2 0 0.3 0 0.7 0.9 1 1 1 
1262307474 0 0.2 1 0 0.2 0 0.3 0 0.7 0.9 1 1 1 
1262307481 0 0.2 1 0 0.2 0 0.3 0 0.7 0.7 1 1 1 
1262307482 0 0.2 1 0 0.2 0 0.3 0 0.7 0.7 1 1 1 
1262307488 0 0.2 1 0 0.2 0 0.3 0 0.7 0.7 1 1 1 
1262307492 0 0.2 1 0 0.2 0 0.3 0 0.7 0.7 1 1 1 
1262307504 0 0.2 1 0 0.5 0 0.3 0.7 0.7 0.7 1 1 1 
1262307529 0 0.2 1 0 0.5 0 0.3 0.7 0.7 0.7 1 1 1 
1262307533 0 0.2 1 0 0.5 0 0.3 0.7 0.7 0.7 1 1 1 
1262307541 0 0.2 1 0 0.5 0 0.3 0.7 0.7 0.7 1 1 1 
1262307556 0 0.2 1 0 0.5 0 0.3 0.7 1 0.7 1 1 1 
1262307574 0 0.2 1 0 0.5 0 0.3 0.7 1 0.7 1 1 1 
1262307581 0 0.2 1 0 0.5 0 0.3 0.7 1 1 1 1 1 
1262307582 0 0.2 1 0 0.5 0 0.3 0.7 1 1 1 1 1 
1262307588 0 0.2 1 0 0.5 0 0.3 0.7 1 1 1 1 1 
1262307592 0 0.2 1 0 0.5 0 0.3 0.7 1 1 1 1 1 
1262307604 0 0.9 1 0 0.5 0 0.3 0.7 1 1 1 1 1 
1262307629 0 0.9 1 0 0.5 0 0.3 0.7 1 1 1 1 1 
1262307633 0 0.9 1 0 0.5 0 0.3 0.7 1 1 1 1 1 
1262307641 0 0.9 1 0 0.5 0 0.3 0.7 1 1 1 1 1 
1262307656 0 0.9 1 0 0.5 0 0.3 0.7 1 1 1 1 1 
1262307674 0 0.9 1 0 0.5 0 0.3 0.7 1 1 1 1 1 
1262307681 0 0.9 1 0 0.5 0 0.3 0.7 1 1 1 1 1 
1262307682 0 0.9 1 0.8 0.5 0 0.3 0.7 1 1 1 1 1 
1262307688 0 0.9 1 0.8 0.5 0 0.3 0.7 1 1 1 1 1 
1262307692 0 0.9 1 0.8 0.5 0 0.3 0.7 1 1 1 1 1 
1262307704 0 0.9 1 0.8 0 0 0.3 0.7 1 1 1 1 1 
1262307729 0 0.9 1 0.8 0 0 0.3 0.7 1 1 1 1 1 
1262307733 0 0.9 1 0.8 0 0 0.3 0.7 1 1 1 1 1 
1262307741 0 0.9 1 0.8 0 0 0.3 0.7 1 1 1 1 1 
1262307756 0 0.9 1 0.8 0 0 0.3 0.7 1 1 1 1 1 
1262307774 0 0.9 1 0.8 0 0 0.3 0.7 1 1 1 1 1 
1262307781 0 0.9 1 0.8 0 0 0.3 0.7 1 1 1 1 1 
1262307782 0 0.9 1 0.8 0 0 0.3 0.1 1 1 1 1 1 
1262307788 0 0.9 1 0.8 0 0 0.3 0.1 1 1 1 1 1 
1262307792 0 0.9 1 0.8 0 0 0.3 0.1 1 1 1 1 1 
1262307804 0 0.9 1 0.8 0 0 0.3 0.1 1 1 1 1 1 
1262307829 0 0.9 1 0.8 0 0 0.3 0.1 1 1 1 1 1 
1262307833 0 0.9 1 0.8 0 0 0.3 0.1 1 1 1 1 1 
1262307841 0 0.9 1 0.8 0 0 0 0.1 1 1 1 1 1 
1262307856 0 0.9 1 0.8 0 0 0 0.1 1 1 1 1 1 
1262307874 0 0.9 1 0.8 0 0 0 0.1 1 1 1 1 1 
1262307881 0 0.9 1 0.8 0 0 0 0.1 1 1 1 1 1 
1262307882 0 0.9 1 0.8 0 0 0 0 1 1 1 1 1 
1262307888 0 0.9 1 0.8 0 0 0 0 1 1 1 1 1 
1262307892 0 0.9 1 0.8 0 0 0 0 1 1 1 1 1 
1262307904 0 0.9 1 0.8 0 0 0 0 1 1 1 1 1 
1262307929 0 0.9 1 0.8 0 0 0 0 1 1 1 1 1 
1262307933 0 0.9 1 0.8 0 0 0 0 1 1 1 1 1 
1262307941 0 0.9 1 0.8 0 0 0 0 1 1 1 1 1 
1262307956 0 0.9 1 0.8 0 0 0 0 1 1 1 1 1 
1262307974 0 0.9 1 0.8 0 0 0 0 1 1 1 1 1 
1262307981 0 0.9 1 0.8 0 0 0 0 1 1 1 1 1 
1262307982 0 0.9 1 0.8 0 0 0 0 1 1 1 1 1 
1262307988 0 0.9 1 0.8 0 0 0 0 1 1 1 1 1 
1262307992 0 0.9 1 0.8 0 0 0 0 1 1 1 1 1 
1262308004 0 1 1 0.8 0 0 0 0 1 1 1 1 1 
1262308029 0 1 1 0.8 0 0 0 0 1 1 1 1 1 
1262308033 0 1 1 0.8 0 0 0 0 1 1 1 1 1 
1262308041 0 1 1 0.8 0 0 0 0 1 1 1 1 1 
1262308056 0 1 1 0.8 0 0 0 0 1 1 1 1 1 
1262308074 0 1 1 0.8 0 0 0 0 1 1 1 1 1 
1262308081 0 1 1 0.8 0 0 0 0 1 1 1 1 1 
1262308082 0 1 1 0.8 0 0 0 0 1 1 1 1 1 
1262308088 0 1 1 0.8 0 0 0 0 1 1 1 1 1 
1262308092 0 1 1 0.8 0 0 0 0 1 1 1 1 1 
1262308104 0 1 1 0.8 0 0 0 0 1 1 1 1 1 
1262308129 0 1 1 0.8 0 0 0 0 1 1 1 1 1 
1262308133 0 1 1 0.8 0 0 0 0 1 1 1 1 1 
1262308141 0 1 1 0.8 0 0 0 0 1 1 1 1 1 
1262308156 0 1 1 0.8 0 0 0 0 1 1 1 1 1 
1262308174 0 1 1 0.8 0 0 0 0 1 1 1 1 1 
1262308181 0 1 1 0.8 0 0 0 0 1 1 1 1 1 
1262308182 0 1 1 0.1 0 0 0 0 1 1 1 1 1 
1262308188 0 1 1 0.1 0 0 0 0 1 1 1 1 1 
1262308192 0 1 1 0.1 0 0 0 0 1 1 1 1 1 
1262308204 0 0.5 1 0.1 0 0 0 0 1 1 1 1 1 
1262308229 0 0.5 1 0.1 0 0 0 0 1 1 1 1 1 
1262308233 0 0.5 1 0.1 0 0 0 0 1 1 1 1 1 
1262308241 0 0.5 1 0.1 0 0 0.2 0 1 1 1 1 1 
1262308256 0 0.5 1 0.1 0 0 0.2 0 1 1 1 1 1 
1262308274 0 0.5 1 0.1 0 0 0.2 0 1 1 1 1 1 
1262308281 0 0.5 1 0.1 0 0 0.2 0 1 1 1 1 1 
1262308282 0 0.5 1 0.1 0 0 0.2 0 1 1 1 1 1 
1262308288 0 0.5 1 0.1 0 0 0.2 0 1 1 1 1 1 
1262308292 0 0.5 1 0.1 0 0 0.2 0 1 1 1 1 1 
1262308304 0 0.5 1 0.1 0 0 0.2 0 1 1 0.4 1 1 
1262308329 0 0.5 1 0.1 0 0 0.2 0 1 1 0.4 1 1 
1262308333 0 0.5 1 0.1 0 0 0.2 0 1 1 0.4 1 1 
1262308341 0 0.5 1 0.1 0 0 0 0 1 1 0.4 1 1 
1262308356 0 0.5 1 0.1 0 0 0 0 1 1 0.4 1 1 
1262308374 0 0.5 1 0.1 0 0 0 0 1 1 0.4 1 1 
1262308381 0 0.5 1 0.1 0 0 0 0 1 1 0.4 1 1 
1262308382 0 0.5 1 0 0 0 0 0 1 1 0.4 1 1 
1262308388 0 0.5 1 0 0 0 0 0 1 1 0.4 1 1 
1262308392 0 0.5 1 0 0 0 0 0 1 1 0.4 1 1 
1262308404 0 0.5 1 0 0 0 0 0 1 1 0.4 1 1 
1262308429 0 0.5 1 0 0 0 0 0 1 1 0.4 1 1 
1262308433 0 0.5 1 0 0 0 0 0 1 1 0.4 1 1 
1262308441 0 0.5 1 0 0 0 0 0 1 1 0.4 1 1 
1262308456 0 0.5 1 0 0 0 0 0 1 1 0.4 1 1 
1262308474 0 0.5 1 0 0 0 0 0 1 1 0.4 1 1 
1262308481 0 0.5 1 0 0 0 0 0 1 1 0.4 1 1 
1262308482 0 0.5 1 0 0 0 0 0.5 1 1 0.4 1 1 
1262308484 0 0.1 1 0 0 0 0 0.5 1 1 0.4 1 1 
1262308488 0 0.1 1 0 0 0 0 0.5 1 1 0.4 1 1 
1262308492 0 0.1 1 0 0 0 0 0.5 1 1 0.4 1 1 
