arrived:	node1#10	1
arrived:	node3#10	1
arrived:	node3#9	1
arrived:	node1#7	1
arrived:	node1#9	1
arrived:	node1#8	1
arrived:	node1#11	1
arrived:	node3#8	1
arrived:	node3#11	1
NOTIFS:
node3	:	60	sent
node1	:	60	sent
SUBS:
on	node1
	node1	:	5	received
on	node3
	node3	:	4	received
1262304604 0 - 1 - 0 0 - - - 1 - - - 
1262304704 0 - 1 - 0 0 - - - 1 - - - 
1262304804 0 0 1 0 0 0 0 0 - 1 - - - 
1262304904 0 0 1 0 0 0.2 0 0 1 0.33333333333333 1 - - 
1262305004 0 0.2 1 0 0 0.2 0 0 1 0.33333333333333 1 - - 
1262305104 0 0.1 1 0 0 0.1 0 0 1 0.33333333333333 1 1 1 
1262305109 0 0.1 1 0 0 0.1 0 0 1 0.33333333333333 1 1 1 
1262305204 0 0.1 1 0 0 0 0 0 1 0.33333333333333 1 1 1 
1262305209 0 0.1 1 0 0 0 0 0 1 0.9 1 1 1 
1262305304 0 0.1 1 0 0 0 0 0 1 0.9 1 1 1 
1262305309 0 0.1 1 0 0 0 0 0 1 0.9 1 1 1 
1262305372 0 0.1 1 0 0 0 0 0 1 0.9 1 1 1 
1262305404 0 0.6 1 0 0 0 0 0 1 0.9 1 1 1 
1262305409 0 0.6 1 0 0 0 0 0 1 0.9 1 1 1 
1262305472 0 0.6 1 0 0 0 0 0 1 0.9 1 1 1 
1262305504 0 0.5 1 0 0 0.4 0.4 0 1 0.9 1 1 1 
1262305509 0 0.5 1 0 0 0.4 0.4 0 1 0.6 1 1 1 
1262305572 0 0.5 1 0 0 0.4 0.4 0 1 0.6 1 1 1 
1262305604 0 0.6 1 0 0 0.4 0.5 0 1 0.6 1 0.6 0.9 
1262305609 0 0.6 1 0 0 0.4 0.5 0 1 0.6 1 0.6 0.9 
1262305672 0 0.6 1 0 0 0.4 0.5 0 1 0.6 1 0.6 0.9 
1262305704 0 0.6 1 0 0 0.5 0.5 0 1 0.6 0.8 0.6 0.9 
1262305709 0 0.6 1 0 0 0.5 0.5 0 1 0.6 0.8 0.6 0.9 
1262305772 0 0.6 1 0 0 0.5 0.5 0 1 0.6 0.8 0.6 0.9 
1262305804 0 0.6 1 0 0 0.5 0 0 1 0.6 0.8 0.6 0.9 
1262305809 0 0.6 1 0 0 0.5 0 0 1 0.6 0.8 0.6 0.9 
1262305872 0 0.6 1 0 0 0.5 0 0 1 0.6 0.8 0.6 0.9 
1262305904 0 0.6 1 0 0 0.2 0 0 1 0.6 0.8 0.6 0.9 
1262305909 0 0.6 1 0 0 0.2 0 0 1 0.6 0.8 0.6 0.9 
1262305972 0 0.6 1 0 0 0.2 0 0 1 0.6 0.8 0.6 0.9 
1262306004 0 0.4 1 0 0 0 0 0.1 1 0.6 0.8 0.6 0.9 
1262306009 0 0.4 1 0 0 0 0 0.1 1 0.6 0.8 0.6 0.9 
1262306072 0 0.4 1 0 0 0 0 0.1 1 0.6 0.8 0.6 0.9 
1262306104 0 0.2 1 0 0 0 0 0.1 1 0.6 0.8 0.6 0.9 
1262306172 0 0.2 1 0 0 0 0 0.1 1 0.6 0.8 0.6 0.9 
1262306204 0 0 1 0.1 0 0 0 0.1 1 0.6 0.2 0.6 0.9 
1262306243 0 0 1 0.1 0 0 0 0.1 1 0.6 0.2 0.6 0.9 
1262306272 0 0 1 0.1 0 0 0 0.1 1 0.6 0.2 0.6 0.9 
1262306304 0 0 1 0 0 0 0 0 1 0.6 0.2 0.6 0.9 
1262306343 0 0 1 0 0 0 0 0 1 1 0.2 0.6 0.9 
1262306372 0 0 1 0 0 0 0 0 1 1 0.2 0.6 0.9 
1262306404 0 0 1 0 0 0 0 0 1 1 0.2 0.1 1 
1262306443 0 0 1 0 0 0 0 0 1 1 0.2 0.1 1 
1262306472 0 0 1 0 0 0 0 0 1 1 0.2 0.1 1 
1262306504 0 0 1 0 0 0 0 0 1 1 0.9 0.1 1 
1262306543 0 0 1 0 0 0 0 0 1 1 0.9 0.1 1 
1262306572 0 0 1 0 0 0 0 0 1 1 0.9 0.1 1 
1262306604 0 0 1 0 0 0 0 0 1 1 0.9 0.9 1 
1262306643 0 0 1 0 0 0 0 0 1 1 0.9 0.9 1 
1262306672 0 0 1 0 0 0 0 0 1 1 0.9 0.9 1 
1262306704 0 0.9 1 0 0 0 0 0 0.9 1 0.9 0.9 1 
1262306743 0 0.9 1 0 0 0 0 0 0.9 1 0.9 0.9 1 
1262306772 0 0.9 1 0 0 0 0 0 0.9 1 0.9 0.9 1 
1262306804 0 0.7 1 0.7 0 0 0 0 0.9 1 0.7 0.9 0.7 
1262306843 0 0.7 1 0.7 0 0 0 0 0.9 1 0.7 0.9 0.7 
1262306872 0 0.7 1 0.7 0 0 0 0 0.9 1 0.7 0.9 0.7 
1262306904 0 0.6 1 0.7 0 0 0 0 0.9 1 0.7 1 0.7 
1262306943 0 0.6 1 0.7 0 0 0 0 0.9 1 0.7 1 0.7 
1262306972 0 0.6 1 0.7 0 0 0 0 0.9 1 0.7 1 0.7 
1262307004 0 0.7 1 0.7 0 0 0 0 0.9 1 0.7 1 0.7 
1262307043 0 0.7 1 0.7 0 0 0 0 0.9 1 0.7 1 0.7 
1262307072 0 0.7 1 0.7 0 0 0 0 0.9 1 0.7 1 0.7 
1262307104 0 0.7 1 0.7 0 0 0 0 0.9 1 0.7 1 1 
1262307143 0 0.7 1 0.7 0 0 0 0 0.9 1 0.7 1 1 
1262307172 0 0.7 1 0.7 0 0 0 0 0.9 1 0.7 1 1 
1262307204 0 0.7 1 0.7 0 0 0 0 0.9 1 0.7 1 1 
1262307243 0 0.7 1 0.7 0 0 0 0 0.9 1 0.7 1 1 
1262307272 0 0.7 1 0.7 0 0 0 0 0.9 1 0.7 1 1 
1262307304 0 0.7 1 0.7 0 0 0 0 1 1 1 1 1 
1262307343 0 0.7 1 0.7 0 0 0 0 1 1 1 1 1 
1262307361 0 0.7 1 0.7 0 0 0 0 1 1 1 1 1 
1262307372 0 0.7 1 0.7 0 0 0 0 1 1 1 1 1 
1262307404 0 0.3 1 0.1 0 0 0 0 1 1 1 1 1 
1262307443 0 0.3 1 0.1 0 0 0 0 1 1 1 1 1 
1262307461 0 0.3 1 0.1 0 0 0 0 1 1 1 1 1 
1262307469 0 0.3 1 0.1 0 0 0 0 1 1 1 1 1 
1262307472 0 0.3 1 0.1 0 0 0 0 1 1 1 1 1 
1262307504 0 0.3 1 0 0 0 0 0.5 1 1 0.9 1 1 
1262307543 0 0.3 1 0 0 0 0 0.5 1 0.7 0.9 1 1 
1262307561 0 0.3 1 0 0 0 0 0.5 1 0.7 0.9 1 1 
1262307569 0 0.3 1 0 0 0 0 0.5 1 0.7 0.9 1 1 
1262307572 0 0.3 1 0 0 0 0 0.5 1 0.7 0.9 1 1 
1262307604 0 0.4 1 0 0.2 0.5 0 0.5 1 0.7 0.5 0.6 0.7 
1262307643 0 0.4 1 0 0.2 0.5 0 0.5 1 0.6 0.5 0.6 0.7 
1262307661 0 0.4 1 0 0.2 0.5 0 0.5 1 0.6 0.5 0.6 0.7 
1262307669 0 0.4 1 0 0.2 0.5 0 0.5 1 0.6 0.5 0.6 0.7 
1262307672 0 0.4 1 0 0.2 0.5 0 0.5 1 0.6 0.5 0.6 0.7 
1262307704 0 0.4 1 0 0.2 0.5 0 0.5 1 0.6 0.5 0.6 0.7 
1262307743 0 0.4 1 0 0.2 0.5 0 0.5 1 0.6 0.5 0.6 0.7 
1262307761 0 0.4 1 0 0.2 0.5 0 0.5 1 0.6 0.5 0.6 0.7 
1262307769 0 0.4 1 0 0.2 0.5 0 0.5 1 0.6 0.5 0.6 0.7 
1262307772 0 0.4 1 0 0.2 0.5 0 0.5 1 0.6 0.5 0.6 0.7 
1262307804 0 0.4 1 0 0.2 0.2 0 0.2 1 0.6 0.5 0.6 1 
1262307805 0 0.4 1 0 0.3 0.2 0 0.2 1 0.6 0.5 0.6 1 
1262307861 0 0.4 1 0 0.3 0.2 0 0.2 1 0.6 0.5 0.6 1 
1262307869 0 0.4 1 0 0.3 0.2 0 0.2 1 0.6 0.5 0.6 1 
1262307872 0 0.4 1 0 0.3 0.2 0 0.2 1 0.6 0.5 0.6 1 
1262307904 0 0.3 1 0.3 0.3 0.2 0 0 0.7 0.6 0.3 0.6 1 
1262307905 0 0.3 1 0.3 0.1 0.2 0 0 0.7 0.6 0.3 0.6 1 
1262307961 0 0.3 1 0.3 0.1 0.2 0.2 0 0.7 0.6 0.3 0.6 1 
1262307969 0 0.3 1 0.3 0.1 0.2 0.2 0 0.7 0.6 0.3 0.6 1 
1262307972 0 0.3 1 0.3 0.1 0.2 0.2 0 0.7 0.6 0.3 0.6 1 
1262307994 0 0.3 1 0.3 0.1 0.2 0.2 0 0.7 0.3 0.3 0.6 1 
1262308004 0 0.3 1 0.3 0.1 0.1 0.2 0 0.7 0.3 0.3 0.6 1 
1262308005 0 0.3 1 0.3 0.1 0.1 0.2 0 0.7 0.3 0.3 0.6 1 
1262308061 0 0.3 1 0.3 0.1 0.1 0.2 0 0.7 0.3 0.3 0.6 1 
1262308069 0 0.3 1 0.3 0.1 0.1 0.2 0 0.7 0.3 0.3 0.6 1 
1262308072 0 0.3 1 0.3 0.1 0.1 0.2 0 0.7 0.3 0.3 0.6 1 
1262308094 0 0.3 1 0.3 0.1 0.1 0.2 0 0.7 0.5 0.3 0.6 1 
1262308104 0 0.3 1 0.3 0.1 0.1 0.2 0 0.7 0.5 0.7 0.4 1 
1262308105 0 0.3 1 0.3 0 0.1 0.2 0 0.7 0.5 0.7 0.4 1 
1262308161 0 0.3 1 0.3 0 0.1 0.2 0 0.7 0.5 0.7 0.4 1 
1262308169 0 0.3 1 0.3 0 0.1 0.2 0 0.7 0.5 0.7 0.4 1 
1262308172 0 0.3 1 0.3 0 0.1 0.2 0 0.7 0.5 0.7 0.4 1 
1262308194 0 0.3 1 0.3 0 0.1 0.2 0 0.7 0.5 0.7 0.4 1 
1262308204 0 0.3 1 0.3 0 0.1 0.2 0 0.7 0.5 0.7 1 1 
1262308205 0 0.3 1 0.3 0 0.1 0.2 0 0.7 0.5 0.7 1 1 
1262308235 0 0.3 1 0.3 0 0.1 0.2 0 0.7 0.5 0.7 1 1 
1262308261 0 0.3 1 0.3 0 0.1 0.2 0 0.7 0.5 0.7 1 1 
1262308269 0 0.3 1 0.3 0 0.1 0.2 0 0.7 0.5 0.7 1 1 
1262308272 0 0.3 1 0.3 0 0.1 0.2 0 0.7 0.5 0.7 1 1 
1262308294 0 0.3 1 0.3 0 0.1 0.2 0 0.7 0.5 0.7 1 1 
1262308304 0 0.1 1 0.3 0 0.1 0.2 0 0.7 0.5 0.7 1 1 
1262308305 0 0.1 1 0.3 0 0.1 0.2 0 0.7 0.5 0.7 1 1 
1262308335 0 0.1 1 0.3 0 0.1 0.2 0 0.7 0.5 0.7 1 1 
1262308361 0 0.1 1 0.3 0 0.1 0.1 0 0.7 0.5 0.7 1 1 
1262308369 0 0.1 1 0.3 0 0.1 0.1 0 0.7 0.5 0.7 1 1 
1262308372 0 0.1 1 0.3 0 0.1 0.1 0 0.7 0.5 0.7 1 1 
1262308394 0 0.1 1 0.3 0 0.1 0.1 0 0.7 1 0.7 1 1 
1262308404 0 0.1 1 0.3 0 0.1 0.1 0 0.7 1 0.8 1 1 
1262308405 0 0.1 1 0.3 0 0.1 0.1 0 0.7 1 0.8 1 1 
1262308435 0 0.1 1 0.3 0 0.1 0.1 0 0.7 1 0.8 1 1 
1262308461 0 0.1 1 0.3 0 0.1 0.1 0 0.7 1 0.8 1 1 
1262308469 0 0.1 1 0.3 0 0.1 0.1 0 0.7 1 0.8 1 1 
1262308472 0 0.1 1 0.3 0 0.1 0.1 0 0.7 1 0.8 1 1 
1262308494 0 0.1 1 0.3 0 0.1 0.1 0 0.7 1 0.8 1 1 
