arrived:	node3#12	1
arrived:	node3#14	1
arrived:	node3#13	1
arrived:	node1#13	1
NOTIFS:
node3	:	60	sent
node1	:	60	sent
SUBS:
on	node1
	node1	:	1	received
on	node3
	node3	:	3	received
1262304604 0 - 1 - - - - 0 - - - - - 
1262304704 0 - 1 - 0 0 - 0 - - - - - 
1262304804 0 0 1 - 0 0 - 0 - 0 - - - 
1262304904 0 0 1 - 0 0 - 0 - 0 - 0 0 
1262305004 0 0 1 0 0 0 0 0 - 0 - 0 0 
1262305104 0 0 1 0 0 0 0 0 - 0.9 1 0 0 
1262305204 0 0 1 0 0 0 0 0 - 1 1 0 1 
1262305304 0 0 1 0 0 0 0 0 - 1 1 0 1 
1262305404 0 0 1 0 0 0 0 0 1 1 1 0 1 
1262305504 0 1 1 0 0 0 0 0 1 1 1 0.9 1 
1262305571 0 1 1 0 0 0 0 0 1 1 1 0.9 1 
1262305587 0 1 1 0 0 0 0 0 1 1 1 0.9 1 
1262305604 0 1 1 0 0 0 0 0 1 1 1 1 1 
1262305671 0 1 1 0 0 0 0 0 1 1 1 1 1 
1262305687 0 1 1 0 0 0 0 0 1 1 1 1 1 
1262305704 0 1 1 0 0 0.6 0 0 1 0.6 1 1 1 
1262305771 0 1 1 0 0 0.6 0 0.3 1 0.6 1 1 1 
1262305787 0 1 1 0 0 0.6 0 0.3 1 0.6 1 1 1 
1262305804 0 0.8 1 0 0 0.6 0 0.3 1 0.7 1 1 1 
1262305868 0 0.8 1 0 0 0.6 0 0.3 1 0.7 1 1 1 
1262305871 0 0.8 1 0 0 0.6 0 0.3 1 0.7 1 1 1 
1262305887 0 0.8 1 0 0 0.6 0 0.3 1 0.7 1 1 1 
1262305904 0 0.8 1 0 0 0.6 0 0.3 1 0.7 1 1 1 
1262305968 0 0.8 1 0 0 0.6 0 0.3 1 0.7 1 1 1 
1262305971 0 0.8 1 0 0 0.6 0 0.1 1 0.7 1 1 1 
1262305987 0 0.8 1 0 0 0.6 0 0.1 1 0.7 1 1 1 
1262306004 0 0.7 1 0 0 0.6 0 0.1 1 0.7 1 1 1 
1262306068 0 0.7 1 0 0 0.6 0 0.1 1 0.7 1 1 1 
1262306071 0 0.7 1 0 0 0.6 0 0.1 1 0.7 1 1 1 
1262306087 0 0.7 1 0 0 0.6 0 0.1 1 0.7 1 1 1 
1262306104 0 0.7 1 0 0 0.6 0 0.1 1 1 1 1 1 
1262306168 0 0.7 1 0 0 0.6 0 0.1 1 1 1 1 1 
1262306171 0 0.7 1 0 0 0.6 0 0.1 1 1 1 1 1 
1262306187 0 0.7 1 0 0 0.6 0 0.1 1 1 1 1 1 
1262306204 0 0.7 1 0 0 0.2 0 0.1 1 1 1 1 1 
1262306268 0 0.7 1 0 0 0.2 0.1 0.1 1 1 1 1 1 
1262306271 0 0.7 1 0 0 0.2 0.1 0.2 1 1 1 1 1 
1262306287 0 0.7 1 0 0 0.2 0.1 0.2 1 1 1 1 1 
1262306304 0 0.7 1 0 0 0.2 0.1 0.2 1 1 1 1 1 
1262306368 0 0.7 1 0 0 0.2 0 0.2 1 1 1 1 1 
1262306371 0 0.7 1 0 0 0.2 0 0.2 1 1 1 1 1 
1262306387 0 0.7 1 0 0 0.2 0 0.2 1 1 1 1 1 
1262306404 0 1 1 0 0 0.2 0 0.2 1 1 1 1 1 
1262306468 0 1 1 0 0 0.2 0 0.2 1 1 1 1 1 
1262306471 0 1 1 0 0 0.2 0 0.2 1 1 1 1 1 
1262306487 0 1 1 0 0 0.2 0 0.2 1 1 1 1 1 
1262306504 0 1 1 0 0 0.6 0 0.2 1 1 1 1 1 
1262306568 0 1 1 0 0 0.6 0 0.2 1 1 1 1 1 
1262306587 0 1 1 0 0 0.6 0 0.2 1 1 1 1 1 
1262306596 0 1 1 0 0 0.6 0 0.2 1 1 1 1 1 
1262306604 0 1 1 0 0 0.3 0 0.2 1 1 1 1 1 
1262306668 0 1 1 0 0 0.3 0 0.2 1 1 1 1 1 
1262306687 0 1 1 0 0 0.3 0 0.2 1 1 1 1 1 
1262306696 0 1 1 0 0 0.3 0 0.2 1 1 1 1 1 
1262306700 0 1 1 0 0 0.3 0 0.2 1 1 1 1 1 
1262306704 0 0.3 1 0 0.3 0.3 0 0.2 1 1 1 1 1 
1262306768 0 0.3 1 0 0.3 0.3 0 0.2 1 1 1 1 1 
1262306787 0 0.3 1 0 0.3 0.3 0 0.2 1 1 1 1 1 
1262306796 0 0.3 1 0 0.3 0.3 0 0.2 1 0.6 1 1 1 
1262306800 0 0.3 1 0 0.3 0.3 0 0 1 0.6 1 1 1 
1262306804 0 0.3 1 0 0.1 0.6 0 0 1 0.6 1 1 1 
1262306868 0 0.3 1 0 0.1 0.6 0 0 1 0.6 1 1 1 
1262306887 0 0.3 1 0 0.1 0.6 0 0 1 0.6 1 1 1 
1262306896 0 0.3 1 0 0.1 0.6 0 0 1 0.6 1 1 1 
1262306900 0 0.3 1 0 0.1 0.6 0 0 1 0.6 1 1 1 
1262306904 0 0.6 1 0 0 0.4 0 0 1 0.6 1 1 1 
1262306968 0 0.6 1 0 0 0.4 0 0 1 0.6 1 1 1 
1262306987 0 0.6 1 0 0 0.4 0 0 1 0.6 1 1 1 
1262306996 0 0.6 1 0 0 0.4 0 0 1 0.8 1 1 1 
1262307000 0 0.6 1 0 0 0.4 0 0 1 0.8 1 1 1 
1262307004 0 0.6 1 0 0 0.2 0 0 1 0.8 1 1 1 
1262307068 0 0.6 1 0 0 0.2 0 0 1 0.8 1 1 1 
1262307087 0 0.6 1 0 0 0.2 0 0 1 0.8 1 1 1 
1262307096 0 0.6 1 0 0 0.2 0 0 1 0.8 1 1 1 
1262307100 0 0.6 1 0 0 0.2 0 0 1 0.8 1 1 1 
1262307104 0 0.2 1 0 0 0 0 0 1 0.8 1 1 0.6 
1262307168 0 0.2 1 0 0 0 0 0 1 0.8 1 1 0.6 
1262307187 0 0.2 1 0 0 0 0 0 1 0.8 1 1 0.6 
1262307196 0 0.2 1 0 0 0 0 0 1 1 1 1 0.6 
1262307200 0 0.2 1 0 0 0 0 0 1 1 1 1 0.6 
1262307204 0 0.3 1 0 0 0 0 0 1 1 1 1 0.7 
1262307268 0 0.3 1 0 0 0 0 0 1 1 1 1 0.7 
1262307287 0 0.3 1 0 0 0 0 0 1 1 1 1 0.7 
1262307296 0 0.3 1 0 0 0 0 0 1 1 1 1 0.7 
1262307300 0 0.3 1 0.2 0 0 0 0 1 1 1 1 0.7 
1262307304 0 0.2 1 0.2 0 0 0 0 1 1 1 1 0.7 
1262307368 0 0.2 1 0.2 0 0 0 0 1 1 1 1 0.7 
1262307387 0 0.2 1 0.2 0 0 0 0 1 1 1 1 0.7 
1262307396 0 0.2 1 0.2 0 0 0 0 1 0.6 1 1 0.7 
1262307400 0 0.2 1 0.6 0 0 0 0 1 0.6 1 1 0.7 
1262307404 0 0.6 1 0.6 0.6 0.6 0 0 1 0.6 1 0.6 0.6 
1262307468 0 0.6 1 0.6 0.6 0.6 0 0 1 0.6 1 0.6 0.6 
1262307487 0 0.6 1 0.6 0.6 0.6 0 0 1 0.6 1 0.6 0.6 
1262307496 0 0.6 1 0.6 0.6 0.6 0 0 1 0.6 1 0.6 0.6 
1262307500 0 0.6 1 0.6 0.6 0.6 0 0 1 0.6 1 0.6 0.6 
1262307504 0 0.6 1 0.6 0.6 0.6 0 0 1 0.6 1 0.6 0.6 
1262307568 0 0.6 1 0.6 0.6 0.6 0 0 1 0.6 1 0.6 0.6 
1262307587 0 0.6 1 0.6 0.6 0.6 0 0 1 0.6 1 0.6 0.6 
1262307596 0 0.6 1 0.6 0.6 0.6 0 0 1 0.6 1 0.6 0.6 
1262307600 0 0.6 1 0.3 0.6 0.6 0 0 1 0.6 1 0.6 0.6 
1262307604 0 0.6 1 0.3 0.6 0.4 0 0 1 0.6 1 0.6 0.6 
1262307668 0 0.6 1 0.3 0.6 0.4 0 0 1 0.6 1 0.6 0.6 
1262307687 0 0.6 1 0.3 0.6 0.4 0 0 1 0.6 1 0.6 0.6 
1262307696 0 0.6 1 0.3 0.6 0.4 0 0 1 0.6 1 0.6 0.6 
1262307700 0 0.6 1 0.1 0.6 0.4 0 0 1 0.6 1 0.6 0.6 
1262307704 0 0.6 1 0.1 0.6 0.1 0 0 1 0.6 1 0.6 0.6 
1262307768 0 0.6 1 0.1 0.6 0.1 0 0 1 0.6 1 0.6 0.6 
1262307787 0 0.6 1 0.1 0.6 0.1 0 0 1 0.6 1 0.6 0.6 
1262307800 0 0.6 1 0.1 0.6 0.1 0 0 1 0.6 1 0.6 0.6 
1262307804 0 0.6 1 0.1 0.5 0.1 0 0 1 0.6 1 0.6 0.6 
1262307868 0 0.6 1 0.1 0.5 0.1 0 0 1 0.6 1 0.6 0.6 
1262307887 0 0.6 1 0.1 0.5 0.1 0 0 1 0.6 1 0.6 0.6 
1262307900 0 0.6 1 0 0.5 0.1 0 0 1 0.6 1 0.6 0.6 
1262307904 0 0.2 1 0 0.1 0.2 0 0 1 0.6 1 0.6 1 
1262307932 0 0.2 1 0 0.1 0.2 0 0 1 0.6 1 0.6 1 
1262307968 0 0.2 1 0 0.1 0.2 0 0 1 0.6 1 0.6 1 
1262307987 0 0.2 1 0 0.1 0.2 0 0 1 0.6 1 0.6 1 
1262308000 0 0.2 1 0 0.1 0.2 0 0 1 0.6 1 0.6 1 
1262308004 0 0.1 1 0 0.1 0.1 0 0 1 0.6 1 1 1 
1262308032 0 0.1 1 0 0.1 0.1 0 0 1 1 1 1 1 
1262308068 0 0.1 1 0 0.1 0.1 0 0 1 1 1 1 1 
1262308087 0 0.1 1 0 0.1 0.1 0 0 1 1 1 1 1 
1262308100 0 0.1 1 0 0.1 0.1 0 0 1 1 1 1 1 
1262308104 0 0.5 1 0 0 0.1 0 0 1 1 1 1 1 
1262308132 0 0.5 1 0 0 0.1 0 0 1 1 1 1 1 
1262308168 0 0.5 1 0 0 0.1 0 0 1 1 1 1 1 
1262308187 0 0.5 1 0 0 0.1 0 0 1 1 1 1 1 
1262308200 0 0.5 1 0 0 0.1 0 0 1 1 1 1 1 
1262308204 0 0.4 1 0 0 0 0 0 1 1 1 1 1 
1262308232 0 0.4 1 0 0 0 0 0 1 1 1 1 1 
1262308268 0 0.4 1 0 0 0 0 0 1 1 1 1 1 
1262308287 0 0.4 1 0 0 0 0 0 1 1 1 1 1 
1262308300 0 0.4 1 0 0 0 0 0 1 1 1 1 1 
1262308304 0 0.4 1 0 0 0 0 0 1 1 1 1 1 
1262308332 0 0.4 1 0 0 0 0 0 1 1 1 1 1 
1262308368 0 0.4 1 0 0 0 0 0 1 1 1 1 1 
1262308371 0 0.4 1 0 0 0 0 0 1 1 0.3 1 1 
1262308387 0 0.4 1 0 0 0 0 0 1 1 0.3 1 1 
1262308400 0 0.4 1 0 0 0 0 0 1 1 0.3 1 1 
1262308404 0 0.5 1 0 0 0 0 0 1 1 0.3 1 0.7 
1262308432 0 0.5 1 0 0 0 0 0 1 0.9 0.3 1 0.7 
1262308468 0 0.5 1 0 0 0 0.1 0 1 0.9 0.3 1 0.7 
1262308487 0 0.5 1 0 0 0 0.1 0 1 0.9 0.3 1 0.7 
