arrived:	node1#27	1
arrived:	node1#25	1
arrived:	node1#26	1
NOTIFS:
node3	:	60	sent
node1	:	60	sent
SUBS:
on	node1
	node1	:	3	received
on	node3
	node3	:	0	received
1262304604 0 - 1 0 0 - - 0 1 - - 1 - 
1262304704 0 - 1 0 0 - 0 0 1 1 1 1 1 
1262304804 0 1 1 0 0 0 0 0 1 1 1 1 1 
1262304904 0 0.25 1 0.25 0 0 0 0 0.25 1 1 1 1 
1262304910 0 0.25 1 0.25 0 0 0 0 0.25 1 1 1 1 
1262305004 0 0.25 1 0.25 0 0 0 0 0.5 1 0.5 1 1 
1262305010 0 0.25 1 0.25 0 0 0 0 0.5 1 0.5 1 1 
1262305104 0 0.25 1 0.25 0 0 0 0 0.7 1 0.5 1 1 
1262305110 0 0.25 1 0.25 0 0 0 0 0.7 1 0.5 1 1 
1262305172 0 0.25 1 0.25 0 0 0 0 0.7 1 0.5 1 1 
1262305204 0 0.25 1 0 0 0 0 0 1 1 0.5 1 1 
1262305210 0 0.25 1 0 0 0 0 0 1 1 0.5 1 1 
1262305252 0 0.25 1 0 0 0 0 0 1 1 0.5 1 1 
1262305272 0 0.25 1 0 0 0 0 0 1 1 0.5 1 1 
1262305304 0 0.25 1 0 0 0 0 0 1 1 0.5 1 1 
1262305352 0 0.25 1 0 0 0 0 0 1 1 0.5 1 1 
1262305372 0 0.25 1 0 0 0 0 0 1 1 0.5 1 1 
1262305404 0 0.25 1 0 0 0 0 0 1 1 0.5 1 1 
1262305452 0 0.25 1 0 0 0 0 0 1 1 0.5 1 1 
1262305472 0 0.25 1 0 0 0 0 0 1 1 0.5 1 1 
1262305496 0 0.25 1 0 0 0 0 0 1 1 0.5 1 1 
1262305504 0 0.11111111111111 1 0 0 0 0 0 1 1 0.5 1 1 
1262305552 0 0.11111111111111 1 0 0 0 0 0 1 1 0.5 1 1 
1262305572 0 0.11111111111111 1 0 0 0 0 0 1 1 0.5 1 1 
1262305596 0 0.11111111111111 1 0 0 0 0 0 1 1 0.5 1 1 
1262305604 0 0.4 1 0 0 0 0 0 1 1 0.5 1 1 
1262305652 0 0.4 1 0 0 0 0 0 1 1 0.5 1 1 
1262305672 0 0.4 1 0 0 0 0 0 1 1 0.5 1 1 
1262305696 0 0.4 1 0 0 0 0 0 1 0.6 0.5 1 1 
1262305704 0 0.3 1 0 0 0 0 0 1 0.6 0.5 1 1 
1262305720 0 0.3 1 0 0 0 0 0 1 0.6 0.5 1 1 
1262305752 0 0.3 1 0 0 0 0 0.5 1 0.6 0.5 1 1 
1262305760 0 0.3 1 0 0 0 0 0.5 1 0.6 0.5 1 1 
1262305772 0 0.3 1 0 0 0 0 0.5 1 0.6 0.5 1 1 
1262305796 0 0.3 1 0 0 0 0 0.5 1 0.6 0.5 1 1 
1262305804 0 0.3 1 0 0 0.5 0 0.5 1 0.6 0.5 1 1 
1262305820 0 0.3 1 0 0 0.5 0 0.5 1 0.6 0.5 0.5 1 
1262305852 0 0.3 1 0 0 0.5 0 0.5 1 0.6 0.5 0.5 1 
1262305860 0 0.3 1 0 0 0.5 0 0.5 1 0.6 0.375 0.5 1 
1262305872 0 0.3 1 0 0 0.5 0 0.5 1 0.6 0.375 0.5 1 
1262305896 0 0.3 1 0 0 0.5 0 0.5 1 0.6 0.375 0.5 1 
1262305904 0 0.3 1 0 0 0.5 0 0.5 1 0.6 0.375 0.5 1 
1262305920 0 0.3 1 0 0 0.5 0 0.5 1 0.6 0.375 0.5 1 
1262305949 0 0.3 1 0 0 0.5 0 0.5 1 0.6 0.375 0.5 1 
1262305952 0 0.3 1 0 0 0.5 0 0.5 1 0.6 0.375 0.5 1 
1262305960 0 0.3 1 0 0 0.5 0 0.5 1 0.6 0.7 0.5 1 
1262305972 0 0.3 1 0 0 0.5 0 0.5 1 0.6 0.7 0.5 1 
1262305996 0 0.3 1 0 0 0.5 0 0.5 1 0.6 0.7 0.5 1 
1262306004 0 0.3 1 0 0 0.5 0 0.5 1 0.6 0.7 0.5 1 
1262306020 0 0.3 1 0 0 0.5 0 0.5 1 0.6 0.7 0.5 1 
1262306049 0 0.3 1 0 0 0.5 0 0.5 1 0.6 0.7 0.5 1 
1262306060 0 0.3 1 0 0 0.5 0 0.5 1 0.6 0.7 0.5 1 
1262306072 0 0.3 1 0 0 0.5 0 0.5 1 0.6 0.7 0.5 1 
1262306096 0 0.3 1 0 0 0.5 0 0.5 1 1 0.7 0.5 1 
1262306104 0 0.3 1 0 0 0.5 0 0.5 1 1 0.7 0.5 1 
1262306105 0 0.3 1 0 0 0.1 0 0.5 1 1 0.7 0.5 1 
1262306120 0 0.3 1 0 0 0.1 0 0.5 1 1 0.7 1 1 
1262306160 0 0.3 1 0 0 0.1 0 0.5 1 1 0.7 1 1 
1262306172 0 0.3 1 0 0 0.1 0 0.5 1 1 0.7 1 1 
1262306174 0 0.3 1 0 0 0.1 0 0.5 1 1 0.7 1 1 
1262306196 0 0.3 1 0 0 0.1 0 0.5 1 1 0.7 1 1 
1262306204 0 0.3 1 0 0 0.1 0 0.5 1 1 0.7 1 0.9 
1262306220 0 0.3 1 0 0 0.1 0 0.5 1 1 0.7 1 0.9 
1262306260 0 0.3 1 0 0 0.1 0 0.5 1 1 1 1 0.9 
1262306274 0 0.3 1 0 0 0.1 0 0 1 1 1 1 0.9 
1262306289 0 0.3 1 0 0 0.1 0 0 1 1 1 1 0.9 
1262306296 0 0.3 1 0 0 0.1 0 0 1 1 1 1 0.9 
1262306304 0 0.3 1 0 0 0.1 0 0 1 1 1 1 0.9 
1262306320 0 0.3 1 0 0 0.1 0 0 1 1 1 1 0.9 
1262306360 0 0.3 1 0 0 0.1 0 0 1 1 1 1 0.9 
1262306363 0 0.3 1 0 0 0 0 0 1 1 1 1 0.9 
1262306389 0 0.3 1 0 0 0 0 0 1 1 1 1 0.9 
1262306396 0 0.3 1 0 0 0 0 0 1 1 1 1 0.9 
1262306403 0 0.3 1 0 0 0 0 0 1 1 1 1 0.9 
1262306404 0 0.9 1 0 0 0 0 0 1 1 1 1 0.9 
1262306460 0 0.9 1 0 0 0 0 0 1 1 1 1 0.9 
1262306463 0 0.9 1 0 0 0.4 0 0 1 1 1 1 0.9 
1262306496 0 0.9 1 0 0 0.4 0 0 1 1 1 1 0.9 
1262306503 0 0.9 1 0 0 0.4 0 0 1 1 1 1 0.9 
1262306504 0 0.4 1 0 0 0.4 0 0 1 1 1 1 0.5 
1262306552 0 0.4 1 0 0 0.4 0 0 1 1 1 1 0.5 
1262306558 0 0.4 1 0 0 0.4 0 0 1 1 1 1 0.5 
1262306560 0 0.4 1 0 0 0.4 0 0 1 1 1 1 0.5 
1262306563 0 0.4 1 0 0 0.4 0 0 1 1 1 1 0.5 
1262306596 0 0.4 1 0 0 0.4 0 0 1 1 1 1 0.5 
1262306603 0 0.4 1 0 0 0.4 0.2 0 1 1 1 1 0.5 
1262306604 0 0.4 1 0 0 0.4 0.2 0 1 1 1 1 0.5 
1262306658 0 0.4 1 0 0 0.4 0.2 0 1 1 1 1 0.5 
1262306660 0 0.4 1 0 0 0.4 0.2 0 1 1 1 1 0.5 
1262306663 0 0.4 1 0 0 0.4 0.2 0 1 1 1 1 0.5 
1262306670 0 0.4 1 0 0 0.4 0.2 0 1 1 1 1 0.5 
1262306696 0 0.4 1 0 0 0.4 0.2 0 1 1 1 1 0.5 
1262306703 0 0.4 1 0 0 0.4 0.1 0 1 1 1 1 0.5 
1262306704 0 0.6 1 0 0 0.4 0.1 0 1 1 1 1 0.8 
1262306750 0 0.6 1 0 0 0.4 0.1 0.6 1 1 1 1 0.8 
1262306758 0 0.6 1 0 0 0.4 0.1 0.6 1 1 1 1 0.8 
1262306760 0 0.6 1 0 0 0.4 0.1 0.6 1 1 1 1 0.8 
1262306763 0 0.6 1 0 0 0.3 0.1 0.6 1 1 1 1 0.8 
1262306770 0 0.6 1 0 0 0.3 0.1 0.6 1 1 1 1 0.8 
1262306796 0 0.6 1 0 0 0.3 0.1 0.6 1 1 1 1 0.8 
1262306803 0 0.6 1 0 0 0.3 0.3 0.6 1 1 1 1 0.8 
1262306804 0 0.4 1 0 0 0.3 0.3 0.6 1 1 1 1 0.8 
1262306858 0 0.4 1 0 0 0.3 0.3 0.6 1 1 1 0.3 0.8 
1262306860 0 0.4 1 0 0 0.3 0.3 0.6 1 1 0.4 0.3 0.8 
1262306863 0 0.4 1 0 0 0.3 0.3 0.6 1 1 0.4 0.3 0.8 
1262306870 0 0.4 1 0 0 0.3 0.3 0.6 1 1 0.4 0.3 0.8 
1262306896 0 0.4 1 0 0 0.3 0.3 0.6 1 1 0.4 0.3 0.8 
1262306903 0 0.4 1 0 0 0.3 0.3 0.6 1 1 0.4 0.3 0.8 
1262306904 0 0.3 1 0.3 0 0.3 0.3 0.6 1 1 0.4 0.3 1 
1262306958 0 0.3 1 0.3 0 0.3 0.3 0.6 1 1 0.4 0.3 1 
1262306960 0 0.3 1 0.3 0 0.3 0.3 0.6 1 1 0.8 0.3 1 
1262306963 0 0.3 1 0.3 0 0 0.3 0.6 1 1 0.8 0.3 1 
1262306970 0 0.3 1 0.3 0 0 0.3 0.6 1 1 0.8 0.3 1 
1262306973 0 0.3 1 0.3 0 0 0.3 0.6 1 1 0.8 0.3 1 
1262306996 0 0.3 1 0.3 0 0 0.3 0.6 1 1 0.8 0.3 1 
1262307003 0 0.3 1 0.3 0 0 0.3 0.6 1 1 0.8 0.3 1 
1262307004 0 0.3 1 0.3 0 0 0.3 0.6 1 1 0.8 0.3 0.8 
1262307058 0 0.3 1 0.3 0 0 0.3 0.6 1 1 0.8 0.3 0.8 
1262307060 0 0.3 1 0.3 0 0 0.3 0.6 1 1 0.8 0.3 0.8 
1262307063 0 0.3 1 0.3 0 0 0.3 0.6 1 1 0.8 0.3 0.8 
1262307070 0 0.3 1 0.3 0 0 0.3 0.6 1 1 0.8 0.3 0.8 
1262307073 0 0.3 1 0.3 0 0 0.3 0.6 1 1 0.8 0.3 0.8 
1262307096 0 0.3 1 0.3 0 0 0.3 0.6 1 1 0.8 0.3 0.8 
1262307103 0 0.3 1 0.3 0 0 0.3 0.6 1 1 0.8 0.3 0.8 
1262307104 0 0.3 1 0 0 0 0.3 0.6 1 1 0.8 0.3 0.8 
1262307158 0 0.3 1 0 0 0 0.3 0.6 1 1 0.8 0.3 0.8 
1262307160 0 0.3 1 0 0 0 0.3 0.6 1 1 0.8 0.3 0.8 
1262307163 0 0.3 1 0 0 0 0.3 0.6 1 1 0.8 0.3 0.8 
1262307170 0 0.3 1 0 0 0 0.3 0.6 1 1 0.8 0.3 0.8 
1262307173 0 0.3 1 0 0 0 0.3 0 1 1 0.8 0.3 0.8 
1262307196 0 0.3 1 0 0 0 0.3 0 1 1 0.8 0.3 0.8 
1262307203 0 0.3 1 0 0 0 0.3 0 1 1 0.8 0.3 0.8 
1262307204 0 0.3 1 0 0 0 0.3 0 1 1 0.8 0.3 0.9 
1262307258 0 0.3 1 0 0 0 0.3 0 1 1 0.8 0.3 0.9 
1262307263 0 0.3 1 0 0 0 0.3 0 1 1 0.8 0.3 0.9 
1262307270 0 0.3 1 0 0 0 0.3 0 1 1 0.8 0.3 0.9 
1262307273 0 0.3 1 0 0 0 0.3 0 1 1 0.8 0.3 0.9 
1262307296 0 0.3 1 0 0 0 0.3 0 1 1 0.8 0.3 0.9 
1262307304 0 0.8 1 0 0 0 0.3 0 1 1 0.8 0.3 0.9 
1262307358 0 0.8 1 0 0 0 0.3 0 1 1 0.8 0.3 0.9 
1262307363 0 0.8 1 0 0 0 0.3 0 1 1 0.8 0.3 0.9 
1262307370 0 0.8 1 0 0 0 0.3 0 1 1 0.8 0.3 0.9 
1262307373 0 0.8 1 0 0 0 0.3 0 1 1 0.8 0.3 0.9 
1262307396 0 0.8 1 0 0 0 0.3 0 1 1 0.8 0.3 0.9 
1262307402 0 0.8 1 0 0 0 0.3 0 1 1 0.8 0.3 0.9 
1262307404 0 0.8 1 0 0 0 0.3 0 1 1 0.8 0.3 0.9 
1262307406 0 0.8 1 0 0 0 0.3 0 1 1 0.8 0.3 0.9 
1262307445 0 0.8 1 0 0 0 0 0 1 1 0.8 0.3 0.9 
1262307458 0 0.8 1 0 0 0 0 0 1 1 0.8 0.3 0.9 
1262307463 0 0.8 1 0 0 0.1 0 0 1 1 0.8 0.3 0.9 
1262307470 0 0.8 1 0 0 0.1 0 0 1 1 0.8 0.3 0.9 
1262307473 0 0.8 1 0 0 0.1 0 0 1 1 0.8 0.3 0.9 
1262307496 0 0.8 1 0 0 0.1 0 0 1 1 0.8 0.3 0.9 
1262307502 0 0.8 1 0 0 0.1 0 0 1 1 0.9 0.3 0.9 
1262307504 0 0.2 1 0 0 0.1 0 0 1 1 0.9 0.3 1 
1262307506 0 0.2 1 0 0 0.1 0 0 1 1 0.9 0.3 1 
1262307545 0 0.2 1 0 0 0.1 0 0 1 1 0.9 0.3 1 
1262307558 0 0.2 1 0 0 0.1 0 0 1 1 0.9 1 1 
1262307563 0 0.2 1 0 0 0.1 0 0 1 1 0.9 1 1 
1262307570 0 0.2 1 0 0 0.1 0 0 1 1 0.9 1 1 
1262307573 0 0.2 1 0 0 0.1 0 0 1 1 0.9 1 1 
1262307596 0 0.2 1 0 0 0.1 0 0 1 1 0.9 1 1 
1262307602 0 0.2 1 0 0 0.1 0 0 1 1 0.4 1 1 
1262307604 0 0.3 1 0 0 0.1 0 0 1 1 0.4 1 1 
1262307606 0 0.3 1 0 0 0.1 0 0 1 1 0.4 1 1 
1262307645 0 0.3 1 0 0 0.1 0 0 1 1 0.4 1 1 
1262307658 0 0.3 1 0 0 0.1 0 0 1 1 0.4 1 1 
1262307663 0 0.3 1 0 0 0 0 0 1 1 0.4 1 1 
1262307673 0 0.3 1 0 0 0 0 0 1 1 0.4 1 1 
1262307696 0 0.3 1 0 0 0 0 0 1 1 0.4 1 1 
1262307702 0 0.3 1 0 0 0 0 0 1 1 0.2 1 1 
1262307704 0 0.2 1 0 0 0 0 0 1 1 0.2 1 1 
1262307706 0 0.2 1 0 0 0 0 0 1 1 0.2 1 1 
1262307745 0 0.2 1 0 0 0 0 0 1 1 0.2 1 1 
1262307758 0 0.2 1 0 0 0 0 0 1 1 0.2 1 1 
1262307759 0 0.2 1 0 0 0 0 0 1 1 0.2 1 1 
1262307763 0 0.2 1 0 0 0 0 0 1 1 0.2 1 1 
1262307773 0 0.2 1 0 0 0 0 0 1 1 0.2 1 1 
1262307796 0 0.2 1 0 0 0 0 0 1 1 0.2 1 1 
1262307802 0 0.2 1 0 0 0 0 0 1 1 0.8 1 1 
1262307804 0 0 1 0 0.9 0 0 0 1 1 0.8 1 1 
1262307806 0 0 1 0 0.9 0 0 0 1 1 0.8 1 1 
1262307845 0 0 1 0 0.9 0 0.1 0 1 1 0.8 1 1 
1262307858 0 0 1 0 0.9 0 0.1 0 1 1 0.8 1 1 
1262307859 0 0 1 0 0.9 0 0.1 0 1 1 0.8 1 1 
1262307863 0 0 1 0 0.9 0 0.1 0 1 1 0.8 1 1 
1262307873 0 0 1 0 0.9 0 0.1 0 1 1 0.8 1 1 
1262307896 0 0 1 0 0.9 0 0.1 0 1 1 0.8 1 1 
1262307902 0 0 1 0 0.9 0 0.1 0 1 1 0.9 1 1 
1262307904 0 0.3 1 0 0.4 0 0.1 0 1 1 0.9 1 1 
1262307906 0 0.3 1 0 0.4 0 0.1 0 1 1 0.9 1 1 
1262307945 0 0.3 1 0 0.4 0 0.5 0 1 1 0.9 1 1 
1262307958 0 0.3 1 0 0.4 0 0.5 0 1 1 0.9 0.5 1 
1262307959 0 0.3 1 0 0.4 0 0.5 0 1 1 0.9 0.5 1 
1262307963 0 0.3 1 0 0.4 0 0.5 0 1 1 0.9 0.5 1 
1262307973 0 0.3 1 0 0.4 0 0.5 0 1 1 0.9 0.5 1 
1262307996 0 0.3 1 0 0.4 0 0.5 0 1 1 0.9 0.5 1 
1262308002 0 0.3 1 0 0.4 0 0.5 0 1 1 0.9 0.5 1 
1262308004 0 0.4 1 0 0.4 0 0.5 0 1 1 0.9 0.5 1 
1262308006 0 0.4 1 0 0.4 0 0.5 0 1 1 0.9 0.5 1 
1262308045 0 0.4 1 0 0.4 0 0.6 0 1 1 0.9 0.5 1 
1262308058 0 0.4 1 0 0.4 0 0.6 0 1 1 0.9 0.5 1 
1262308059 0 0.4 1 0 0.4 0 0.6 0 1 1 0.9 0.5 1 
1262308063 0 0.4 1 0 0.4 0 0.6 0 1 1 0.9 0.5 1 
1262308073 0 0.4 1 0 0.4 0 0.6 0 1 1 0.9 0.5 1 
1262308096 0 0.4 1 0 0.4 0 0.6 0 1 1 0.9 0.5 1 
1262308102 0 0.4 1 0 0.4 0 0.6 0 1 1 0.9 0.5 1 
1262308104 0 0.4 1 0 0.4 0 0.6 0 1 1 0.9 0.5 1 
1262308106 0 0.4 1 0 0.4 0 0.6 0 1 1 0.9 0.5 1 
1262308145 0 0.4 1 0 0.4 0 0.2 0 1 1 0.9 0.5 1 
1262308158 0 0.4 1 0 0.4 0 0.2 0 1 1 0.9 0.5 1 
1262308159 0 0.4 1 0 0.4 0 0.2 0 1 1 0.9 0.5 1 
1262308163 0 0.4 1 0 0.4 0 0.2 0 1 1 0.9 0.5 1 
1262308173 0 0.4 1 0 0.4 0 0.2 0 1 1 0.9 0.5 1 
1262308196 0 0.4 1 0 0.4 0 0.2 0 1 0.9 0.9 0.5 1 
1262308202 0 0.4 1 0 0.4 0 0.2 0 1 0.9 0.9 0.5 1 
1262308204 0 0.4 1 0 0.3 0 0.2 0 1 0.9 0.9 0.5 1 
1262308206 0 0.4 1 0 0.3 0 0.2 0 1 0.9 0.9 0.5 1 
1262308245 0 0.4 1 0 0.3 0 0.2 0 1 0.9 0.9 0.5 1 
1262308258 0 0.4 1 0 0.3 0 0.2 0 1 0.9 0.9 0.5 1 
1262308259 0 0.4 1 0 0.3 0 0.2 0 1 0.9 0.9 0.5 1 
1262308263 0 0.4 1 0 0.3 0 0.2 0 1 0.9 0.9 0.5 1 
1262308267 0 0.4 1 0 0.3 0 0.2 0 1 0.9 0.9 0.5 1 
1262308273 0 0.4 1 0 0.3 0 0.2 0 1 0.9 0.9 0.5 1 
1262308296 0 0.4 1 0 0.3 0 0.2 0 1 0.9 0.9 0.5 1 
1262308302 0 0.4 1 0 0.3 0 0.2 0 1 0.9 0.9 0.5 1 
1262308304 0 0.4 1 0 0.3 0 0.2 0 1 0.9 0.9 0.5 1 
1262308306 0 0.4 1 0 0.3 0 0.2 0 1 0.9 0.9 0.5 1 
1262308345 0 0.4 1 0 0.3 0 0.2 0 1 0.9 0.9 0.5 1 
1262308358 0 0.4 1 0 0.3 0 0.2 0 1 0.9 0.9 0.5 1 
1262308359 0 0.4 1 0 0.3 0 0.2 0 1 0.9 0.9 0.5 1 
1262308363 0 0.4 1 0 0.3 0 0.2 0 1 0.9 0.9 0.5 1 
1262308367 0 0.4 1 0 0.3 0 0.2 0 1 0.9 0.9 0.5 1 
1262308373 0 0.4 1 0 0.3 0 0.2 0 1 0.9 0.9 0.5 1 
1262308396 0 0.4 1 0 0.3 0 0.2 0 1 0.9 0.9 0.5 1 
1262308402 0 0.4 1 0 0.3 0 0.2 0 1 0.9 0.9 0.5 1 
1262308404 0 0.1 1 0 0.1 0 0.2 0 1 0.9 0.9 0.5 1 
1262308406 0 0.1 1 0 0.1 0 0.2 0 1 0.9 0.9 0.5 1 
1262308445 0 0.1 1 0 0.1 0 0.2 0 1 0.9 0.9 0.5 1 
1262308458 0 0.1 1 0 0.1 0 0.2 0 1 0.9 0.9 0.5 1 
1262308459 0 0.1 1 0 0.1 0 0.2 0 1 0.9 0.9 0.5 1 
1262308463 0 0.1 1 0 0.1 0 0.2 0 1 0.9 0.9 0.5 1 
1262308467 0 0.1 1 0 0.1 0 0.2 0 1 0.9 0.9 0.5 1 
1262308473 0 0.1 1 0 0.1 0 0.2 0 1 0.9 0.9 0.5 1 
1262308496 0 0.1 1 0 0.1 0 0.2 0 1 0.9 0.9 0.5 1 
