arrived:	node1#42	1
arrived:	node1#40	1
arrived:	node1#41	1
NOTIFS:
node3	:	60	sent
node1	:	60	sent
SUBS:
on	node1
	node1	:	3	received
on	node3
	node3	:	0	received
1262304604 0 - 1 - - - - - - 1 1 1 - 
1262304704 0 - 1 - - - - - 1 1 1 1 - 
1262304804 0 - 1 - - - - - 1 1 1 1 - 
1262304854 0 - 1 - - - - - 1 1 1 1 - 
1262304904 0 - 1 - 0 - - 0 1 1 1 1 1 
1262304954 0 - 1 - 0 - - 0 1 1 1 1 1 
1262305004 0 1 1 0 0 - 0 0 1 1 1 1 1 
1262305054 0 1 1 0 0 - 0 0 1 1 1 1 1 
1262305104 0 0.2 1 0 0 0.2 0 0 1 1 0.75 1 1 
1262305154 0 0.2 1 0 0 0.2 0 0 1 1 0.75 1 1 
1262305204 0 0.3 1 0 0.2 0.2 0 0 1 1 0.75 0.9 1 
1262305254 0 0.3 1 0 0.2 0.2 0 0 1 1 0.75 0.9 1 
1262305304 0 0.3 1 0 0.2 0.2 0 0 1 1 0.75 0.9 1 
1262305354 0 0.3 1 0 0.2 0.2 0 0 1 1 0.75 0.9 1 
1262305404 0 0 1 0 0 0 0 0 1 1 0.875 0.9 1 
1262305454 0 0 1 0 0 0 0 0 1 1 0.875 0.9 1 
1262305504 0 0 1 0 0 0 0 0 1 1 0.4 0.9 1 
1262305554 0 0 1 0 0 0 0 0 1 1 0.4 0.9 1 
1262305574 0 0 1 0 0 0 0 0 1 1 0.4 0.9 1 
1262305604 0 0.6 1 0 0 0 0 0.4 1 1 0.5 0.9 0.5 
1262305654 0 0.6 1 0 0 0 0 0.4 1 1 0.5 0.9 0.5 
1262305674 0 0.6 1 0 0 0 0 0.4 0.9 1 0.5 0.9 0.5 
1262305704 0 0.6 1 0 0 0 0 0.3 0.9 1 0.5 0.9 0.5 
1262305754 0 0.6 1 0 0 0 0 0.3 0.9 1 0.5 0.9 0.5 
1262305770 0 0.6 1 0 0 0 0 0.3 0.9 1 0.5 0.9 0.5 
1262305774 0 0.6 1 0 0 0 0 0.3 0.9 1 0.5 0.9 0.5 
1262305793 0 0.6 1 0 0 0 0 0.3 0.9 1 0.5 0.9 0.5 
1262305804 0 0.6 1 0 0 0 0 0.3 0.9 1 0.5 0.6 0.5 
1262305854 0 0.6 1 0 0 0 0 0.3 0.9 1 0.5 0.6 0.5 
1262305870 0 0.6 1 0 0 0 0 0.3 0.9 1 0.5 0.6 0.5 
1262305874 0 0.6 1 0 0 0 0 0.3 0.9 1 0.5 0.6 0.5 
1262305893 0 0.6 1 0 0 0 0 0.3 0.9 1 0.5 0.6 0.5 
1262305904 0 0.4 1 0 0 0 0 0 0.9 1 0.5 0.4 0.5 
1262305954 0 0.4 1 0 0 0 0 0 0.9 1 0.5 0.4 0.5 
1262305974 0 0.4 1 0 0 0 0 0 1 1 0.5 0.4 0.5 
1262305993 0 0.4 1 0 0 0 0 0 1 1 0.4 0.4 0.5 
1262306004 0 0.4 1 0 0 0 0 0 1 1 0.4 0.4 0.5 
1262306054 0 0.4 1 0 0 0 0 0 1 1 0.4 0.4 0.5 
1262306074 0 0.4 1 0 0 0 0 0 1 1 0.4 0.4 0.5 
1262306091 0 0.4 1 0 0 0 0 0 1 1 0.4 0.4 0.5 
1262306093 0 0.4 1 0 0 0 0 0 1 1 0.4 0.4 0.5 
1262306104 0 0.3 1 0 0 0 0 0 1 1 0.4 0.4 0.5 
1262306154 0 0.3 1 0 0 0 0 0 1 1 0.4 0.4 0.5 
1262306174 0 0.3 1 0 0 0 0 0 1 1 0.4 0.4 0.5 
1262306191 0 0.3 1 0 0 0 0 0 1 1 0.4 0.4 0.5 
1262306193 0 0.3 1 0 0 0 0 0 1 1 0.4 0.4 1 
1262306204 0 0.3 1 0 0 0 0 0 1 1 0.4 0.4 1 
1262306254 0 0.3 1 0 0 0 0 0 1 1 0.4 0.4 1 
1262306266 0 0.3 1 0 0 0 0 0 1 1 0.4 0.4 1 
1262306274 0 0.3 1 0 0 0 0 0 1 1 0.4 0.4 1 
1262306291 0 0.3 1 0 0 0 0 0 1 1 0.4 0.4 1 
1262306293 0 0.3 1 0 0 0 0 0 1 1 0.4 0.4 1 
1262306304 0 0.3 1 0 0 0 0 0 1 1 0.4 1 1 
1262306354 0 0.3 1 0 0 0 0 0 1 1 0.4 1 1 
1262306366 0 0.3 1 0 0 0 0 0 1 1 1 1 1 
1262306374 0 0.3 1 0 0 0 0 0 0.9 1 1 1 1 
1262306391 0 0.3 1 0 0 0 0 0 0.9 1 1 1 1 
1262306393 0 0.3 1 0 0 0 0 0 0.9 1 1 1 1 
1262306404 0 0.5 1 0 0 0.6 0 0 0.9 1 1 1 1 
1262306454 0 0.5 1 0 0 0.6 0 0 0.9 1 1 1 1 
1262306474 0 0.5 1 0 0 0.6 0 0 0.8 1 1 1 1 
1262306491 0 0.5 1 0 0 0.6 0 0 0.8 1 1 1 1 
1262306493 0 0.5 1 0 0 0.6 0 0 0.8 1 1 1 1 
1262306504 0 0.5 1 0 0 0.6 0.2 0 0.8 1 1 1 1 
1262306554 0 0.5 1 0 0 0.6 0.2 0 0.8 1 1 1 1 
1262306574 0 0.5 1 0 0 0.6 0.2 0 0.8 1 1 1 1 
1262306591 0 0.5 1 0 0 0.6 0.2 0 0.8 1 1 1 1 
1262306593 0 0.5 1 0 0 0.6 0.2 0 0.8 1 1 1 1 
1262306604 0 0.7 1 0 0 0.1 0.2 0 0.8 1 1 1 1 
1262306621 0 0.7 1 0 0 0.1 0.2 0 0.8 1 1 1 1 
1262306654 0 0.7 1 0 0 0.1 0.2 0 0.8 1 1 1 1 
1262306674 0 0.7 1 0 0 0.1 0.2 0 0.7 1 1 1 1 
1262306691 0 0.7 1 0.5 0 0.1 0.2 0 0.7 1 1 1 1 
1262306693 0 0.7 1 0.5 0 0.1 0.2 0 0.7 1 1 1 0.5 
1262306704 0 0.8 1 0.5 0 0 0.2 0 0.7 1 1 1 0.5 
1262306720 0 0.8 1 0.5 0 0 0.2 0 0.7 1 1 1 0.5 
1262306721 0 0.8 1 0.5 0 0 0.2 0 0.7 1 1 1 0.5 
1262306754 0 0.8 1 0.5 0 0 0.2 0 0.7 1 1 1 0.5 
1262306774 0 0.8 1 0.5 0 0 0.2 0 0.8 1 1 1 0.5 
1262306791 0 0.8 1 0.7 0 0 0.2 0 0.8 1 1 1 0.5 
1262306793 0 0.8 1 0.7 0 0 0.2 0 0.8 1 1 1 0.7 
1262306804 0 0.8 1 0.7 0 0 0.2 0 0.8 0.7 1 1 0.7 
1262306820 0 0.8 1 0.7 0 0 0.2 0 0.8 0.7 1 1 0.7 
1262306854 0 0.8 1 0.7 0 0 0.2 0 0.8 0.7 1 1 0.7 
1262306874 0 0.8 1 0.7 0 0 0.2 0 0.8 0.7 1 1 0.7 
1262306891 0 0.8 1 0.7 0 0 0.2 0 0.8 0.7 1 1 0.7 
1262306893 0 0.8 1 0.7 0 0 0.2 0 0.8 0.7 1 1 0.7 
1262306904 0 0.8 1 0.7 0 0 0.2 0 0.8 0.7 1 1 0.7 
1262306928 0 0.8 1 0.7 0 0 0.2 0 0.8 0.7 1 0.7 0.7 
1262306947 0 0.8 1 0.7 0 0 0.2 0 0.8 0.7 1 0.7 0.7 
1262306954 0 0.8 1 0.7 0 0 0.2 0 0.8 0.7 1 0.7 0.7 
1262306974 0 0.8 1 0.7 0 0 0.2 0 1 0.7 1 0.7 0.7 
1262306991 0 0.8 1 0.2 0 0 0.2 0 1 0.7 1 0.7 0.7 
1262306993 0 0.8 1 0.2 0 0 0.2 0 1 0.7 1 0.7 0.7 
1262307004 0 0.8 1 0.2 0 0 0 0 1 0.7 1 0.7 0.7 
1262307028 0 0.8 1 0.2 0 0 0 0 1 0.7 1 1 0.7 
1262307040 0 0.8 1 0.2 0 0 0 0 1 0.7 1 1 0.7 
1262307047 0 0.8 1 0.2 0 0 0 0 1 0.7 1 1 0.7 
1262307054 0 0.8 1 0.2 0 0 0 0 1 0.7 1 1 0.7 
1262307074 0 0.8 1 0.2 0 0 0 0 1 0.7 1 1 0.7 
1262307091 0 0.8 1 0.1 0 0 0 0 1 0.7 1 1 0.7 
1262307093 0 0.8 1 0.1 0 0 0 0 1 0.7 1 1 0.7 
1262307104 0 0.9 1 0.1 0 0 0 0 1 0.7 1 1 0.7 
1262307128 0 0.9 1 0.1 0 0 0 0 1 0.7 1 1 0.7 
1262307140 0 0.9 1 0.1 0 0 0 0.7 1 0.7 1 1 0.7 
1262307147 0 0.9 1 0.1 0 0 0 0.7 1 0.7 1 1 0.7 
1262307174 0 0.9 1 0.1 0 0 0 0.7 1 0.7 1 1 0.7 
1262307191 0 0.9 1 0.1 0 0 0 0.7 1 0.7 1 1 0.7 
1262307193 0 0.9 1 0.1 0 0 0 0.7 1 0.7 1 1 0.7 
1262307204 0 0.9 1 0.1 0 0 0 0.7 1 1 1 1 0.7 
1262307228 0 0.9 1 0.1 0 0 0 0.7 1 1 1 1 0.7 
1262307240 0 0.9 1 0.1 0 0 0 0.4 1 1 1 1 0.7 
1262307274 0 0.9 1 0.1 0 0 0 0.4 1 1 1 1 0.7 
1262307291 0 0.9 1 0.1 0 0 0 0.4 1 1 1 1 0.7 
1262307293 0 0.9 1 0.1 0 0 0 0.4 1 1 1 1 1 
1262307304 0 0.9 1 0.1 0 0.1 0 0.4 1 1 1 1 1 
1262307328 0 0.9 1 0.1 0 0.1 0 0.4 1 1 1 1 1 
1262307338 0 0.9 1 0.1 0 0.1 0 0.4 1 1 1 1 1 
1262307340 0 0.9 1 0.1 0 0.1 0 0.4 1 1 1 1 1 
1262307343 0 0.9 1 0.1 0 0.1 0 0.4 1 1 1 1 1 
1262307374 0 0.9 1 0.1 0 0.1 0 0.4 1 1 1 1 1 
1262307391 0 0.9 1 0.1 0 0.1 0 0.4 1 1 1 1 1 
1262307393 0 0.9 1 0.1 0 0.1 0 0.4 1 1 1 1 0.7 
1262307404 0 0.4 1 0.1 0 0.1 0 0.4 1 1 1 1 0.7 
1262307409 0 0.4 1 0.1 0 0.1 0 0.4 1 1 1 1 0.7 
1262307428 0 0.4 1 0.1 0 0.1 0 0.4 1 1 1 1 0.7 
1262307438 0 0.4 1 0.1 0 0.1 0 0.4 1 1 1 1 0.7 
1262307440 0 0.4 1 0.1 0 0.1 0 0.1 1 1 1 1 0.7 
1262307443 0 0.4 1 0.1 0 0.1 0 0.1 1 1 1 1 0.7 
1262307474 0 0.4 1 0.1 0 0.1 0 0.1 1 1 1 1 0.7 
1262307491 0 0.4 1 0.1 0 0.1 0 0.1 1 1 1 1 0.7 
1262307493 0 0.4 1 0.1 0 0.1 0 0.1 1 1 1 1 0.6 
1262307504 0 0.4 1 0.1 0 0.1 0 0.1 1 0.7 1 1 0.6 
1262307509 0 0.4 1 0.1 0 0.1 0 0.1 1 0.7 1 1 0.6 
1262307528 0 0.4 1 0.1 0 0.1 0 0.1 1 0.7 1 1 0.6 
1262307538 0 0.4 1 0.1 0 0.1 0 0.1 1 0.7 1 1 0.6 
1262307540 0 0.4 1 0.1 0 0.1 0 0.1 1 0.7 1 1 0.6 
1262307543 0 0.4 1 0.1 0 0.1 0 0.1 1 0.7 1 1 0.6 
1262307574 0 0.4 1 0.1 0 0.1 0 0.1 1 0.7 1 1 0.6 
1262307591 0 0.4 1 0.1 0 0.1 0 0.1 1 0.7 1 1 0.6 
1262307593 0 0.4 1 0.1 0 0.1 0 0.1 1 0.7 1 1 0.7 
1262307604 0 0.4 1 0.1 0 0.1 0 0.1 1 0.7 1 1 0.7 
1262307609 0 0.4 1 0.1 0 0.1 0 0.1 1 0.7 1 1 0.7 
1262307628 0 0.4 1 0.1 0 0.1 0 0.1 1 0.7 1 1 0.7 
1262307638 0 0.4 1 0.1 0 0.1 0 0.1 1 0.7 1 1 0.7 
1262307640 0 0.4 1 0.1 0 0.1 0 0.1 1 0.7 1 1 0.7 
1262307643 0 0.4 1 0.1 0 0.1 0 0.1 1 0.7 1 1 0.7 
1262307674 0 0.4 1 0.1 0 0.1 0 0.1 1 0.7 1 1 0.7 
1262307691 0 0.4 1 0.1 0 0.1 0 0.1 1 0.7 1 1 0.7 
1262307692 0 0.4 1 0.1 0 0.1 0 0.1 1 0.7 1 1 0.7 
1262307693 0 0.4 1 0.1 0 0.1 0 0.1 1 0.7 1 1 0.7 
1262307704 0 0.4 1 0.1 0 0.1 0 0.1 1 0.7 1 1 0.7 
1262307709 0 0.4 1 0.1 0 0.1 0 0.1 1 0.7 1 1 0.7 
1262307728 0 0.4 1 0.1 0 0.1 0 0.1 1 0.7 1 1 0.7 
1262307738 0 0.4 1 0.1 0 0.1 0 0.1 1 0.7 1 1 0.7 
1262307740 0 0.4 1 0.1 0 0.1 0 0.1 1 0.7 1 1 0.7 
1262307743 0 0.4 1 0.1 0 0.1 0 0.1 1 0.7 1 1 0.7 
1262307774 0 0.4 1 0.1 0 0.1 0 0.1 1 0.7 1 1 0.7 
1262307792 0 0.6 1 0.1 0 0.1 0 0.1 1 0.7 1 1 0.7 
1262307793 0 0.6 1 0.1 0 0.1 0 0.1 1 0.7 1 1 0.7 
1262307804 0 0.6 1 0.1 0 0.1 0 0.1 1 0.7 1 1 0.7 
1262307809 0 0.6 1 0.1 0 0.1 0 0.1 1 0.7 1 1 0.7 
1262307828 0 0.6 1 0.1 0 0.1 0 0.1 1 0.7 1 1 0.7 
1262307838 0 0.6 1 0.1 0 0.1 0 0.1 1 0.7 1 1 0.7 
1262307840 0 0.6 1 0.1 0 0.1 0 0.1 1 0.7 1 1 0.7 
1262307874 0 0.6 1 0.1 0 0.1 0 0.1 1 0.7 1 1 0.7 
1262307892 0 1 1 0.1 0 0.1 0 0.1 1 0.7 1 1 0.7 
1262307893 0 1 1 0.1 0 0.1 0 0.1 1 0.7 1 1 0.7 
1262307904 0 1 1 0.1 0 0.1 0 0.1 1 0.7 1 1 0.7 
1262307909 0 1 1 0.1 0 0.1 0 0.1 1 0.7 1 1 0.7 
1262307911 0 1 1 0.3 0 0.1 0 0.1 1 0.7 1 1 0.7 
1262307928 0 1 1 0.3 0 0.1 0 0.1 1 0.7 1 1 0.7 
1262307938 0 1 1 0.3 0 0.1 0 0.1 1 0.7 1 1 0.7 
1262307940 0 1 1 0.3 0 0.1 0 0.1 1 0.7 1 1 0.7 
1262307974 0 1 1 0.3 0 0.1 0 0.1 1 0.7 1 1 0.7 
1262307983 0 1 1 0.3 0 0.1 0 0.1 1 0.7 1 1 0.7 
1262307993 0 1 1 0.3 0 0.1 0 0.1 1 0.7 1 1 1 
1262308004 0 1 1 0.3 0 0.1 0 0.1 1 0.7 1 1 1 
1262308009 0 1 1 0.3 0 0.1 0 0.1 1 0.7 1 1 1 
1262308011 0 1 1 0.3 0 0.1 0 0.1 1 0.7 1 1 1 
1262308028 0 1 1 0.3 0 0.1 0 0.1 1 0.7 1 1 1 
1262308038 0 1 1 0.3 0 0.1 0 0.1 1 0.7 1 1 1 
1262308040 0 1 1 0.3 0 0.1 0 0.1 1 0.7 1 1 1 
1262308074 0 1 1 0.3 0 0.1 0 0.1 1 0.7 1 1 1 
1262308083 0 1 1 0.3 0 0.1 0 0.1 1 0.7 1 1 1 
1262308093 0 1 1 0.3 0 0.1 0 0.1 1 0.7 1 1 1 
1262308104 0 1 1 0.3 0 0.1 0 0.1 1 0.7 1 1 1 
1262308109 0 1 1 0.3 0 0.1 0 0.1 1 0.7 1 1 1 
1262308111 0 1 1 0 0 0.1 0 0.1 1 0.7 1 1 1 
1262308128 0 1 1 0 0 0.1 0 0.1 1 0.7 1 1 1 
1262308138 0 1 1 0 0 0.1 0 0.1 1 0.7 1 1 1 
1262308140 0 1 1 0 0 0.1 0 0.1 1 0.7 1 1 1 
1262308174 0 1 1 0 0 0.1 0 0.1 1 1 1 1 1 
1262308183 0 1 1 0 0 0.1 0 0.1 1 1 1 1 1 
1262308193 0 1 1 0 0 0.1 0 0.1 1 1 1 1 1 
1262308204 0 1 1 0 0 0 0 0.1 1 1 1 1 1 
1262308209 0 1 1 0 0 0 0 0.1 1 1 1 1 1 
1262308211 0 1 1 0 0 0 0 0.1 1 1 1 1 1 
1262308228 0 1 1 0 0 0 0 0.1 1 1 1 1 1 
1262308238 0 1 1 0 0 0 0 0.1 1 1 1 1 1 
1262308240 0 1 1 0 0 0 0 0.1 1 1 1 1 1 
1262308274 0 1 1 0 0 0 0 0.1 1 1 1 1 1 
1262308283 0 1 1 0 0 0 0 0.1 1 1 1 1 1 
1262308293 0 1 1 0 0 0 0 0.1 1 1 1 1 1 
1262308304 0 1 1 0 0 0 0 0.1 1 1 1 1 1 
1262308309 0 1 1 0 0 0 0 0.1 1 1 1 1 1 
1262308311 0 1 1 0 0 0 0 0.1 1 1 1 1 1 
1262308328 0 1 1 0 0 0 0 0.1 1 1 1 1 1 
1262308338 0 1 1 0 0 0 0 0.1 1 1 1 1 1 
1262308340 0 1 1 0 0 0 0 0 1 1 1 1 1 
1262308374 0 1 1 0 0 0 0 0 1 1 1 1 1 
1262308383 0 1 1 0 0 0 0 0 1 1 1 1 1 
1262308393 0 1 1 0 0 0 0 0 1 1 1 1 1 
1262308404 0 1 1 0 0 0 0 0 1 1 1 1 1 
1262308409 0 1 1 0 0 0 0 0 1 1 1 1 1 
1262308411 0 1 1 0 0 0 0 0 1 1 1 1 1 
1262308428 0 1 1 0 0 0 0 0 1 1 1 1 1 
1262308440 0 1 1 0 0 0 0 0 1 1 1 1 1 
1262308474 0 1 1 0 0 0 0 0 1 1 1 1 1 
1262308483 0 1 1 0 0 0 0 0 1 1 1 1 1 
1262308491 0 1 1 0 0 0 0 0 1 1 1 1 1 
1262308493 0 1 1 0 0 0 0 0 1 1 1 1 1 
