arrived:	node3#21	1
arrived:	node3#19	1
arrived:	node3#20	1
NOTIFS:
node3	:	60	sent
node1	:	60	sent
SUBS:
on	node1
	node1	:	0	received
on	node3
	node3	:	3	received
1262304604 0 - 1 0 0 - 0 - 1 - - - - 
1262304704 0 - 1 0 0 - 0 0 1 - - - - 
1262304804 0 - 1 0 0 - 0 0 1 1 - 1 - 
1262304904 0 1 1 0 0 0 0 0 1 1 0 1 - 
1262305004 0 0.66666666666667 1 0 0 0 0 0 1 1 0 1 - 
1262305104 0 0.66666666666667 1 0 0 0 0 0 1 1 0.88888888888889 1 - 
1262305176 0 0.66666666666667 1 0 0 0 0 0 1 1 0.88888888888889 1 - 
1262305192 0 0.66666666666667 1 0 0.28571428571429 0 0 0 1 1 0.88888888888889 1 - 
1262305204 0 0.88888888888889 1 0 0.28571428571429 0 0 0 1 1 1 1 1 
1262305276 0 0.88888888888889 1 0 0.28571428571429 0 0 0 1 1 1 1 1 
1262305292 0 0.88888888888889 1 0 0.7 0 0 0 1 1 1 1 1 
1262305304 0 0.5 1 0 0.7 0 0.16666666666667 0 1 1 1 1 1 
1262305376 0 0.5 1 0 0.7 0 0.16666666666667 0 1 1 1 1 1 
1262305392 0 0.5 1 0 0.7 0 0.16666666666667 0 1 1 1 1 1 
1262305404 0 0.8 1 0.3 0.7 0 0.16666666666667 0 0.77777777777778 1 0.8 1 1 
1262305430 0 0.8 1 0.3 0.7 0 0.16666666666667 0 0.77777777777778 1 0.8 1 1 
1262305476 0 0.8 1 0.3 0.7 0 0.16666666666667 0 0.77777777777778 1 0.8 1 1 
1262305492 0 0.8 1 0.3 0.7 0 0.16666666666667 0 0.77777777777778 1 0.8 1 1 
1262305504 0 0.8 1 0.1 0.7 0.2 0 0 0.77777777777778 1 0.8 1 1 
1262305530 0 0.8 1 0.1 0.7 0.2 0 0 0.77777777777778 1 0.8 1 1 
1262305576 0 0.8 1 0.1 0.7 0.2 0 0 0.77777777777778 1 0.8 1 1 
1262305592 0 0.8 1 0.1 0.1 0.2 0 0 0.77777777777778 1 0.8 1 1 
1262305604 0 0.6 1 0.1 0.1 0 0 0.1 0.77777777777778 0.6 1 1 1 
1262305630 0 0.6 1 0.1 0.1 0 0 0.1 0.77777777777778 0.6 1 1 1 
1262305676 0 0.6 1 0.1 0.1 0 0 0.1 0.77777777777778 0.6 1 1 1 
1262305692 0 0.6 1 0.1 0 0 0 0.1 0.77777777777778 0.6 1 1 1 
1262305704 0 0.5 1 0.1 0 0 0 0.1 1 0.5 1 1 1 
1262305730 0 0.5 1 0.1 0 0 0 0.1 1 0.5 1 1 1 
1262305776 0 0.5 1 0.1 0 0 0 0.1 1 0.5 1 1 1 
1262305792 0 0.5 1 0.1 0 0 0 0.1 1 0.5 1 1 1 
1262305804 0 0.5 1 0.1 0 0 0 0.5 1 0.5 1 0.8 1 
1262305830 0 0.5 1 0.1 0 0 0 0.5 1 0.5 1 0.8 1 
1262305876 0 0.5 1 0.1 0 0 0 0.5 1 0.5 1 0.8 1 
1262305892 0 0.5 1 0.1 0 0 0 0.5 1 0.5 1 0.8 1 
1262305904 0 0.2 1 0.1 0 0 0 0.2 1 0.2 1 0.8 1 
1262305930 0 0.2 1 0.1 0 0 0 0.2 1 0.2 1 0.8 1 
1262305992 0 0.2 1 0.1 0 0 0 0.2 1 0.2 1 0.8 1 
1262306004 0 0.2 1 0.1 0 0 0 0.2 1 0.2 1 1 1 
1262306030 0 0.2 1 0.1 0 0 0 0.2 1 0.2 1 1 1 
1262306092 0 0.2 1 0.1 0 0 0 0.2 1 0.2 1 1 1 
1262306096 0 0.2 1 0.1 0 0 0 0.2 1 0.2 1 1 1 
1262306104 0 0.6 1 0 0 0 0 0 0.9 0.2 1 1 1 
1262306192 0 0.6 1 0 0 0 0 0 0.9 0.2 1 1 1 
1262306196 0 0.6 1 0 0 0 0 0 0.9 0.2 1 1 1 
1262306204 0 0.6 1 0.2 0 0 0 0 0.3 0.2 1 1 1 
1262306210 0 0.6 1 0.2 0 0 0 0 0.3 0.2 1 1 1 
1262306292 0 0.6 1 0.2 0 0 0 0 0.3 0.2 1 1 1 
1262306296 0 0.6 1 0.2 0 0 0 0 0.3 0.2 1 1 1 
1262306304 0 0.6 1 0.2 0 0 0 0 0.4 0.7 1 1 1 
1262306392 0 0.6 1 0.2 0 0 0 0 0.4 0.7 1 1 1 
1262306396 0 0.6 1 0.2 0 0 0 0 0.4 0.7 1 1 1 
1262306404 0 0.6 1 0 0 0 0 0 0.4 0.7 1 0.9 1 
1262306447 0 0.6 1 0 0 0 0 0 0.4 0.7 1 0.9 1 
1262306492 0 0.6 1 0 0 0 0 0 0.4 0.7 1 0.9 1 
1262306496 0 0.6 1 0 0 0 0 0 0.4 0.7 1 0.9 1 
1262306504 0 0.3 1 0 0 0 0 0.1 0.1 1 1 0.1 1 
1262306547 0 0.3 1 0 0 0 0 0.1 0.1 1 1 0.1 1 
1262306592 0 0.3 1 0 0.1 0 0 0.1 0.1 1 1 0.1 1 
1262306596 0 0.3 1 0 0.1 0 0 0.1 0.1 1 1 0.1 1 
1262306604 0 0.3 1 0 0.1 0 0 0.1 0.1 1 1 0.1 1 
1262306612 0 0.3 1 0 0.1 0 0 0.1 0.1 1 1 0.1 1 
1262306647 0 0.3 1 0 0.1 0 0 0.1 0.1 1 1 0.1 1 
1262306692 0 0.3 1 0 0.1 0 0 0.1 0.1 1 1 0.1 1 
1262306696 0 0.3 1 0 0.1 0 0 0.1 0.1 1 1 0.1 1 
1262306704 0 0.3 1 0 0.1 0 0 0.1 0.2 1 1 0.8 1 
1262306712 0 0.3 1 0 0.1 0 0 0.1 0.2 1 1 0.8 1 
1262306747 0 0.3 1 0 0.1 0 0 0.1 0.2 1 1 0.8 1 
1262306792 0 0.3 1 0 0 0 0 0.1 0.2 1 1 0.8 1 
1262306795 0 0.3 1 0 0 0 0 0.1 0.2 1 1 0.8 1 
1262306796 0 0.3 1 0 0 0 0 0.1 0.2 1 1 0.8 1 
1262306804 0 0.3 1 0 0 0 0.8 0 0.2 1 0.8 0.8 1 
1262306812 0 0.3 1 0 0 0 0.8 0 0.2 1 0.8 0.8 1 
1262306892 0 0.3 1 0 0 0 0.8 0 0.2 1 0.8 0.8 1 
1262306895 0 0.2 1 0 0 0 0.8 0 0.2 1 0.8 0.8 1 
1262306896 0 0.2 1 0 0 0 0.8 0 0.2 1 0.8 0.8 1 
1262306904 0 0.2 1 0 0 0 0.8 0 0.2 1 0.8 0.8 1 
1262306912 0 0.2 1 0 0 0 0.8 0 0.2 1 0.8 0.8 1 
1262306988 0 0.2 1 0 0 0 0.8 0 0.2 1 0.8 0.8 1 
1262306992 0 0.2 1 0 0 0 0.8 0 0.2 1 0.8 0.8 1 
1262306996 0 0.2 1 0 0 0 0.8 0 0.2 1 0.8 0.8 1 
1262307004 0 0.2 1 0 0 0 0.1 0 0.2 1 0.8 0.8 1 
1262307012 0 0.2 1 0 0 0 0.1 0 0.2 1 0.8 0.8 1 
1262307088 0 0.2 1 0 0 0 0.1 0 0.2 1 0.8 0.8 1 
1262307092 0 0.2 1 0 0 0 0.1 0 0.2 1 0.8 0.8 1 
1262307096 0 0.2 1 0 0 0 0.1 0 0.2 1 0.8 0.8 1 
1262307099 0 0.2 1 0 0 0 0.1 0 0.2 1 0.8 0.8 1 
1262307104 0 0.2 1 0 0 0 0.1 0 0 1 0.8 0.2 1 
1262307112 0 0.2 1 0.2 0 0 0.1 0 0 1 0.8 0.2 1 
1262307119 0 0.2 1 0.2 0 0 0.1 0 0 1 0.8 0.2 1 
1262307188 0 0.2 1 0.2 0 0 0.1 0 0 1 0.8 0.2 1 
1262307192 0 0.2 1 0.2 0 0 0.1 0 0 1 0.8 0.2 1 
1262307196 0 0.2 1 0.2 0 0 0.1 0 0 1 0.8 0.2 1 
1262307199 0 0 1 0.2 0 0 0.1 0 0 1 0.8 0.2 1 
1262307204 0 0 1 0.2 0 0 0.1 0 0 1 0.2 0.2 1 
1262307212 0 0 1 0.2 0 0 0.1 0 0 1 0.2 0.2 1 
1262307219 0 0 1 0.2 0 0 0.1 0 0 1 0.2 0.2 1 
1262307292 0 0 1 0.2 0 0 0.1 0 0 1 0.2 0.2 1 
1262307296 0 0 1 0.2 0 0 0.1 0 0 1 0.2 0.2 1 
1262307299 0 0 1 0.2 0 0 0.1 0 0 1 0.2 0.2 1 
1262307304 0 0 1 0.2 0 0 0.1 0 0 1 0.2 0.2 1 
1262307305 0 0 1 0.2 0 0 0.1 0 0 1 0.2 0.2 1 
1262307312 0 0 1 0.2 0 0 0.1 0 0 1 0.2 0.2 1 
1262307319 0 0 1 0.2 0 0 0.1 0 0 1 0.2 0.2 1 
1262307392 0 0 1 0.2 0 0 0.1 0 0 1 0.2 0.2 1 
1262307396 0 0 1 0.2 0 0 0.1 0 0 1 0.2 0.2 1 
1262307404 0 0 1 0.2 0 0 0.1 0 0 1 0.9 1 1 
1262307405 0 0 1 0.2 0 0 0.1 0 0.8 1 0.9 1 1 
1262307412 0 0 1 0.2 0 0 0.1 0 0.8 1 0.9 1 1 
1262307419 0 0 1 0.2 0 0 0.1 0 0.8 1 0.9 1 1 
1262307449 0 0 1 0.2 0 0 0.1 0 0.8 1 0.9 1 1 
1262307492 0 0 1 0.2 0 0 0.1 0 0.8 1 0.9 1 1 
1262307496 0 0 1 0.2 0 0 0.1 0 0.8 1 0.9 1 1 
1262307504 0 0 1 0.2 0 0 0 0 0.8 1 0.3 1 1 
1262307505 0 0 1 0.2 0 0 0 0 1 1 0.3 1 1 
1262307512 0 0 1 0 0 0 0 0 1 1 0.3 1 1 
1262307519 0 0 1 0 0 0 0 0 1 1 0.3 1 1 
1262307549 0 0 1 0 0 0 0 0 1 1 0.3 1 1 
1262307592 0 0 1 0 0 0 0 0 1 1 0.3 1 1 
1262307596 0 0 1 0 0 0 0 0 1 1 0.3 1 1 
1262307604 0 0 1 0 0 0 0 0 1 1 0.7 1 1 
1262307605 0 0 1 0 0 0 0 0 1 1 0.7 1 1 
1262307612 0 0 1 0 0 0 0 0 1 1 0.7 1 1 
1262307619 0 0 1 0 0 0 0 0 1 1 0.7 1 1 
1262307649 0 0 1 0 0 0 0 0 1 1 0.7 1 1 
1262307692 0 0 1 0 0 0 0 0 1 1 0.7 1 1 
1262307696 0 0 1 0 0 0 0 0 1 1 0.7 1 1 
1262307704 0 0 1 0 0 0 0 0 1 1 0.7 1 1 
1262307705 0 0 1 0 0 0 0 0 1 1 0.7 1 1 
1262307712 0 0 1 0 0 0 0 0 1 1 0.7 1 1 
1262307719 0 0 1 0 0 0 0 0 1 1 0.7 1 1 
1262307749 0 0 1 0 0 0 0 0 1 1 0.7 1 1 
1262307796 0 0 1 0 0 0 0 0 1 1 0.7 1 1 
1262307804 0 0 1 0 0 0 0 0 1 1 0.9 1 1 
1262307805 0 0 1 0 0 0 0 0 1 1 0.9 1 1 
1262307812 0 0 1 0 0 0 0 0 1 1 0.9 1 1 
1262307819 0 0 1 0 0 0 0 0 1 1 0.9 1 1 
1262307849 0 0 1 0 0 0 0 0 1 1 0.9 1 1 
1262307889 0 0 1 0 0 0 0 0 1 1 0.9 1 1 
1262307896 0 0 1 0 0 0 0 0 1 1 0.9 1 1 
1262307904 0 0 1 0 0 0 0 0 1 1 1 1 1 
1262307905 0 0 1 0 0 0 0 0 1 1 1 1 1 
1262307912 0 0 1 0 0 0 0 0 1 1 1 1 1 
1262307919 0 0 1 0 0 0 0 0 1 1 1 1 1 
1262307949 0 0 1 0 0 0 0 0 1 1 1 1 1 
1262307989 0 0 1 0 0 0 0 0 1 1 1 1 1 
1262307996 0 0 1 0 0 0 0 0 1 1 1 1 1 
1262308004 0 0 1 0 0 0 0 0 1 1 1 1 1 
1262308006 0 0 1 0 0 0 0 0 1 1 1 1 1 
1262308012 0 0 1 0.4 0 0 0 0 1 1 1 1 1 
1262308019 0 0 1 0.4 0 0 0 0 1 1 1 1 1 
1262308049 0 0 1 0.4 0 0 0 0 1 1 1 1 1 
1262308089 0 0 1 0.4 0 0 0 0 1 1 1 1 1 
1262308096 0 0 1 0.4 0 0 0 0 1 1 1 1 1 
1262308104 0 0 1 0.4 0 0 0 0 1 1 1 1 1 
1262308106 0 0 1 0.4 0 0 0 0 0.7 1 1 1 1 
1262308112 0 0 1 0.5 0 0 0 0 0.7 1 1 1 1 
1262308119 0 0.7 1 0.5 0 0 0 0 0.7 1 1 1 1 
1262308149 0 0.7 1 0.5 0 0 0 0 0.7 1 1 1 1 
1262308189 0 0.7 1 0.5 0 0 0.1 0 0.7 1 1 1 1 
1262308196 0 0.7 1 0.5 0 0 0.1 0 0.7 1 1 1 1 
1262308204 0 0.7 1 0.5 0 0 0.1 0 0.7 1 1 0.7 1 
1262308206 0 0.7 1 0.5 0 0 0.1 0 0.8 1 1 0.7 1 
1262308212 0 0.7 1 0.5 0 0 0.1 0 0.8 1 1 0.7 1 
1262308219 0 0.8 1 0.5 0 0 0.1 0 0.8 1 1 0.7 1 
1262308249 0 0.8 1 0.5 0 0 0.1 0 0.8 1 1 0.7 1 
1262308289 0 0.8 1 0.5 0 0 0.1 0 0.8 1 1 0.7 1 
1262308296 0 0.8 1 0.5 0 0 0.1 0 0.8 1 1 0.7 1 
1262308304 0 0.8 1 0.5 0 0 0.1 0 0.8 1 1 0.8 1 
1262308306 0 0.8 1 0.5 0 0 0.1 0 0.8 1 1 0.8 1 
1262308312 0 0.8 1 0.5 0 0 0.1 0 0.8 1 1 0.8 1 
1262308319 0 1 1 0.5 0 0 0.1 0 0.8 1 1 0.8 1 
1262308349 0 1 1 0.5 0 0 0.1 0 0.8 1 1 0.8 1 
1262308389 0 1 1 0.5 0 0 0.1 0 0.8 1 1 0.8 1 
1262308396 0 1 1 0.5 0 0 0.1 0 0.8 1 1 0.8 1 
1262308404 0 1 1 0.5 0 0 0.1 0 0.8 1 1 0.8 1 
1262308406 0 1 1 0.5 0 0 0.1 0 0.8 1 1 0.8 1 
1262308412 0 1 1 0.3 0 0 0.1 0 0.8 1 1 0.8 1 
1262308419 0 1 1 0.3 0 0 0.1 0 0.8 1 1 0.8 1 
1262308449 0 1 1 0.3 0 0 0.1 0 0.8 1 1 0.8 1 
1262308489 0 1 1 0.3 0 0 0.1 0 0.8 1 1 0.8 1 
1262308496 0 1 1 0.3 0 0 0.1 0 0.8 1 1 0.8 1 
