arrived:	node1#44	1
arrived:	node1#5	1
arrived:	node3#7	1
arrived:	node3#9	1
arrived:	node1#14	1
arrived:	node1#7	1
arrived:	node1#42	1
arrived:	node1#24	1
arrived:	node1#13	1
arrived:	node1#10	1
arrived:	node1#34	1
arrived:	node1#9	1
arrived:	node1#27	1
arrived:	node3#2	1
arrived:	node1#49	1
arrived:	node1#46	1
arrived:	node1#47	1
arrived:	node1#33	1
arrived:	node1#28	1
arrived:	node1#8	1
arrived:	node1#4	1
arrived:	node3#11	1
arrived:	node1#40	1
arrived:	node3#8	1
arrived:	node1#39	1
arrived:	node3#3	1
arrived:	node1#16	1
arrived:	node3#10	1
arrived:	node3#1	1
arrived:	node1#59	1
arrived:	node1#48	1
arrived:	node1#41	1
arrived:	node1#26	1
arrived:	node1#50	1
arrived:	node1#52	1
arrived:	node1#58	1
arrived:	node1#11	1
arrived:	node1#36	1
arrived:	node1#12	1
arrived:	node1#29	1
arrived:	node1#6	1
NOTIFS:
node3	:	60	sent
node1	:	60	sent
SUBS:
on	node1
	node1	:	33	received
on	node3
	node3	:	8	received
1262304604 0 - 1 - - 0 - - 1 - - 1 - 
1262304704 0 - 1 0 - 0 - - 1 - - 1 - 
1262304804 0 - 1 0 - 0 0 0 1 1 1 1 1 
1262304904 0 - 1 0 0 0 0 0 1 1 1 1 1 
1262305004 0 0 1 0 0 0 0 0 1 1 1 1 1 
1262305104 0 0 1 0 0 0 0 0 1 1 1 1 1 
1262305204 0 0 1 0 0 0 0 0 1 1 1 1 1 
1262305304 0 0.3 1 0 0 0 0 0 1 1 0.3 1 1 
1262305404 0 0.4 1 0 0 0 0 0.6 1 1 0.2 1 1 
1262305504 0 0.4 1 0 0 0 0.4 0.6 1 1 0.2 1 1 
1262305604 0 0.8 1 0.5 0.6 0 0.9 0.6 0.2 1 0.2 1 1 
1262305704 0.1 0.8 1 0.9 0.6 0.8 0.9 0.6 0.2 0.3 0.2 1 0.2 
1262305804 0.090909090909091 0.9 1 1 0.6 1 1 0.6 0.2 0.3 0.2 0.2 0.2 
1262305904 0.076923076923077 0.9 0.90909090909091 1 0.9 1 1 0.6 0.2 0.3 0.2 0.2 0.2 
1262306004 0.071428571428571 0.9 0.9 1 0.9 1 1 0.6 0.2 0.3 0.2 0.2 0.2 
1262306104 0.0625 0.9 0.91666666666667 1 0.9 1 1 0.6 0.2 0.3 0.2 0.2 0.2 
1262306204 0.055555555555556 0.9 0.92857142857143 1 1 1 1 1 0.2 0.3 0.2 0.2 0.2 
1262306304 0.052631578947368 0.9 0.93333333333333 1 1 1 1 1 0.2 0.3 0.2 0.2 0.2 
1262306404 0.1 1 0.94117647058824 1 1 1 1 1 0.3 0.3 0.2 0.2 0.2 
1262306504 0.083333333333333 1 0.94736842105263 1 1 1 1 1 0.3 0.3 0.2 0.2 0.2 
1262306604 0.076923076923077 1 0.95 1 1 1 1 1 0.6 0.3 0.2 0.2 0.2 
1262306704 0.066666666666667 1 0.95454545454545 1 1 1 1 1 0.6 0.4 0.2 0.2 0.2 
1262306804 0.083333333333333 1 0.95833333333333 1 1 1 1 1 0.6 0.4 0.2 0.2 0.2 
1262306904 0.076923076923077 1 0.96 1 1 1 1 1 0.6 0.4 0.2 0.2 0.2 
1262307004 0.066666666666667 1 0.96296296296296 1 1 1 1 1 0.6 0.4 0.2 0.2 0.2 
1262307104 0.058823529411765 1 0.96551724137931 1 1 1 1 1 0.6 0.4 0.2 0.2 0.2 
1262307204 0.055555555555556 1 0.96666666666667 1 1 1 1 1 0.6 0.4 0.2 0.2 0.3 
1262307304 0.05 1 0.96875 1 1 1 1 1 0.6 0.4 0.2 0.2 0.3 
1262307404 0.045454545454545 1 0.97058823529412 1 1 1 1 1 0.6 0.4 0.2 0.2 0.3 
1262307504 0.043478260869565 1 0.97142857142857 1 1 1 1 1 0.6 0.4 0.2 0.2 0.3 
1262307604 0.04 1 0.97297297297297 1 1 1 1 1 0.6 0.4 0.2 0.2 0.5 
1262307704 0.037037037037037 1 0.97435897435897 1 1 1 1 1 0.6 0.4 0.2 0.2 0.5 
1262307804 0.1 1 0.975 1 1 1 1 1 0.8 0.4 0.2 0.4 0.5 
1262307904 0.090909090909091 1 0.97619047619048 1 1 1 1 1 0.8 0.4 0.2 0.4 0.5 
1262308004 0.090909090909091 1 0.97727272727273 1 1 1 1 1 0.8 0.4 0.2 0.4 0.5 
1262308104 0.083333333333333 1 0.97777777777778 1 1 1 1 1 0.8 0.4 0.2 0.4 0.5 
1262308204 0.083333333333333 1 0.97777777777778 1 1 1 1 1 0.8 0.4 0.2 0.4 0.5 
1262308304 0.083333333333333 1 0.97777777777778 1 1 1 1 1 0.8 0.4 0.2 0.4 0.5 
1262308404 0.083333333333333 1 0.97777777777778 1 1 1 1 1 0.8 0.4 0.2 0.4 0.5 
