arrived:	node1#19	1
arrived:	node3#7	1
arrived:	node3#9	1
arrived:	node1#14	1
arrived:	node1#30	1
arrived:	node3#17	1
arrived:	node3#4	1
arrived:	node1#38	1
arrived:	node3#15	1
arrived:	node1#24	1
arrived:	node1#22	1
arrived:	node3#5	1
arrived:	node3#3	1
arrived:	node3#20	1
arrived:	node3#2	1
arrived:	node3#1	1
arrived:	node3#19	1
arrived:	node1#2	1
arrived:	node1#1	1
arrived:	node1#3	1
arrived:	node1#23	1
arrived:	node3#18	1
arrived:	node1#4	1
arrived:	node3#16	1
arrived:	node1#40	1
arrived:	node1#39	1
arrived:	node3#10	1
arrived:	node1#37	1
arrived:	node3#27	1
arrived:	node1#20	1
arrived:	node3#21	1
arrived:	node1#41	1
arrived:	node1#21	1
arrived:	node1#17	1
arrived:	node1#44	1
arrived:	node3#6	1
NOTIFS:
node3	:	60	sent
node1	:	60	sent
SUBS:
on	node1
	node1	:	19	received
on	node3
	node3	:	17	received
1262304604 0 - 1 - - - - - - - - - - 
1262304704 0 - 1 - - - - - 1 - - - 1 
1262304804 0 - 1 - - - - - 1 1 - - 1 
1262304904 0 - 1 0 - 0 0 - 1 1 1 1 1 
1262305004 0 1 1 0 0.4 0.4 0 0 1 1 1 1 0.4 
1262305104 0 0.4 0.9 0 0.4 0.4 0 0 0.7 0.4 0.7 0.7 0.4 
1262305204 0 0.4 0.90909090909091 0 0.4 0.4 0 0 0.5 0.4 0.5 0.7 0.4 
1262305304 0 0.4 0.92307692307692 0 0.4 0.4 0 0 0.5 0.4 0.5 0.7 0.4 
1262305404 0 0.4 0.92857142857143 0 0.4 0.4 0 0 0.5 0.4 0.5 0.7 0.4 
1262305504 0 0.4 0.9375 0 0.4 0.4 0 0.4 0.4 0.4 0.5 0.7 0.4 
1262305604 0.090909090909091 0.4 0.94444444444444 0.4 0.4 0.4 0 0.4 0.4 0.4 0.5 0.7 0.4 
1262305704 0.083333333333333 0.4 0.94736842105263 0.4 0.4 0.4 0 0.4 0.4 0.4 0.5 0.7 0.4 
1262305804 0.071428571428571 0 0.95238095238095 0.4 0.4 0.4 0.4 0.4 0 0.4 0.5 0.7 0.4 
1262305904 0.0625 0 0.95652173913043 0.4 0.4 0.4 0.4 0.4 0 0.4 0.5 0.7 0.4 
1262306004 0.058823529411765 0.4 0.95833333333333 0.8 0.7 0.4 0.4 0.4 0.4 0.4 0 0.7 0 
1262306104 0.090909090909091 0.6 0.96153846153846 0.8 0.7 0.4 0.4 0.4 0.4 0.4 0.2 0.7 0 
1262306204 0.076923076923077 0.8 0.90909090909091 0.8 0.7 0.4 0.4 0.4 0.4 0.4 0.4 0.1 0 
1262306304 0.071428571428571 0.8 0.91666666666667 0.8 0.7 0.4 0.8 0.8 0.4 0.4 0.4 0.1 0 
1262306404 0.1 0.8 0.90909090909091 0.8 0.7 0.7 0.8 0.8 0.4 0.4 0.4 0.1 0 
1262306504 0.090909090909091 0.7 0.90909090909091 0.8 0.7 0.7 0.8 0.9 0.4 0.2 0.4 0.1 0 
1262306604 0.083333333333333 0.7 0.91666666666667 1 0.7 0.7 1 1 0.4 0.1 0.4 0.1 0 
1262306704 0.071428571428571 0.7 0.92857142857143 1 0.7 0.7 1 1 0.4 0.1 0.4 0 0 
1262306804 0.0625 0.7 0.9375 1 0.7 0.7 1 1 0.4 0.1 0.4 0 0 
1262306904 0.058823529411765 0.7 0.94117647058824 1 0.7 0.7 1 1 0.4 0.1 0.4 0 0 
1262307004 0.052631578947368 0.7 0.94736842105263 1 0.7 0.7 1 1 0.4 0.1 0.3 0 0 
1262307104 0.047619047619048 0.7 0.95238095238095 1 0.7 0.7 1 1 0.3 0.1 0.3 0 0 
1262307204 0.1 0.7 0.9 1 1 0.7 1 1 0.3 0 0.3 0 0 
1262307304 0.090909090909091 0.7 0.91666666666667 1 1 0.7 1 1 0.3 0 0.3 0 0 
1262307404 0.076923076923077 0.7 0.92857142857143 1 1 0.7 1 1 0.3 0 0.3 0 0 
1262307504 0.071428571428571 0.7 0.93333333333333 1 1 0.7 1 1 0.3 0 0.3 0 0 
1262307604 0.0625 0.7 0.94117647058824 1 1 0.7 1 1 0.3 0 0.3 0 0 
1262307704 0.055555555555556 0.7 0.94736842105263 1 1 1 1 1 0.3 0 0.3 0 0 
1262307804 0.052631578947368 0.7 0.95 1 1 1 1 1 0.3 0 0.3 0 0 
1262307904 0.047619047619048 0.7 0.90909090909091 1 1 1 1 1 0.3 0 0.3 0 0 
1262308004 0.043478260869565 0.7 0.92307692307692 1 1 1 1 1 0.3 0 0.3 0 0 
1262308104 0.1 0.7 0.92857142857143 1 1 1 1 1 0.3 0 0.3 0 0 
1262308204 0.1 0.7 0.92857142857143 1 1 1 1 1 0.3 0 0.3 0 0 
1262308304 0.1 0.7 0.92857142857143 1 1 1 1 1 0.3 0 0.3 0 0 
1262308404 0.1 0.7 0.92857142857143 1 1 1 1 1 0.3 0 0.3 0 0 
