arrived:	node1#19	1
arrived:	node1#5	1
arrived:	node3#7	1
arrived:	node1#30	1
arrived:	node3#4	1
arrived:	node1#42	1
arrived:	node1#13	1
arrived:	node1#10	1
arrived:	node3#5	1
arrived:	node1#9	1
arrived:	node1#27	1
arrived:	node1#49	1
arrived:	node1#25	1
arrived:	node1#46	1
arrived:	node1#43	1
arrived:	node1#3	1
arrived:	node1#47	1
arrived:	node1#50	1
arrived:	node1#23	1
arrived:	node1#31	1
arrived:	node3#12	1
arrived:	node1#8	1
arrived:	node1#4	1
arrived:	node3#13	1
arrived:	node1#40	1
arrived:	node3#1	1
arrived:	node1#39	1
arrived:	node3#8	1
arrived:	node1#16	1
arrived:	node1#33	1
arrived:	node1#44	1
arrived:	node1#48	1
arrived:	node1#29	1
arrived:	node1#37	1
arrived:	node1#51	1
arrived:	node1#41	1
arrived:	node1#20	1
arrived:	node1#21	1
arrived:	node3#11	1
arrived:	node1#36	1
arrived:	node1#7	1
arrived:	node1#38	1
arrived:	node1#12	1
NOTIFS:
node3	:	60	sent
node1	:	60	sent
SUBS:
on	node1
	node1	:	35	received
on	node3
	node3	:	8	received
1262304604 0 - 1 - - - - - - - - - - 
1262304704 0 - 1 - - - - - - - - - - 
1262304804 0 - 1 - - - - - - - - - - 
1262304904 0 - 1 - - - - - - - - - - 
1262305004 0 - 1 - - - - - - - - - - 
1262305104 0 - 1 0 - - - - - - - - - 
1262305204 0 - 1 0 0 0 - - - - - - - 
1262305304 0 - 1 0 0 0 - 0 - - - - - 
1262305404 0 0 1 0 0 0 0 0 - - - - - 
1262305504 0 0 1 0 0 0 0 0 - - - - 1 
1262305604 0 0 1 0 0 0 0 0 - - 1 - 1 
1262305704 0 0 1 0 0 0 0 0 - - 1 0 1 
1262305804 0 0 1 0 0 0 0 0 - 0 1 0 1 
1262305904 0 0.9 1 0.7 0 0 0 0 1 0.4 0.6 0.9 1 
1262306004 0 0.9 1 0.9 0 0 0.7 0.9 0.9 0.4 0.6 0.9 1 
1262306104 0 0.9 1 0.9 0 0.9 0.9 0.9 0.9 0.4 0.6 0.9 1 
1262306204 0.090909090909091 0.9 1 0.9 0.9 0.9 0.9 0.9 0.9 0.4 0.6 1 1 
1262306304 0.083333333333333 0.9 0.9 0.9 0.9 0.9 0.9 0.9 0.8 0.5 0.6 1 0.4 
1262306404 0.071428571428571 0.9 0.91666666666667 0.9 0.9 0.9 0.9 0.9 0.8 0.5 0.6 1 0.4 
1262306504 0.0625 0.9 0.92857142857143 0.9 0.9 0.9 0.9 0.9 0.8 0.5 0.6 1 0.3 
1262306604 0.058823529411765 1 0.93333333333333 0.9 0.9 0.9 0.9 0.9 0.8 0.5 0.6 0.9 0.3 
1262306704 0.052631578947368 0.9 0.90909090909091 0.9 1 1 0.9 0.9 0.7 0.5 0.6 0.8 0.3 
1262306804 0.047619047619048 0.9 0.92307692307692 1 1 1 0.9 1 0.6 0.5 0.6 0.8 0.3 
1262306904 0.045454545454545 0.9 0.92857142857143 1 1 1 0.9 1 0.6 0.5 0.6 0.8 0.3 
1262307004 0.090909090909091 0.9 0.9375 1 1 1 0.9 1 0.6 0.5 0.6 0.8 0.3 
1262307104 0.076923076923077 0.9 0.94444444444444 1 1 1 1 1 1 0.5 0.6 0.8 0.7 
1262307204 0.071428571428571 1 0.94736842105263 1 1 1 1 1 1 0.5 0.6 1 0.7 
1262307304 0.0625 1 0.90909090909091 1 1 1 1 1 1 0.5 0.6 1 0.7 
1262307404 0.055555555555556 1 0.92307692307692 1 1 1 1 1 1 0.5 0.8 1 0.7 
1262307504 0.052631578947368 1 0.92857142857143 1 1 1 1 1 1 0.5 0.8 1 0.7 
1262307604 0.047619047619048 1 0.9375 1 1 1 1 1 1 0.5 1 1 0.7 
1262307704 0.043478260869565 1 0.94444444444444 1 1 1 1 1 1 0.5 1 1 0.7 
1262307804 0.090909090909091 1 0.94736842105263 1 1 1 1 1 1 0.5 1 1 0.7 
1262307904 0.090909090909091 1 0.95238095238095 1 1 1 1 1 1 0.5 1 1 0.7 
1262308004 0.076923076923077 1 0.95652173913043 1 1 1 1 1 1 0.5 1 1 0.7 
1262308104 0.071428571428571 1 0.95833333333333 1 1 1 1 1 1 0.5 1 1 0.7 
1262308204 0.071428571428571 1 0.95833333333333 1 1 1 1 1 1 0.5 1 1 0.7 
1262308304 0.1 1 0.95833333333333 1 1 1 1 1 1 0.5 1 1 0.7 
1262308404 0.1 1 0.95833333333333 1 1 1 1 1 1 0.5 1 1 0.7 
