arrived:	node1#19	1
arrived:	node1#5	1
arrived:	node3#7	1
arrived:	node3#9	1
arrived:	node1#14	1
arrived:	node1#7	1
arrived:	node3#11	1
arrived:	node3#12	1
arrived:	node3#4	1
arrived:	node1#8	1
arrived:	node1#4	1
arrived:	node1#1	1
arrived:	node1#12	1
arrived:	node3#8	1
arrived:	node3#6	1
arrived:	node1#13	1
arrived:	node1#10	1
arrived:	node3#1	1
arrived:	node3#5	1
arrived:	node3#3	1
arrived:	node1#22	1
arrived:	node1#21	1
arrived:	node1#9	1
arrived:	node1#16	1
arrived:	node1#20	1
arrived:	node3#2	1
arrived:	node1#11	1
arrived:	node1#6	1
arrived:	node1#3	1
arrived:	node1#15	1
arrived:	node1#2	1
NOTIFS:
node3	:	60	sent
node1	:	60	sent
SUBS:
on	node1
	node1	:	20	received
on	node3
	node3	:	11	received
1262304604 0 - 1 - - - - - - - - - - 
1262304704 0 - 1 - - - - - - - - - - 
1262304804 0 - 1 - - - - - 1 1 - - - 
1262304904 0 - 1 - 0 0 0 - 1 1 - 1 - 
1262305004 0 - 1 0 0 0 0 - 1 1 1 1 - 
1262305104 0 1 1 0 0 0 0 1 1 1 1 1 1 
1262305204 0 1 1 0 0 0 0 1 1 1 1 1 1 
1262305304 0 0.6 1 0 1 0.3 0.9 1 0.5 0.2 0.9 1 1 
1262305404 0 0.6 1 0.4 1 0.8 0.9 0.6 0.4 0.2 0.2 0.5 1 
1262305504 0.1 0.6 1 0.4 1 0.8 0.9 0.6 0.4 0.1 0.1 0.2 1 
1262305604 0.083333333333333 0.6 0.90909090909091 0.4 1 0.8 0.9 0.6 0.4 0.1 0.1 0.2 1 
1262305704 0.076923076923077 0.6 0.91666666666667 0.4 1 0.8 0.9 0.6 0.4 0.1 0.1 0.2 1 
1262305804 0.066666666666667 0.6 0.92857142857143 0.4 1 0.8 0.9 0.6 0.4 0.1 0.1 0.2 1 
1262305904 0.058823529411765 0.8 0.9375 0.4 1 1 0.9 0.6 0.2 0.1 0.1 0.2 0.2 
1262306004 0.1 0.8 0.94117647058824 0.4 1 1 0.9 0.9 0.2 0.1 0.1 0.2 0.2 
1262306104 0.090909090909091 0.8 0.94736842105263 0.5 1 1 1 0.9 0.2 0 0.1 0 0.2 
1262306204 0.083333333333333 0.8 0.90909090909091 1 1 1 1 0.9 0.2 0 0.1 0 0.2 
1262306304 0.076923076923077 0.8 0.91666666666667 1 1 1 1 1 0.2 0 0 0 0 
1262306404 0.066666666666667 0.8 0.92857142857143 1 1 1 1 1 0.2 0 0 0 0 
1262306504 0.058823529411765 0.8 0.9375 1 1 1 1 1 0.2 0 0 0 0 
1262306604 0.055555555555556 0.8 0.94117647058824 1 1 1 1 1 0.2 0 0 0 0 
1262306704 0.05 0.8 0.94736842105263 1 1 1 1 1 0.2 0 0 0 0 
1262306804 0.045454545454545 0.8 0.95238095238095 1 1 1 1 1 0.2 0 0 0 0 
1262306904 0.043478260869565 0.8 0.95454545454545 1 1 1 1 1 0.2 0 0 0 0 
1262307004 0.1 0.8 0.95833333333333 1 1 1 1 1 0.2 0 0 0 0 
1262307104 0.083333333333333 0.8 0.96153846153846 1 1 1 1 1 0.2 0 0 0 0 
1262307204 0.076923076923077 0.8 0.96296296296296 1 1 1 1 1 0.2 0 0 0 0 
1262307304 0.066666666666667 0.8 0.96551724137931 1 1 1 1 1 0.2 0 0 0 0 
1262307404 0.058823529411765 0.8 0.96774193548387 1 1 1 1 1 0.2 0 0 0 0 
1262307504 0.055555555555556 0.8 0.96875 1 1 1 1 1 0.2 0 0 0 0 
1262307604 0.05 0.8 0.97058823529412 1 1 1 1 1 0.2 0 0 0 0 
1262307704 0.045454545454545 0.8 0.97222222222222 1 1 1 1 1 0.2 0 0 0 0 
1262307804 0.043478260869565 0.8 0.97297297297297 1 1 1 1 1 0.2 0 0 0 0 
1262307904 0.04 0.8 0.97435897435897 1 1 1 1 1 0.2 0 0 0 0 
1262308004 0.037037037037037 0.8 0.97560975609756 1 1 1 1 1 0.2 0 0 0 0 
1262308104 0.035714285714286 0.8 0.97619047619048 1 1 1 1 1 0.2 0 0 0 0 
1262308204 0.035714285714286 0.8 0.97619047619048 1 1 1 1 1 0.2 0 0 0 0 
1262308304 0.035714285714286 0.8 0.97619047619048 1 1 1 1 1 0.2 0 0 0 0 
1262308404 0.035714285714286 0.8 0.97619047619048 1 1 1 1 1 0.2 0 0 0 0 
