arrived:	node3#7	1
arrived:	node3#9	1
arrived:	node3#25	1
arrived:	node3#17	1
arrived:	node3#40	1
arrived:	node3#27	1
arrived:	node3#15	1
arrived:	node3#30	1
arrived:	node3#12	1
arrived:	node3#20	1
arrived:	node3#2	1
arrived:	node3#19	1
arrived:	node3#29	1
arrived:	node3#42	1
arrived:	node3#34	1
arrived:	node3#21	1
arrived:	node3#18	1
arrived:	node3#36	1
arrived:	node3#47	1
arrived:	node3#49	1
arrived:	node3#8	1
arrived:	node3#28	1
arrived:	node1#12	1
arrived:	node3#37	1
arrived:	node3#50	1
arrived:	node3#48	1
arrived:	node3#33	1
arrived:	node3#10	1
arrived:	node3#44	1
arrived:	node3#46	1
arrived:	node3#38	1
arrived:	node3#13	1
arrived:	node3#31	1
arrived:	node3#32	1
arrived:	node3#14	1
arrived:	node3#16	1
arrived:	node3#11	1
arrived:	node3#39	1
arrived:	node3#41	1
arrived:	node3#24	1
arrived:	node3#35	1
NOTIFS:
node3	:	60	sent
node1	:	60	sent
SUBS:
on	node1
	node1	:	1	received
on	node3
	node3	:	40	received
1262304604 0 - 1 - - - - - - - - - - 
1262304704 0 - 1 - - - - - - - - - - 
1262304804 0 - 1 - - - - - - - - - - 
1262304904 0 - 1 0 - - - - - - - - - 
1262305004 0 - 1 0 - 0 0 - - - - - - 
1262305104 0 - 1 0 0 0 0 0 - - 1 - - 
1262305204 0 0 1 0 0 0 0 0 1 1 1 1 - 
1262305304 0 0 1 0 0 0 0 0 1 1 1 1 1 
1262305404 0 0 1 0 0 0 0 0 1 1 1 1 1 
1262305504 0 0 1 0 0 0 0 0 1 1 1 1 1 
1262305604 0 0 1 0.1 0 0 0.1 0.1 0.3 0.5 0.3 1 0.5 
1262305704 0 0 1 0.1 0 0 0.1 0.1 0 0 0 1 0 
1262305804 0 0 1 0.1 0 0 0.1 0.1 0 0 0 0.6 0 
1262305904 0.090909090909091 0 1 0.1 0 0 0.1 0.1 0 0 0 0.6 0 
1262306004 0.083333333333333 0 0.9 0.1 0 0 0.1 0 0 0 0 0.5 0 
1262306104 0.071428571428571 0 0.91666666666667 0.1 0.1 0 0.1 0 0 0 0 0.5 0 
1262306204 0.0625 0 0.92857142857143 0.1 0.1 0 0.1 0 0 0 0 0.5 0 
1262306304 0.058823529411765 0 0.93333333333333 0.1 0.1 0.1 0.1 0 0 0 0 0 0 
1262306404 0.052631578947368 0 0.90909090909091 0.1 0.1 0.1 0.1 0 0 0 0 0 0 
1262306504 0.047619047619048 0 0.92307692307692 0.1 0.1 0.1 0.1 0 0 0 0 0 0 
1262306604 0.045454545454545 0 0.92857142857143 0.1 0.1 0.1 0.1 0 0 0 0 0 0 
1262306704 0.041666666666667 0 0.9375 0.1 0.1 0.1 0.1 0 0 0 0 0 0 
1262306804 0.038461538461538 0 0.94444444444444 0.1 0.1 0.1 0.1 0 0 0 0 0 0 
1262306904 0.037037037037037 0 0.94736842105263 0.1 0.1 0.1 0.1 0 0 0 0 0 0 
1262307004 0.03448275862069 0 0.95238095238095 0.1 0.1 0.1 0.1 0 0 0 0 0 0 
1262307104 0.032258064516129 0 0.90909090909091 0.1 0.1 0.1 0.1 0 0 0 0 0 0 
1262307204 0.03125 0 0.91666666666667 0.1 0.1 0.1 0.1 0 0 0 0 0 0 
1262307304 0.029411764705882 0 0.92857142857143 0.1 0.1 0.1 0.1 0 0 0 0 0 0 
1262307404 0.027777777777778 0 0.9375 0.1 0.1 0.1 0.1 0 0 0 0 0 0 
1262307504 0.027027027027027 0 0.9 0.1 0.1 0.1 0.1 0 0 0 0 0 0 
1262307604 0.025641025641026 0 0.91666666666667 0 0 0.1 0.1 0 0 0 0 0 0 
1262307704 0.024390243902439 0 0.92857142857143 0 0 0.1 0.1 0 0 0 0 0 0 
1262307804 0.023809523809524 0 0.93333333333333 0 0 0.1 0.1 0 0 0 0 0 0 
1262307904 0.022727272727273 0 0.90909090909091 0 0 0.1 0.1 0 0 0 0 0 0 
1262308004 0.021739130434783 0 0.92307692307692 0 0 0.1 0.1 0 0 0 0 0 0 
1262308104 0.021276595744681 0 0.92857142857143 0 0 0.1 0.1 0 0 0 0 0 0 
1262308204 0.021276595744681 0 0.9 0 0 0.1 0.1 0 0 0 0 0 0 
1262308304 0.021276595744681 0 0.9 0 0 0.1 0.1 0 0 0 0 0 0 
1262308404 0.021276595744681 0 0.9 0 0 0.1 0.1 0 0 0 0 0 0 
