arrived:	node2#34	1
arrived:	node2#51	1
arrived:	node2#16	1
arrived:	node3#45	1
arrived:	node2#36	1
arrived:	node2#47	1
arrived:	node2#18	1
arrived:	node2#50	1
arrived:	node2#10	1
arrived:	node3#44	1
arrived:	node2#42	1
arrived:	node2#37	1
arrived:	node3#42	1
arrived:	node3#46	1
arrived:	node2#35	1
arrived:	node2#46	1
arrived:	node2#13	1
arrived:	node2#14	1
arrived:	node2#45	1
arrived:	node2#43	1
arrived:	node2#19	1
arrived:	node2#20	1
arrived:	node2#48	1
arrived:	node2#11	1
arrived:	node2#32	1
arrived:	node2#9	1
arrived:	node2#52	1
arrived:	node2#49	1
arrived:	node2#12	1
arrived:	node2#33	1
arrived:	node2#17	1
arrived:	node2#44	1
arrived:	node3#43	1
NOTIFS:
node3	:	60	sent
node2	:	60	sent
SUBS:
on	node2
	node2	:	28	received
on	node3
	node3	:	5	received
1262304604 0.5 - - - - - - - - - - - - 
1262304704 0.5 - - - - - - - - - - - - 
1262304804 0.5 - - - - - - - - - - - - 
1262304904 0.5 - - - - - - - - - - - - 
1262305004 0.5 - - 0.5 - 0.5 0.5 0.5 - - - - - 
1262305104 0.5 - - 0.5 0.5 0.5 0.5 0.5 - - - - - 
1262305204 0.5 - - 0.5 0.5 0.5 0.5 0.5 - - - - - 
1262305304 0.5 - - 0.5 0.5 0.5 0.5 0.5 - - - - - 
1262305404 0.5 0 - 0.5 0.5 0.5 0.5 0.5 - - - - - 
1262305504 0.5 0 - 0.5 0.5 0.5 0.5 0.5 0.5 - 0.5 - - 
1262305604 0.4 0 - 0.5 0.5 0.5 0.5 0.5 0.5 - 0.33333333333333 - - 
1262305704 0.4 0 - 0.5 0.5 0.5 0.5 0.5 0.5 - 0.33333333333333 - - 
1262305804 0.4 0 - 0.5 0.5 0.5 0.7 0.5 0.5 - 0.33333333333333 - - 
1262305884 0.4 0 - 0.5 0.5 0.5 0.7 0.5 0.5 - 0.33333333333333 - - 
1262305904 0.4 0 - 0.5 0.5 0.5 0.7 0.5 0.5 - 0.33333333333333 - - 
1262305914 0.4 0 - 0.5 0.5 0.5 0.7 0.5 0.5 - 0.33333333333333 - - 
1262305984 0.5 0 - 0.5 0.5 0.5 0.7 0.5 0.5 - 0.33333333333333 - - 
1262306004 0.5 0 - 0.5 0.5 0.5 0.5 0.5 0.5 - 0.33333333333333 - - 
1262306014 0.5 0 - 0.5 0.5 0.5 0.5 0.5 0.5 - 0.33333333333333 - - 
1262306084 0.4 0 - 0.5 0.5 0.5 0.5 0.5 0.5 - 0.33333333333333 - - 
1262306104 0.4 0 - 0.5 0.5 0.5 0.5 0.5 0.5 - 0.33333333333333 - - 
1262306114 0.4 0 - 0.5 0.5 0.5 0.5 0.5 0.5 - 0.33333333333333 - - 
1262306184 0.5 0 - 0.5 0.5 0.5 0.5 0.5 0.5 - 0.33333333333333 - - 
1262306204 0.5 0 - 0.5 0.5 0.5 0.5 0.5 0.5 - 0.5 - 0.5 
1262306214 0.5 0 - 0.5 0.5 0.5 0.5 0.5 0.5 - 0.5 - 0.5 
1262306262 0.5 0 - 0.5 0.5 0.5 0.5 0.5 0.5 - 0.5 - 0.5 
1262306284 0.5 0 - 0.5 0.5 0.5 0.5 0.5 0.5 - 0.5 - 0.5 
1262306304 0.5 0 - 0.5 0.4 0.5 0.5 0.5 0.5 - 0.5 - 0.5 
1262306314 0.5 0 - 0.5 0.4 0.5 0.5 0.5 0.5 - 0.5 - 0.5 
1262306362 0.5 0 - 0.5 0.4 0.5 0.5 0.5 0.5 - 0.5 - 0.5 
1262306384 0.5 0 - 0.5 0.4 0.5 0.5 0.5 0.5 - 0.5 - 0.5 
1262306404 0.5 0 - 0.5 0.5 0.5 0.5 0.5 0.5 - 0.5 - 0.5 
1262306414 0.5 0 - 0.5 0.5 0.5 0.5 0.5 0.5 - 0.5 - 0.5 
1262306462 0.5 0 - 0.5 0.5 0.5 0.5 0.5 0.5 - 0.5 - 0.5 
1262306484 0.5 0 - 0.5 0.5 0.5 0.5 0.5 0.5 - 0.5 - 0.5 
1262306504 0.5 0 - 0.5 0.5 0.5 0.5 0.5 0.5 - 0.5 - 0.5 
1262306514 0.5 0 - 0.5 0.5 0.5 0.5 0.5 0.5 - 0.5 - 0.5 
1262306562 0.5 0 - 0.5 0.5 0.5 0.5 0.5 0.5 - 0.5 - 0.5 
1262306584 0.5 0 - 0.5 0.5 0.5 0.5 0.5 0.5 - 0.5 - 0.5 
1262306604 0.5 0 - 0.5 0.5 0.5 0.5 0.5 0.5 - 0.5 - 0.5 
1262306614 0.5 0 - 0.5 0.5 0.5 0.5 0.5 0.5 - 0.5 - 0.5 
1262306684 0.5 0 - 0.5 0.5 0.5 0.5 0.5 0.5 - 0.5 - 0.5 
1262306704 0.5 0 - 0.5 0.5 0.5 0.5 0.5 0.5 - 0.5 - 0.5 
1262306714 0.5 0 - 0.5 0.5 0.5 0.5 0.5 0.5 - 0.5 - 0.5 
1262306782 0.5 0 - 0.5 0.5 0.5 0.5 0.5 0.5 - 0.5 - 0.5 
1262306784 0.5 0 - 0.5 0.5 0.5 0.5 0.5 0.5 - 0.5 - 0.5 
1262306804 0.5 0 - 0.5 0.5 0.5 0.6 0.5 0.5 - 0.5 - 0.5 
1262306814 0.5 0 - 0.5 0.5 0.5 0.6 0.5 0.5 - 0.5 - 0.5 
1262306882 0.5 0 - 0.5 0.5 0.5 0.6 0.5 0.5 - 0.5 - 0.5 
1262306884 0.5 0 - 0.5 0.5 0.5 0.6 0.5 0.5 - 0.5 - 0.5 
1262306904 0.5 0 - 0.5 0.5 0.5 0.6 0.5 0.5 - 0.5 - 0.5 
1262306914 0.5 0 - 0.5 0.5 0.5 0.6 0.5 0.5 - 0.5 - 0.5 
1262306982 0.5 0 - 0.5 0.5 0.5 0.6 0.5 0.5 - 0.5 - 0.5 
1262306984 0.5 0 - 0.5 0.5 0.5 0.6 0.5 0.5 - 0.5 - 0.5 
1262307004 0.5 0 - 0.5 0.5 0.5 0.5 0.5 0.4 0 0.5 - 0.5 
1262307014 0.5 0 - 0.5 0.5 0.5 0.5 0.6 0.4 0 0.5 - 0.5 
1262307082 0.5 0 - 0.5 0.5 0.5 0.5 0.6 0.4 0 0.5 - 0.5 
1262307084 0.5 0 - 0.5 0.5 0.5 0.5 0.6 0.4 0 0.5 - 0.5 
1262307104 0.5 0 - 0.5 0.5 0.5 0.5 0.6 0.625 0 0.5 - 0.5 
1262307114 0.5 0 - 0.5 0.5 0.5 0.5 0.5 0.625 0 0.5 - 0.5 
1262307182 0.5 0 - 0.5 0.5 0.5 0.5 0.5 0.625 0 0.5 - 0.5 
1262307184 0.5 0 - 0.5 0.5 0.5 0.5 0.5 0.625 0 0.5 - 0.5 
1262307204 0.5 0 - 0.5 0.5 0.5 0.5 0.5 0.625 0 0.5 - 0.5 
1262307212 0.5 0 - 0.5 0.5 0.5 0.5 0.5 0.625 0 0.5 - 0.5 
1262307214 0.5 0 - 0.5 0.5 0.5 0.5 0.5 0.625 0 0.5 - 0.5 
1262307282 0.5 0 - 0.5 0.5 0.5 0.5 0.5 0.625 0 0.5 - 0.5 
1262307284 0.5 0 - 0.5 0.5 0.5 0.5 0.5 0.625 0 0.5 - 0.5 
1262307304 0.5 0 - 0.5 0.5 0.5 0.5 0.5 0.625 0 0.5 0 0.5 
1262307312 0.5 0 - 0.5 0.5 0.5 0.5 0.5 0.625 0 0.5 0 0.5 
1262307314 0.5 0 - 0.5 0.5 0.5 0.5 0.5 0.625 0 0.5 0 0.5 
1262307359 0.5 0 - 0.5 0.5 0.5 0.5 0.5 0.625 0 0.5 0 0.5 
1262307382 0.5 0 - 0.5 0.5 0.5 0.5 0.5 0.625 0 0.5 0 0.5 
1262307384 0.5 0 - 0.5 0.5 0.5 0.5 0.5 0.625 0 0.5 0 0.5 
1262307404 0.5 0 - 0.5 0.5 0.5 0.5 0.5 0.625 0 0.5 0 0.5 
1262307412 0.5 0 - 0.5 0.5 0.5 0.5 0.5 0.625 0 0.5 0 0.5 
1262307414 0.5 0 - 0.5 0.5 0.5 0.5 0.5 0.625 0 0.5 0 0.5 
1262307459 0.5 0 - 0.5 0.5 0.5 0.5 0.5 0.625 0 0.5 0 0.5 
1262307484 0.5 0 - 0.5 0.5 0.5 0.5 0.5 0.625 0 0.5 0 0.5 
1262307504 0.5 0 - 0.5 0.5 0.5 0.5 0.5 0.625 0 0.5 0 0.5 
1262307512 0.5 0 - 0.5 0.5 0.5 0.5 0.5 0.625 0 0.5 0 0.5 
1262307514 0.5 0 - 0.5 0.5 0.5 0.5 0.5 0.625 0 0.5 0 0.5 
1262307537 0.5 0 - 0.5 0.5 0.5 0.5 0.5 0.625 0 0.5 0 0.5 
1262307559 0.5 0 - 0.5 0.5 0.5 0.5 0.5 0.625 0 0.5 0 0.5 
1262307577 0.5 0 - 0.5 0.5 0.5 0.5 0.5 0.625 0 0.5 0 0.5 
1262307584 0.5 0 - 0.5 0.5 0.5 0.5 0.5 0.625 0 0.5 0 0.5 
1262307604 0.5 0.11111111111111 - 0.5 0.5 0.5 0.5 0.5 0.625 0 0.5 0 0.5 
1262307612 0.5 0.11111111111111 - 0.5 0.5 0.5 0.5 0.5 0.625 0 0.5 0 0.5 
1262307614 0.5 0.11111111111111 - 0.5 0.5 0.5 0.5 0.5 0.625 0 0.5 0 0.5 
1262307637 0.5 0.11111111111111 - 0.5 0.5 0.5 0.5 0.5 0.625 0 0.5 0 0.5 
1262307659 0.5 0.11111111111111 - 0.5 0.5 0.5 0.5 0.5 0.625 0 0.5 0 0.5 
1262307677 0.5 0.11111111111111 - 0.5 0.5 0.5 0.5 0.5 0.625 0 0.5 0 0.5 
1262307684 0.5 0.11111111111111 - 0.5 0.5 0.5 0.5 0.5 0.625 0 0.5 0 0.5 
1262307704 0.5 0.1 - 0.5 0.5 0.5 0.5 0.5 0.625 0 0.5 0 0.5 
1262307712 0.5 0.1 - 0.5 0.5 0.5 0.5 0.5 0.625 0 0.5 0 0.5 
1262307714 0.5 0.1 - 0.5 0.5 0.5 0.5 0.5 0.625 0 0.5 0 0.5 
1262307737 0.5 0.1 - 0.5 0.5 0.5 0.5 0.5 0.625 0 0.5 0 0.5 
1262307759 0.5 0.1 - 0.5 0.5 0.5 0.5 0.5 0.625 0 0.5 0 0.5 
1262307777 0.5 0.1 - 0.5 0.5 0.5 0.5 0.5 0.625 0 0.5 0 0.5 
1262307784 0.5 0.1 - 0.5 0.5 0.5 0.5 0.5 0.625 0 0.5 0 0.5 
1262307804 0.5 0.1 - 0.5 0.5 0.5 0.5 0.5 0.625 0 0.5 0.375 0.5 
1262307812 0.5 0.1 - 0.5 0.5 0.5 0.5 0.5 0.625 0 0.5 0.375 0.5 
1262307837 0.5 0.1 - 0.5 0.5 0.5 0.5 0.5 0.625 0 0.5 0.375 0.5 
1262307859 0.5 0.1 - 0.5 0.5 0.5 0.5 0.5 0.625 0 0.5 0.375 0.5 
1262307884 0.5 0.1 - 0.5 0.5 0.5 0.5 0.5 0.625 0 0.5 0.375 0.5 
1262307904 0.5 0.1 - 0.5 0.5 0.5 0.5 0.5 0.625 0 0.5 0.375 0.5 
1262307912 0.5 0.1 - 0.5 0.5 0.5 0.5 0.5 0.625 0 0.5 0.375 0.5 
1262307937 0.5 0.1 - 0.5 0.5 0.5 0.5 0.5 0.625 0 0.5 0.375 0.5 
1262307945 0.5 0.1 - 0.5 0.5 0.5 0.5 0.5 0.625 0 0.5 0.375 0.5 
1262307959 0.5 0.1 - 0.5 0.5 0.5 0.5 0.5 0.625 0 0.5 0.375 0.5 
1262307999 0.5 0.1 - 0.5 0.5 0.5 0.5 0.5 0.625 0 0.5 0.375 0.5 
1262308004 0.5 0.11111111111111 - 0.5 0.5 0.5 0.5 0.5 0.625 0.5 0.5 0.375 0.5 
1262308012 0.5 0.11111111111111 - 0.5 0.5 0.5 0.5 0.5 0.625 0.5 0.5 0.375 0.5 
1262308037 0.5 0.11111111111111 - 0.5 0.5 0.5 0.5 0.5 0.625 0.5 0.5 0.375 0.5 
1262308045 0.5 0.11111111111111 - 0.5 0.5 0.5 0.5 0.5 0.625 0.5 0.5 0.375 0.5 
1262308059 0.5 0.11111111111111 - 0.5 0.5 0.5 0.5 0.5 0.625 0.5 0.5 0.375 0.5 
1262308099 0.5 0.11111111111111 - 0.5 0.5 0.5 0.5 0.5 0.625 0.5 0.5 0.375 0.5 
1262308104 0.5 0 1 0.5 0.5 0.5 0.5 0.5 0.625 0.5 0.5 0.375 0.5 
1262308109 0.5 0 1 0.5 0.5 0.5 0.5 0.5 0.625 0.5 0.5 0.375 0.5 
1262308112 0.5 0 1 0.5 0.5 0.5 0.5 0.5 0.625 0.5 0.5 0.375 0.5 
1262308137 0.5 0 1 0.5 0.5 0.5 0.5 0.5 0.625 0.5 0.5 0.375 0.5 
1262308159 0.5 0 1 0.5 0.5 0.5 0.5 0.5 0.625 0.5 0.5 0.375 0.5 
1262308204 0.5 0 1 0.5 0.5 0.5 0.5 0.5 0.5 0.5 0.5 0.375 0.5 
1262308209 0.5 0 1 0.5 0.5 0.5 0.5 0.5 0.5 0.5 0.5 0.375 0.5 
1262308212 0.5 0 1 0.5 0.5 0.5 0.5 0.5 0.5 0.5 0.5 0.375 0.5 
1262308237 0.5 0 1 0.5 0.5 0.5 0.5 0.5 0.5 0.5 0.5 0.375 0.5 
1262308247 0.5 0 1 0.5 0.5 0.5 0.5 0.5 0.5 0.5 0.5 0.375 0.5 
1262308259 0.5 0 1 0.5 0.5 0.5 0.5 0.5 0.5 0.5 0.5 0.375 0.5 
1262308304 0.5 0 1 0.5 0.5 0.5 0.5 0.5 0.5 0.5 0.5 0.375 0.5 
1262308306 0.5 0 1 0.5 0.5 0.5 0.5 0.5 0.5 0.5 0.5 0.375 0.5 
1262308309 0.5 0 1 0.5 0.5 0.5 0.5 0.5 0.5 0.5 0.5 0.375 0.5 
1262308312 0.5 0 1 0.5 0.5 0.5 0.5 0.5 0.5 0.5 0.5 0.375 0.5 
1262308337 0.5 0 1 0.5 0.5 0.5 0.5 0.5 0.5 0.5 0.5 0.375 0.5 
1262308347 0.5 0 1 0.5 0.5 0.5 0.5 0.5 0.5 0.5 0.5 0.375 0.5 
1262308359 0.5 0 1 0.5 0.5 0.5 0.5 0.5 0.5 0.5 0.5 0.375 0.5 
1262308404 0.5 0 1 0.5 0.5 0.5 0.5 0.5 0.5 0.5 0.5 0.375 0.7 
1262308406 0.5 0 1 0.4 0.5 0.5 0.5 0.5 0.5 0.5 0.5 0.375 0.7 
1262308409 0.5 0 1 0.4 0.5 0.5 0.5 0.5 0.5 0.5 0.5 0.375 0.7 
1262308412 0.5 0 1 0.4 0.5 0.5 0.5 0.5 0.5 0.5 0.5 0.375 0.7 
1262308437 0.5 0 1 0.4 0.5 0.5 0.5 0.5 0.5 0.5 0.5 0.375 0.7 
1262308447 0.5 0 1 0.4 0.5 0.5 0.5 0.5 0.5 0.5 0.5 0.375 0.7 
1262308459 0.5 0 1 0.4 0.5 0.5 0.5 0.5 0.5 0.5 0.5 0.375 0.7 
