arrived:	node2#3	1
arrived:	node2#1	1
arrived:	node2#47	1
arrived:	node2#2	1
arrived:	node2#22	1
arrived:	node2#6	1
arrived:	node2#15	1
arrived:	node2#30	1
arrived:	node2#50	1
arrived:	node2#28	1
arrived:	node2#29	1
arrived:	node2#27	1
arrived:	node2#4	1
arrived:	node2#26	1
arrived:	node2#24	1
arrived:	node2#25	1
arrived:	node2#23	1
arrived:	node2#5	1
arrived:	node2#46	1
arrived:	node2#60	1
arrived:	node2#13	1
arrived:	node2#14	1
arrived:	node2#8	1
arrived:	node2#43	1
arrived:	node2#59	1
arrived:	node2#16	1
arrived:	node2#58	1
arrived:	node2#48	1
arrived:	node2#49	1
arrived:	node2#32	1
arrived:	node2#31	1
arrived:	node2#42	1
arrived:	node2#57	1
arrived:	node2#45	1
arrived:	node2#7	1
arrived:	node2#12	1
arrived:	node2#44	1
arrived:	node2#33	1
NOTIFS:
node3	:	60	sent
node2	:	60	sent
SUBS:
on	node2
	node2	:	38	received
on	node3
	node3	:	0	received
1262304604 0.5 - - 0.5 - - - - - - - - - 
1262304704 0.5 - - 0.5 0.5 0.5 0.5 0.5 - - - - - 
1262304804 0.5 - - 0.5 0.5 0.5 0.5 0.5 - - - - - 
1262304904 0.5 0 - 0.5 0.5 0.5 0.5 0.5 - - - 0.5 - 
1262305004 0.5 0 - 0.5 0.5 0.5 0.5 0.5 - - - 0.5 - 
1262305104 0.5 0 - 0.5 0.6 0.5 0.5 0.5 - - - 0.5 - 
1262305204 0.5 0 - 0.5 0.6 0.5 0.5 0.5 - - - 0.5 - 
1262305304 0.5 0 - 0.5 0.6 0.5 0.5 0.5 - - - 0.5 0.66666666666667 
1262305404 0.4 0 - 0.4 0.6 0.4 0.5 0.5 - - 0.5 0.5 0.66666666666667 
1262305470 0.4 0 - 0.4 0.6 0.4 0.5 0.5 - - 0.5 0.5 0.66666666666667 
1262305504 0.5 0 - 0.6 0.5 0.5 0.5 0.5 - - 0.5 0.5 0.66666666666667 
1262305570 0.5 0 - 0.6 0.5 0.5 0.5 0.5 - - 0.5 0.5 0.66666666666667 
1262305604 0.5 0 - 0.5 0.5 0.5 0.5 0.5 - - 0.5 0.5 0.66666666666667 
1262305670 0.5 0 - 0.5 0.5 0.5 0.5 0.5 - - 0.5 0.5 0.66666666666667 
1262305704 0.4 0 - 0.5 0.5 0.5 0.5 0.5 - - 0.5 0.5 0.66666666666667 
1262305770 0.4 0 - 0.5 0.5 0.5 0.5 0.5 - - 0.5 0.5 0.66666666666667 
1262305804 0.5 0 - 0.5 0.5 0.5 0.5 0.5 0 - 0.5 0.5 0.66666666666667 
1262305870 0.5 0 - 0.5 0.5 0.5 0.5 0.5 0 - 0.5 0.5 0.66666666666667 
1262305891 0.5 0 - 0.5 0.5 0.5 0.5 0.5 0 - 0.5 0.5 0.66666666666667 
1262305904 0.5 0 - 0.5 0.5 0.5 0.5 0.5 0 - 0.5 0.5 0.66666666666667 
1262305970 0.5 0 - 0.5 0.5 0.5 0.5 0.5 0 - 0.5 0.5 0.66666666666667 
1262305991 0.5 0 - 0.5 0.5 0.5 0.5 0.5 0 - 0.5 0.5 0.66666666666667 
1262306004 0.5 0 - 0.5 0.5 0.5 0.5 0.5 0 - 0.5 0.5 0.66666666666667 
1262306070 0.5 0 - 0.5 0.5 0.5 0.5 0.5 0 - 0.5 0.5 0.66666666666667 
1262306091 0.5 0 - 0.5 0.5 0.5 0.5 0.5 0 - 0.5 0.5 0.66666666666667 
1262306104 0.5 0 - 0.5 0.5 0.5 0.5 0.5 0 - 0.5 0.5 0.66666666666667 
1262306170 0.5 0 - 0.5 0.5 0.5 0.5 0.5 0 - 0.5 0.5 0.66666666666667 
1262306191 0.5 0 - 0.5 0.5 0.5 0.5 0.5 0 - 0.5 0.5 0.66666666666667 
1262306204 0.5 0 - 0.5 0.5 0.5 0.5 0.5 0.5 - 0.5 0.5 0.71428571428571 
1262306270 0.5 0 - 0.5 0.5 0.5 0.5 0.5 0.5 - 0.5 0.5 0.71428571428571 
1262306291 0.5 0 - 0.5 0.5 0.5 0.5 0.5 0.5 - 0.5 0.5 0.71428571428571 
1262306304 0.5 0 - 0.5 0.5 0.5 0.5 0.5 0.5 - 0.5 0.5 0.55555555555556 
1262306370 0.5 0 - 0.5 0.5 0.5 0.5 0.5 0.5 - 0.5 0.5 0.55555555555556 
1262306391 0.5 0 - 0.5 0.5 0.5 0.5 0.5 0.5 - 0.5 0.5 0.55555555555556 
1262306404 0.5 0 - 0.5 0.5 0.5 0.5 0.5 0.5 - 0.4 0.5 0.55555555555556 
1262306470 0.5 0 - 0.5 0.5 0.5 0.4 0.5 0.5 - 0.4 0.5 0.55555555555556 
1262306491 0.5 0 - 0.5 0.5 0.6 0.4 0.5 0.5 - 0.4 0.5 0.55555555555556 
1262306504 0.5 0 - 0.5 0.5 0.6 0.4 0.5 0.5 1 0.4 0.5 0.55555555555556 
1262306570 0.5 0 - 0.5 0.5 0.6 0.5 0.5 0.5 1 0.4 0.5 0.55555555555556 
1262306591 0.5 0 - 0.5 0.5 0.6 0.5 0.5 0.5 1 0.4 0.5 0.55555555555556 
1262306604 0.5 0 - 0.5 0.5 0.6 0.5 0.5 0.4 1 0.4 0.5 0.55555555555556 
1262306670 0.5 0 - 0.5 0.5 0.6 0.5 0.5 0.4 1 0.4 0.5 0.55555555555556 
1262306691 0.5 0 - 0.5 0.5 0.4 0.5 0.5 0.4 1 0.4 0.5 0.55555555555556 
1262306704 0.5 0 - 0.4 0.5 0.4 0.5 0.5 0.4 1 0.4 0.5 0.55555555555556 
1262306770 0.5 0 - 0.4 0.5 0.4 0.5 0.5 0.4 1 0.4 0.5 0.55555555555556 
1262306791 0.5 0 - 0.4 0.5 0.4 0.5 0.5 0.4 1 0.4 0.5 0.55555555555556 
1262306804 0.5 0 - 0.5 0.5 0.4 0.5 0.5 0.4 1 0.4 0.5 0.55555555555556 
1262306870 0.5 0 - 0.5 0.5 0.4 0.5 0.5 0.4 1 0.4 0.5 0.55555555555556 
1262306891 0.5 0 - 0.5 0.5 0.4 0.5 0.5 0.4 1 0.4 0.5 0.55555555555556 
1262306904 0.5 0 - 0.5 0.5 0.4 0.5 0.5 0.4 1 0.4 0.5 0.4 
1262306970 0.5 0 - 0.5 0.5 0.4 0.5 0.5 0.4 1 0.4 0.5 0.4 
1262306991 0.5 0 - 0.5 0.5 0.4 0.5 0.5 0.4 1 0.4 0.5 0.4 
1262307004 0.5 0 - 0.5 0.5 0.4 0.5 0.5 0.4 1 0.4 0.5 0.4 
1262307070 0.5 0 - 0.5 0.5 0.4 0.5 0.5 0.4 1 0.4 0.5 0.4 
1262307091 0.5 0 - 0.5 0.5 0.4 0.5 0.5 0.4 1 0.4 0.5 0.4 
1262307104 0.4 0 - 0.5 0.5 0.4 0.5 0.5 0.4 1 0.4 0.5 0.4 
1262307170 0.4 0 - 0.5 0.5 0.4 0.5 0.5 0.4 1 0.4 0.5 0.4 
1262307191 0.4 0 - 0.5 0.5 0.4 0.5 0.5 0.4 1 0.4 0.5 0.4 
1262307204 0.5 0 - 0.5 0.5 0.4 0.5 0.5 0.4 1 0.33333333333333 0.5 0.4 
1262307246 0.5 0 - 0.5 0.5 0.4 0.5 0.5 0.4 1 0.33333333333333 0.5 0.4 
1262307270 0.5 0 - 0.5 0.5 0.4 0.5 0.5 0.4 1 0.33333333333333 0.5 0.4 
1262307291 0.5 0 - 0.5 0.5 0.4 0.5 0.5 0.4 1 0.33333333333333 0.5 0.4 
1262307304 0.5 0 - 0.5 0.5 0.4 0.5 0.5 0.4 1 0.33333333333333 0.5 0.4 
1262307346 0.5 0 - 0.5 0.5 0.4 0.5 0.5 0.4 1 0.33333333333333 0.5 0.4 
1262307347 0.5 0 - 0.5 0.5 0.4 0.5 0.5 0.4 1 0.33333333333333 0.5 0.4 
1262307370 0.5 0 - 0.5 0.5 0.4 0.5 0.5 0.4 1 0.33333333333333 0.5 0.4 
1262307391 0.5 0 - 0.5 0.5 0.5 0.5 0.5 0.4 1 0.33333333333333 0.5 0.4 
1262307404 0.5 0 - 0.5 0.5 0.5 0.5 0.5 0.4 1 0.4 0.5 0.4 
1262307446 0.5 0 - 0.5 0.5 0.5 0.5 0.5 0.4 1 0.4 0.5 0.4 
1262307447 0.5 0 - 0.5 0.5 0.5 0.5 0.5 0.4 1 0.4 0.5 0.4 
1262307470 0.5 0 - 0.5 0.5 0.5 0.5 0.5 0.4 1 0.4 0.5 0.4 
1262307491 0.5 0 - 0.5 0.5 0.5 0.5 0.5 0.4 1 0.4 0.5 0.4 
1262307504 0.5 0 - 0.5 0.5 0.5 0.5 0.5 0.4 0.5 0.4 0.5 0.4 
1262307546 0.5 0 - 0.5 0.5 0.5 0.5 0.5 0.4 0.5 0.4 0.5 0.4 
1262307547 0.5 0 - 0.5 0.5 0.5 0.5 0.5 0.4 0.5 0.4 0.5 0.4 
1262307570 0.5 0 - 0.5 0.5 0.5 0.5 0.5 0.4 0.5 0.4 0.5 0.4 
1262307591 0.5 0 - 0.5 0.5 0.5 0.5 0.5 0.4 0.5 0.4 0.5 0.4 
1262307604 0.5 0 - 0.5 0.5 0.5 0.5 0.5 0.4 0.5 0.5 0.5 0.4 
1262307646 0.5 0 - 0.5 0.5 0.5 0.5 0.5 0.4 0.5 0.5 0.5 0.4 
1262307647 0.5 0 - 0.5 0.5 0.5 0.5 0.5 0.4 0.5 0.5 0.5 0.4 
1262307670 0.5 0 - 0.5 0.5 0.5 0.5 0.5 0.4 0.5 0.5 0.5 0.4 
1262307691 0.5 0 - 0.5 0.5 0.5 0.5 0.5 0.4 0.5 0.5 0.5 0.4 
1262307704 0.5 0 - 0.5 0.5 0.5 0.5 0.5 0.4 0.5 0.5 0.5 0.4 
1262307746 0.5 0 - 0.5 0.5 0.5 0.5 0.5 0.4 0.5 0.5 0.5 0.4 
1262307747 0.5 0 - 0.5 0.5 0.5 0.5 0.5 0.4 0.5 0.5 0.5 0.4 
1262307770 0.5 0 - 0.5 0.5 0.5 0.5 0.5 0.4 0.5 0.5 0.5 0.4 
1262307791 0.5 0 - 0.5 0.5 0.5 0.5 0.5 0.4 0.5 0.5 0.5 0.4 
1262307804 0.5 0 - 0.5 0.5 0.5 0.5 0.5 0.4 0.5 0.5 0.5 0.4 
1262307847 0.5 0 - 0.5 0.5 0.5 0.5 0.5 0.4 0.5 0.5 0.5 0.4 
1262307870 0.5 0 - 0.5 0.5 0.5 0.5 0.5 0.4 0.5 0.5 0.5 0.4 
1262307876 0.5 0 - 0.5 0.5 0.5 0.5 0.5 0.4 0.5 0.5 0.5 0.4 
1262307891 0.5 0 - 0.5 0.5 0.5 0.5 0.5 0.4 0.5 0.5 0.5 0.4 
1262307904 0.5 0.1 - 0.5 0.5 0.5 0.5 0.5 0.4 0.5 0.5 0.5 0.4 
1262307942 0.5 0.1 - 0.5 0.5 0.5 0.5 0.5 0.4 0.5 0.5 0.5 0.4 
1262307947 0.5 0.1 - 0.5 0.5 0.5 0.5 0.5 0.4 0.5 0.5 0.5 0.4 
1262307970 0.5 0.1 - 0.5 0.5 0.5 0.5 0.5 0.4 0.5 0.5 0.5 0.4 
1262307976 0.5 0.1 - 0.5 0.5 0.5 0.5 0.5 0.4 0.5 0.5 0.5 0.4 
1262307991 0.5 0.1 - 0.5 0.5 0.5 0.5 0.5 0.4 0.5 0.5 0.5 0.4 
1262308004 0.5 0.1 - 0.5 0.5 0.5 0.5 0.5 0.4 0.5 0.5 0.5 0.4 
1262308027 0.5 0.1 - 0.5 0.5 0.5 0.5 0.5 0.4 0.5 0.5 0.5 0.5 
1262308042 0.5 0.1 - 0.5 0.5 0.5 0.5 0.5 0.4 0.5 0.5 0.5 0.5 
1262308047 0.5 0.1 - 0.5 0.5 0.5 0.5 0.5 0.4 0.5 0.5 0.5 0.5 
1262308070 0.5 0.1 - 0.5 0.5 0.5 0.5 0.5 0.4 0.5 0.5 0.5 0.5 
1262308076 0.5 0.1 - 0.5 0.5 0.5 0.5 0.5 0.4 0.5 0.5 0.5 0.5 
1262308091 0.5 0.1 - 0.5 0.5 0.5 0.5 0.5 0.4 0.5 0.5 0.5 0.5 
1262308104 0.5 0.1 - 0.5 0.5 0.5 0.5 0.5 0.3 0.5 0.5 0.5 0.5 
1262308127 0.5 0.1 - 0.5 0.5 0.5 0.5 0.5 0.3 0.5 0.5 0.5 0.5 
1262308142 0.5 0.1 - 0.5 0.5 0.5 0.5 0.5 0.3 0.5 0.5 0.5 0.5 
1262308147 0.5 0.1 - 0.5 0.5 0.5 0.5 0.5 0.3 0.5 0.5 0.5 0.5 
1262308170 0.5 0.1 - 0.5 0.5 0.5 0.5 0.5 0.3 0.5 0.5 0.5 0.5 
1262308176 0.5 0.1 - 0.5 0.5 0.5 0.5 0.5 0.3 0.5 0.5 0.5 0.5 
1262308191 0.5 0.1 - 0.5 0.5 0.5 0.5 0.5 0.3 0.5 0.5 0.5 0.5 
1262308204 0.5 0.1 - 0.4 0.5 0.5 0.5 0.5 0.3 0.5 0.5 0.5 0.5 
1262308227 0.5 0.1 - 0.4 0.5 0.5 0.5 0.5 0.3 0.5 0.5 0.5 0.5 
1262308242 0.5 0.1 - 0.4 0.5 0.5 0.5 0.5 0.3 0.5 0.5 0.5 0.5 
1262308247 0.5 0.1 - 0.4 0.5 0.5 0.5 0.5 0.3 0.5 0.5 0.5 0.5 
1262308270 0.5 0.1 - 0.4 0.5 0.5 0.5 0.5 0.3 0.5 0.5 0.5 0.5 
1262308276 0.5 0.1 - 0.4 0.5 0.5 0.5 0.5 0.3 0.5 0.5 0.5 0.5 
1262308294 0.5 0.1 - 0.4 0.5 0.5 0.5 0.5 0.3 0.5 0.5 0.5 0.5 
1262308295 0.5 0.1 - 0.4 0.5 0.5 0.5 0.5 0.3 0.5 0.5 0.5 0.5 
1262308304 0.5 0.1 - 0.5 0.5 0.5 0.5 0.5 0.3 0.5 0.5 0.5 0.5 
1262308327 0.5 0.1 - 0.5 0.5 0.5 0.5 0.5 0.3 0.5 0.5 0.5 0.5 
1262308342 0.5 0.1 - 0.5 0.5 0.5 0.5 0.5 0.3 0.5 0.5 0.5 0.5 
1262308347 0.5 0.1 - 0.5 0.5 0.5 0.5 0.5 0.3 0.5 0.5 0.5 0.5 
1262308370 0.5 0.1 - 0.5 0.5 0.5 0.5 0.5 0.3 0.5 0.5 0.5 0.5 
1262308376 0.5 0.1 - 0.5 0.5 0.5 0.5 0.5 0.3 0.5 0.5 0.5 0.5 
1262308394 0.5 0.1 - 0.5 0.5 0.5 0.5 0.5 0.3 0.5 0.5 0.5 0.5 
1262308395 0.5 0.1 - 0.5 0.5 0.5 0.5 0.5 0.3 0.5 0.5 0.5 0.5 
1262308404 0.5 0.1 - 0.5 0.5 0.5 0.5 0.5 0.3 0.5 0.5 0.5 0.5 
1262308427 0.5 0.1 - 0.5 0.5 0.5 0.5 0.5 0.3 0.5 0.5 0.5 0.5 
1262308442 0.5 0.1 - 0.5 0.5 0.5 0.5 0.5 0.3 0.5 0.5 0.5 0.5 
1262308447 0.5 0.1 - 0.5 0.5 0.5 0.5 0.5 0.3 0.5 0.5 0.5 0.5 
1262308470 0.5 0.1 - 0.5 0.5 0.5 0.5 0.5 0.3 0.5 0.5 0.5 0.5 
1262308476 0.5 0.1 - 0.5 0.5 0.5 0.5 0.5 0.3 0.5 0.5 0.5 0.5 
1262308494 0.5 0.1 - 0.5 0.5 0.5 0.5 0.5 0.3 0.5 0.5 0.5 0.5 
1262308495 0.5 0.1 - 0.5 0.5 0.5 0.5 0.5 0.3 0.5 0.5 0.5 0.5 
