arrived:	node2#19	1
arrived:	node2#39	1
arrived:	node2#40	1
arrived:	node2#20	1
arrived:	node2#2	1
arrived:	node2#22	1
arrived:	node2#6	1
arrived:	node2#18	1
arrived:	node2#15	1
arrived:	node2#30	1
arrived:	node2#28	1
arrived:	node2#29	1
arrived:	node2#27	1
arrived:	node2#38	1
arrived:	node2#4	1
arrived:	node2#26	1
arrived:	node2#24	1
arrived:	node3#42	1
arrived:	node2#25	1
arrived:	node3#38	1
arrived:	node2#23	1
arrived:	node2#5	1
arrived:	node2#60	1
arrived:	node2#21	1
arrived:	node2#13	1
arrived:	node2#14	1
arrived:	node2#17	1
arrived:	node2#41	1
arrived:	node2#16	1
arrived:	node2#3	1
arrived:	node3#40	1
arrived:	node2#57	1
arrived:	node2#59	1
arrived:	node3#39	1
arrived:	node3#41	1
arrived:	node2#58	1
arrived:	node2#42	1
NOTIFS:
node3	:	60	sent
node2	:	60	sent
SUBS:
on	node2
	node2	:	32	received
on	node3
	node3	:	5	received
1262304604 0.5 - - - - 0.5 - - - - - - - 
1262304704 0.5 - - - 0.5 0.5 - 0.5 - - - - - 
1262304804 0.5 - - - 0.5 0.5 - 0.5 - - - - - 
1262304904 0.5 - - 0.5 0.5 0.5 0.5 0.5 - - - - - 
1262305004 0.5 0 - 0.5 0.5 0.5 0.5 0.5 - - - - - 
1262305104 0.5 0 - 0.5 0.5 0.5 0.5 0.5 - 0.44444444444444 - - - 
1262305204 0.5 0 - 0.5 0.5 0.5 0.6 0.5 0.5 0.44444444444444 - - - 
1262305304 0.5 0 - 0.5 0.5 0.5 0.5 0.5 0.5 0.44444444444444 - - 0.4 
1262305404 0.5 0 - 0.5 0.5 0.5 0.5 0.5 0.5 0.44444444444444 - - 0.4 
1262305504 0.5 0 - 0.5 0.5 0.5 0.5 0.5 0.5 0.44444444444444 - - 0.4 
1262305604 0.5 0 - 0.5 0.5 0.5 0.5 0.5 0.5 0.44444444444444 - - 0.4 
1262305704 0.5 0 - 0.5 0.5 0.5 0.5 0.5 0.5 0.5 - - 0.4 
1262305760 0.5 0 - 0.5 0.5 0.5 0.5 0.5 0.5 0.5 - 0 0.4 
1262305804 0.5 0 - 0.5 0.5 0.5 0.5 0.5 0.5 0.5 - 0 0.4 
1262305860 0.5 0 - 0.5 0.5 0.5 0.5 0.5 0.5 0.5 - 0 0.4 
1262305904 0.5 0 - 0.5 0.5 0.5 0.5 0.5 0.5 0.5 - 0 0.4 
1262305960 0.5 0 - 0.5 0.5 0.5 0.5 0.5 0.5 0.5 - 0.4 0.4 
1262305981 0.5 0 - 0.5 0.5 0.5 0.5 0.5 0.5 0.5 - 0.4 0.4 
1262306004 0.5 0 - 0.5 0.5 0.4 0.5 0.5 0.5 0.5 - 0.4 0.4 
1262306060 0.5 0 - 0.5 0.5 0.4 0.5 0.5 0.5 0.5 - 0.4 0.4 
1262306081 0.5 0 - 0.5 0.5 0.4 0.5 0.5 0.5 0.5 - 0.4 0.4 
1262306104 0.5 0 - 0.5 0.5 0.4 0.5 0.5 0.5 0.5 - 0.4 0.4 
1262306160 0.5 0 - 0.5 0.5 0.4 0.5 0.5 0.5 0.5 - 0.4 0.4 
1262306181 0.5 0 - 0.5 0.5 0.4 0.5 0.5 0.5 0.5 - 0.4 0.4 
1262306204 0.5 0 - 0.5 0.5 0.5 0.5 0.5 0.5 0.5 - 0.4 0.4 
1262306260 0.5 0 - 0.5 0.5 0.5 0.5 0.5 0.5 0.5 - 0.4 0.4 
1262306281 0.5 0 - 0.5 0.5 0.5 0.5 0.5 0.5 0.5 - 0.4 0.4 
1262306304 0.5 0 - 0.5 0.5 0.5 0.5 0.5 0.5 0.5 - 0.4 0.5 
1262306360 0.5 0 - 0.5 0.5 0.5 0.5 0.5 0.5 0.5 - 0.4 0.5 
1262306381 0.5 0 - 0.5 0.5 0.5 0.5 0.5 0.5 0.5 - 0.4 0.5 
1262306404 0.5 0 - 0.5 0.5 0.5 0.5 0.5 0.5 0.5 - 0.4 0.5 
1262306460 0.5 0 - 0.5 0.5 0.5 0.5 0.5 0.5 0.5 - 0.4 0.5 
1262306481 0.5 0 - 0.5 0.5 0.5 0.5 0.5 0.5 0.5 - 0.4 0.5 
1262306504 0.5 0 - 0.5 0.5 0.5 0.5 0.5 0.5 0.5 - 0.4 0.5 
1262306512 0.5 0 - 0.5 0.5 0.5 0.5 0.5 0.5 0.5 - 0.4 0.5 
1262306560 0.5 0 - 0.5 0.5 0.5 0.5 0.5 0.5 0.5 - 0.4 0.5 
1262306581 0.5 0 - 0.5 0.5 0.5 0.5 0.5 0.5 0.5 - 0.4 0.5 
1262306604 0.5 0 - 0.5 0.5 0.5 0.5 0.5 0.5 0.5 - 0.4 0.5 
1262306612 0.4 0 - 0.5 0.5 0.5 0.5 0.5 0.5 0.5 - 0.4 0.5 
1262306660 0.4 0 - 0.5 0.5 0.5 0.5 0.5 0.5 0.5 - 0.4 0.5 
1262306681 0.4 0 - 0.5 0.5 0.5 0.5 0.5 0.5 0.5 - 0.4 0.5 
1262306704 0.4 0 - 0.5 0.6 0.5 0.5 0.5 0.5 0.5 - 0.4 0.5 
1262306712 0.6 0 - 0.5 0.6 0.5 0.5 0.5 0.5 0.5 - 0.4 0.5 
1262306760 0.6 0 - 0.5 0.6 0.5 0.5 0.5 0.5 0.5 - 0.4 0.5 
1262306781 0.6 0 - 0.5 0.6 0.5 0.5 0.5 0.5 0.5 - 0.4 0.5 
1262306804 0.6 0 - 0.5 0.5 0.5 0.6 0.5 0.5 0.5 0.5 0.4 0.5 
1262306812 0.5 0 - 0.5 0.5 0.5 0.6 0.5 0.5 0.5 0.5 0.4 0.5 
1262306860 0.5 0 - 0.5 0.5 0.5 0.6 0.5 0.5 0.5 0.5 0.4 0.5 
1262306881 0.5 0 - 0.5 0.5 0.5 0.6 0.5 0.5 0.5 0.5 0.4 0.5 
1262306904 0.5 0 - 0.5 0.5 0.5 0.5 0.5 0.5 0.5 0.5 0.4 0.5 
1262306912 0.5 0 - 0.5 0.5 0.5 0.5 0.5 0.5 0.5 0.5 0.4 0.5 
1262306960 0.5 0 - 0.5 0.5 0.5 0.5 0.5 0.5 0.5 0.5 0.4 0.5 
1262306981 0.5 0 - 0.5 0.5 0.5 0.5 0.5 0.5 0.5 0.5 0.4 0.5 
1262307004 0.5 0 - 0.5 0.5 0.5 0.5 0.5 0.5 0.5 0.5 0.4 0.5 
1262307012 0.5 0 - 0.5 0.5 0.5 0.5 0.5 0.5 0.5 0.5 0.4 0.5 
1262307060 0.5 0 - 0.5 0.5 0.5 0.5 0.5 0.5 0.5 0.5 0.4 0.5 
1262307081 0.5 0 - 0.5 0.5 0.5 0.5 0.5 0.5 0.5 0.5 0.4 0.5 
1262307104 0.5 0 - 0.5 0.5 0.5 0.5 0.5 0.5 0.5 0.5 0.4 0.5 
1262307112 0.5 0 - 0.5 0.5 0.5 0.5 0.5 0.5 0.5 0.5 0.4 0.5 
1262307160 0.5 0 - 0.5 0.5 0.5 0.5 0.5 0.5 0.5 0.5 0.4 0.5 
1262307181 0.5 0 - 0.5 0.5 0.5 0.5 0.5 0.5 0.5 0.5 0.4 0.5 
1262307204 0.5 0 - 0.5 0.5 0.5 0.5 0.5 0.6 0.5 0.5 0.4 0.5 
1262307212 0.5 0 - 0.5 0.5 0.5 0.5 0.5 0.6 0.5 0.5 0.4 0.5 
1262307260 0.5 0 - 0.5 0.5 0.5 0.5 0.5 0.6 0.5 0.5 0.4 0.5 
1262307281 0.5 0 - 0.5 0.5 0.5 0.5 0.5 0.6 0.5 0.5 0.4 0.5 
1262307304 0.5 0 - 0.5 0.5 0.5 0.5 0.5 0.6 0.6 0.5 0.4 0.5 
1262307312 0.5 0 - 0.5 0.5 0.5 0.5 0.5 0.6 0.6 0.5 0.4 0.5 
1262307360 0.5 0 - 0.5 0.5 0.5 0.5 0.5 0.6 0.6 0.5 0.4 0.5 
1262307381 0.5 0 - 0.5 0.5 0.5 0.5 0.5 0.6 0.6 0.5 0.4 0.5 
1262307404 0.5 0 - 0.5 0.5 0.5 0.5 0.5 0.6 0.5 0.5 0.4 0.5 
1262307412 0.5 0 - 0.5 0.5 0.5 0.5 0.5 0.6 0.5 0.5 0.4 0.5 
1262307460 0.5 0 - 0.5 0.5 0.5 0.5 0.5 0.6 0.5 0.5 0.4 0.5 
1262307481 0.5 0 - 0.5 0.5 0.5 0.5 0.5 0.6 0.5 0.5 0.4 0.5 
1262307504 0.5 0 - 0.5 0.5 0.5 0.5 0.5 0.6 0.5 0.5 0.4 0.5 
1262307512 0.5 0 - 0.5 0.5 0.5 0.5 0.5 0.6 0.5 0.5 0.4 0.5 
1262307560 0.5 0 - 0.5 0.5 0.5 0.5 0.5 0.6 0.5 0.5 0.4 0.5 
1262307581 0.5 0 - 0.5 0.5 0.5 0.5 0.5 0.6 0.5 0.5 0.4 0.5 
1262307604 0.5 0 1 0.5 0.5 0.5 0.5 0.5 0.6 0.5 0.5 0.4 0.4 
1262307612 0.5 0 1 0.5 0.5 0.5 0.5 0.5 0.6 0.5 0.5 0.4 0.4 
1262307660 0.5 0 1 0.5 0.5 0.5 0.5 0.5 0.6 0.5 0.5 0.4 0.4 
1262307681 0.5 0 1 0.5 0.5 0.5 0.5 0.5 0.6 0.5 0.5 0.4 0.4 
1262307702 0.5 0 1 0.5 0.5 0.5 0.5 0.5 0.6 0.5 0.5 0.4 0.4 
1262307704 0.5 0 1 0.5 0.5 0.5 0.5 0.5 0.6 0.5 0.5 0.4 0.5 
1262307712 0.5 0 1 0.5 0.5 0.5 0.5 0.5 0.6 0.5 0.5 0.4 0.5 
1262307760 0.5 0 1 0.5 0.5 0.5 0.5 0.5 0.6 0.5 0.5 0.4 0.5 
1262307781 0.5 0 1 0.5 0.5 0.5 0.5 0.5 0.6 0.5 0.5 0.4 0.5 
1262307802 0.5 0 1 0.5 0.5 0.5 0.5 0.5 0.6 0.5 0.5 0.4 0.5 
1262307804 0.5 0 1 0.5 0.5 0.5 0.5 0.5 0.5 0.5 0.5 0.4 0.5 
1262307812 0.5 0 1 0.5 0.5 0.5 0.5 0.5 0.5 0.5 0.5 0.4 0.5 
1262307860 0.5 0 1 0.5 0.5 0.5 0.5 0.5 0.5 0.5 0.5 0.4 0.5 
1262307881 0.5 0 1 0.5 0.5 0.5 0.5 0.5 0.5 0.5 0.5 0.4 0.5 
1262307902 0.5 0 1 0.5 0.5 0.5 0.5 0.5 0.5 0.5 0.5 0.4 0.5 
1262307904 0.5 0 1 0.5 0.5 0.5 0.5 0.5 0.5 0.5 0.5 0.4 0.5 
1262307912 0.5 0 1 0.5 0.5 0.5 0.5 0.5 0.5 0.5 0.5 0.4 0.5 
1262307960 0.5 0 1 0.5 0.5 0.5 0.5 0.5 0.5 0.5 0.5 0.5 0.5 
1262307981 0.5 0 1 0.5 0.5 0.5 0.5 0.5 0.5 0.5 0.5 0.5 0.5 
1262308002 0.5 0 1 0.5 0.5 0.5 0.5 0.5 0.5 0.5 0.5 0.5 0.5 
1262308004 0.5 0 1 0.5 0.5 0.5 0.5 0.5 0.5 0.5 0.5 0.5 0.5 
1262308012 0.5 0 1 0.5 0.5 0.5 0.5 0.5 0.5 0.5 0.5 0.5 0.5 
1262308060 0.5 0 1 0.5 0.5 0.5 0.5 0.5 0.5 0.5 0.5 0.5 0.5 
1262308081 0.5 0 1 0.5 0.5 0.5 0.5 0.5 0.5 0.5 0.5 0.5 0.5 
1262308102 0.5 0 1 0.5 0.5 0.5 0.5 0.5 0.5 0.5 0.5 0.5 0.5 
1262308104 0.5 0 1 0.5 0.5 0.5 0.4 0.5 0.5 0.5 0.5 0.5 0.5 
1262308112 0.5 0 1 0.5 0.5 0.5 0.4 0.5 0.5 0.5 0.5 0.5 0.5 
1262308160 0.5 0 1 0.5 0.5 0.5 0.4 0.5 0.5 0.5 0.5 0.6 0.5 
1262308181 0.5 0 1 0.5 0.5 0.5 0.4 0.5 0.5 0.5 0.5 0.6 0.5 
1262308202 0.5 0 1 0.5 0.5 0.5 0.4 0.5 0.5 0.5 0.5 0.6 0.5 
1262308204 0.5 0 1 0.5 0.5 0.4 0.4 0.5 0.5 0.5 0.5 0.6 0.5 
1262308212 0.5 0 1 0.5 0.5 0.4 0.4 0.5 0.5 0.5 0.5 0.6 0.5 
1262308260 0.5 0 1 0.5 0.5 0.4 0.4 0.5 0.5 0.5 0.5 0.5 0.5 
1262308281 0.5 0 1 0.5 0.5 0.4 0.4 0.5 0.5 0.5 0.5 0.5 0.5 
1262308304 0.5 0 1 0.5 0.5 0.4 0.4 0.5 0.5 0.5 0.5 0.5 0.5 
1262308312 0.5 0 1 0.5 0.5 0.4 0.4 0.5 0.5 0.5 0.5 0.5 0.5 
1262308360 0.5 0 1 0.5 0.5 0.4 0.4 0.5 0.5 0.5 0.5 0.5 0.5 
1262308381 0.5 0 1 0.5 0.5 0.4 0.4 0.5 0.5 0.5 0.5 0.5 0.5 
1262308404 0.5 0 1 0.5 0.5 0.4 0.4 0.5 0.5 0.5 0.5 0.5 0.5 
1262308412 0.5 0 1 0.5 0.5 0.4 0.4 0.5 0.5 0.5 0.5 0.5 0.5 
1262308460 0.5 0 1 0.5 0.5 0.4 0.4 0.5 0.5 0.5 0.5 0.5 0.5 
1262308461 0.5 0 1 0.5 0.5 0.4 0.4 0.5 0.5 0.5 0.5 0.5 0.5 
1262308481 0.5 0 1 0.5 0.5 0.4 0.4 0.5 0.5 0.5 0.5 0.5 0.5 
