arrived:	node2#34	1
arrived:	node2#3	1
arrived:	node3#32	1
arrived:	node2#47	1
arrived:	node2#22	1
arrived:	node2#6	1
arrived:	node2#18	1
arrived:	node2#30	1
arrived:	node3#30	1
arrived:	node2#28	1
arrived:	node2#29	1
arrived:	node2#27	1
arrived:	node2#4	1
arrived:	node2#26	1
arrived:	node3#34	1
arrived:	node2#5	1
arrived:	node2#46	1
arrived:	node2#21	1
arrived:	node2#9	1
arrived:	node2#7	1
arrived:	node2#17	1
arrived:	node3#33	1
arrived:	node3#31	1
arrived:	node2#19	1
arrived:	node2#45	1
arrived:	node2#32	1
arrived:	node2#16	1
arrived:	node2#20	1
arrived:	node2#8	1
arrived:	node2#43	1
arrived:	node2#33	1
arrived:	node2#10	1
arrived:	node2#44	1
arrived:	node2#31	1
NOTIFS:
node3	:	60	sent
node2	:	60	sent
SUBS:
on	node2
	node2	:	29	received
on	node3
	node3	:	5	received
1262304604 0.5 - - - - - - - - - - - - 
1262304704 0.5 - - - - - - - - - - - - 
1262304804 0.5 - - - - - - - - - - - - 
1262304904 0.5 - - - - 0.5 - 0.5 - - - - - 
1262305004 0.5 - - 0.5 - 0.5 0.5 0.5 - - - - - 
1262305104 0.5 - - 0.5 0.5 0.5 0.5 0.5 - - - - - 
1262305204 0.5 - - 0.5 0.5 0.5 0.5 0.5 - - - - - 
1262305304 0.5 0 - 0.5 0.5 0.5 0.5 0.5 - - - 1 - 
1262305404 0.5 0 - 0.5 0.5 0.5 0.5 0.5 - - - 1 - 
1262305504 0.5 0 - 0.5 0.5 0.5 0.5 0.5 - - - 1 - 
1262305604 0.5 0 - 0.5 0.5 0.5 0.5 0.5 - - - 1 - 
1262305704 0.4 0 - 0.5 0.5 0.5 0.5 0.5 - - - 1 - 
1262305804 0.5 0 - 0.5 0.5 0.5 0.5 0.5 - - 0.5 1 - 
1262305904 0.5 0 - 0.5 0.5 0.5 0.5 0.5 - - 0.5 1 - 
1262306004 0.5 0 - 0.5 0.5 0.5 0.5 0.5 0.8 - 0.5 1 - 
1262306104 0.5 0 - 0.5 0.5 0.5 0.5 0.5 0.8 - 0.5 1 - 
1262306204 0.5 0 - 0.5 0.5 0.5 0.5 0.5 0.8 - 0.5 1 - 
1262306205 0.5 0 - 0.5 0.5 0.5 0.5 0.5 0.8 - 0.5 1 - 
1262306218 0.5 0 - 0.5 0.5 0.5 0.5 0.5 0.8 - 0.5 1 - 
1262306304 0.5 0 - 0.5 0.5 0.5 0.5 0.5 0.8 - 0.5 1 - 
1262306305 0.5 0 - 0.5 0.5 0.5 0.5 0.5 0.8 - 0.5 1 - 
1262306318 0.5 0 - 0.5 0.5 0.5 0.5 0.5 0.8 - 0.5 1 - 
1262306404 0.5 0 - 0.5 0.5 0.5 0.5 0.5 0.8 - 0.5 1 - 
1262306405 0.5 0 - 0.5 0.5 0.5 0.5 0.5 0.8 - 0.5 1 - 
1262306418 0.5 0 - 0.5 0.5 0.5 0.5 0.5 0.8 - 0.5 1 - 
1262306504 0.5 0 - 0.4 0.5 0.5 0.5 0.5 0.8 - 0.5 1 - 
1262306505 0.5 0 - 0.4 0.5 0.5 0.5 0.5 0.8 - 0.5 1 - 
1262306518 0.5 0 - 0.4 0.5 0.5 0.5 0.5 0.8 - 0.5 1 - 
1262306604 0.5 0 - 0.4 0.5 0.5 0.5 0.5 0.8 - 0.5 1 - 
1262306605 0.5 0 - 0.4 0.5 0.5 0.5 0.5 0.8 - 0.5 1 - 
1262306618 0.5 0 - 0.4 0.5 0.5 0.5 0.5 0.8 - 0.5 1 - 
1262306704 0.5 0 - 0.4 0.5 0.5 0.5 0.5 0.8 - 0.5 1 - 
1262306705 0.5 0 - 0.4 0.5 0.5 0.5 0.5 0.8 - 0.5 1 - 
1262306718 0.5 0 - 0.4 0.5 0.5 0.5 0.5 0.8 - 0.5 1 - 
1262306804 0.5 0 - 0.4 0.5 0.5 0.5 0.5 0.4 1 0.7 1 0.375 
1262306805 0.5 0 - 0.4 0.5 0.5 0.5 0.5 0.4 1 0.7 1 0.375 
1262306818 0.5 0 - 0.4 0.5 0.5 0.5 0.5 0.4 1 0.7 1 0.375 
1262306904 0.5 0 - 0.5 0.5 0.5 0.5 0.5 0.4 1 0.7 1 0.44444444444444 
1262306905 0.5 0 - 0.5 0.5 0.5 0.5 0.5 0.4 1 0.7 1 0.44444444444444 
1262306918 0.5 0 - 0.5 0.5 0.5 0.5 0.5 0.4 1 0.7 1 0.44444444444444 
1262307004 0.5 0 1 0.5 0.5 0.5 0.5 0.5 0.4 0.5 0.7 1 0.44444444444444 
1262307005 0.5 0 1 0.5 0.5 0.5 0.5 0.5 0.4 0.5 0.7 1 0.44444444444444 
1262307104 0.4 0 1 0.4 0.4 0.5 0.5 0.5 0.4 0.5 0.7 1 0.44444444444444 
1262307105 0.4 0 1 0.4 0.4 0.5 0.5 0.5 0.4 0.5 0.7 1 0.44444444444444 
1262307204 0.5 0 1 0.4 0.4 0.5 0.5 0.5 0.4 0.5 0.7 1 0.44444444444444 
1262307205 0.5 0 1 0.4 0.4 0.5 0.5 0.5 0.4 0.5 0.7 1 0.44444444444444 
1262307304 0.5 0 1 0.5 0.4 0.5 0.5 0.4 0.4 0.5 0.7 1 0.44444444444444 
1262307305 0.5 0 1 0.5 0.4 0.5 0.5 0.4 0.4 0.5 0.7 1 0.44444444444444 
1262307404 0.5 0 1 0.4 0.5 0.5 0.5 0.5 0.4 0.5 0.7 1 0.44444444444444 
1262307405 0.5 0 1 0.4 0.5 0.5 0.5 0.5 0.4 0.5 0.7 1 0.44444444444444 
1262307504 0.5 0 1 0.4 0.5 0.5 0.5 0.5 0.4 0.5 0.7 1 0.44444444444444 
1262307505 0.5 0 1 0.4 0.5 0.5 0.5 0.5 0.4 0.5 0.7 1 0.44444444444444 
1262307604 0.5 0 1 0.4 0.5 0.5 0.5 0.5 0.4 0.5 0.7 1 0.44444444444444 
1262307605 0.5 0 1 0.4 0.5 0.5 0.5 0.5 0.4 0.5 0.7 1 0.44444444444444 
1262307704 0.5 0 1 0.5 0.5 0.5 0.5 0.5 0.4 0.5 0.7 1 0.44444444444444 
1262307705 0.5 0 1 0.5 0.5 0.5 0.5 0.5 0.4 0.5 0.7 1 0.44444444444444 
1262307804 0.5 0 1 0.5 0.5 0.5 0.5 0.5 0.4 0.5 0.7 1 0.44444444444444 
1262307805 0.5 0 1 0.5 0.5 0.5 0.5 0.5 0.4 0.5 0.7 1 0.44444444444444 
1262307882 0.5 0 1 0.5 0.5 0.5 0.5 0.5 0.4 0.5 0.7 1 0.44444444444444 
1262307904 0.5 0 1 0.5 0.5 0.5 0.5 0.5 0.4 0.5 0.7 1 0.44444444444444 
1262307905 0.5 0 1 0.5 0.5 0.5 0.5 0.5 0.4 0.5 0.7 1 0.44444444444444 
1262307982 0.5 0 1 0.5 0.5 0.5 0.5 0.5 0.4 0.5 0.7 1 0.44444444444444 
1262308004 0.5 0 1 0.5 0.5 0.5 0.5 0.5 0.4 0.5 0.7 1 0.44444444444444 
1262308005 0.5 0 1 0.5 0.5 0.5 0.5 0.5 0.4 0.5 0.7 1 0.44444444444444 
1262308082 0.5 0 1 0.5 0.5 0.5 0.5 0.5 0.4 0.5 0.7 1 0.44444444444444 
1262308104 0.5 0 1 0.5 0.4 0.5 0.5 0.4 0.4 0.5 0.7 1 0.44444444444444 
1262308105 0.5 0 1 0.5 0.4 0.5 0.5 0.4 0.4 0.5 0.7 1 0.44444444444444 
1262308182 0.4 0 1 0.5 0.4 0.5 0.5 0.4 0.4 0.5 0.7 1 0.44444444444444 
1262308204 0.4 0 1 0.5 0.4 0.5 0.6 0.4 0.4 0.5 0.7 1 0.44444444444444 
1262308205 0.4 0 1 0.5 0.4 0.5 0.6 0.4 0.4 0.5 0.7 1 0.44444444444444 
1262308304 0.4 0 1 0.5 0.4 0.5 0.6 0.4 0.4 0.5 0.7 1 0.44444444444444 
1262308305 0.4 0 1 0.5 0.4 0.5 0.6 0.4 0.4 0.5 0.7 1 0.44444444444444 
1262308404 0.4 0 1 0.5 0.4 0.5 0.6 0.4 0.4 0.5 0.7 1 0.44444444444444 
1262308405 0.4 0 1 0.5 0.4 0.4 0.6 0.4 0.4 0.5 0.7 1 0.44444444444444 
1262308430 0.4 0 1 0.5 0.4 0.4 0.6 0.4 0.4 0.5 0.7 1 0.44444444444444 
1262308432 0.4 0 1 0.5 0.4 0.4 0.6 0.4 0.4 0.5 0.7 1 0.44444444444444 
