arrived:	node2#19	1
arrived:	node2#51	1
arrived:	node2#3	1
arrived:	node2#1	1
arrived:	node2#40	1
arrived:	node2#5	1
arrived:	node2#20	1
arrived:	node2#2	1
arrived:	node2#53	1
arrived:	node2#22	1
arrived:	node2#21	1
arrived:	node2#13	1
arrived:	node2#14	1
arrived:	node2#45	1
arrived:	node2#50	1
arrived:	node2#43	1
arrived:	node2#41	1
arrived:	node2#10	1
arrived:	node2#48	1
arrived:	node2#11	1
arrived:	node2#52	1
arrived:	node2#42	1
arrived:	node2#49	1
arrived:	node2#46	1
arrived:	node2#47	1
arrived:	node2#4	1
arrived:	node2#18	1
arrived:	node2#44	1
arrived:	node2#12	1
NOTIFS:
node3	:	60	sent
node2	:	60	sent
SUBS:
on	node2
	node2	:	29	received
on	node3
	node3	:	0	received
1262304604 0.5 - - 0.5 0.5 - - - - - - - - 
1262304704 0.5 0 - 0.5 0.5 0.5 0.5 - - - - - - 
1262304804 0.5 0 - 0.5 0.5 0.5 0.5 - - - - 1 - 
1262304904 0.5 0 - 0.5 0.5 0.5 0.5 - - - - 1 - 
1262305004 0.5 0 - 0.5 0.5 0.5 0.5 - - - - 1 - 
1262305104 0.5 0 - 0.5 0.5 0.5 0.5 0.5 - - - 1 - 
1262305204 0.5 0 - 0.5 0.5 0.5 0.5 0.5 - - - 1 - 
1262305304 0.5 0 - 0.5 0.5 0.5 0.5 0.5 - - - 1 - 
1262305404 0.5 0 - 0.5 0.5 0.5 0.5 0.6 - - - 1 - 
1262305504 0.5 0 - 0.5 0.5 0.5 0.5 0.6 - - - 1 0.5 
1262305516 0.5 0 - 0.5 0.5 0.5 0.5 0.6 - - - 1 0.5 
1262305604 0.5 0 - 0.5 0.5 0.5 0.5 0.6 - - - 1 0.5 
1262305616 0.5 0 - 0.5 0.5 0.5 0.5 0.6 - - - 1 0.5 
1262305704 0.5 0 - 0.5 0.5 0.5 0.5 0.6 - - - 1 0.5 
1262305716 0.5 0 - 0.5 0.5 0.5 0.5 0.6 - - - 1 0.5 
1262305804 0.5 0 - 0.5 0.5 0.5 0.5 0.6 - - - 1 0.5 
1262305816 0.5 0 - 0.5 0.5 0.5 0.5 0.6 - - - 1 0.5 
1262305904 0.5 0 - 0.5 0.5 0.5 0.6 0.6 - - 0.55555555555556 1 0.5 
1262306004 0.5 0 - 0.5 0.5 0.5 0.6 0.6 - - 0.55555555555556 1 0.5 
1262306017 0.5 0 - 0.5 0.5 0.5 0.6 0.6 - - 0.55555555555556 1 0.5 
1262306104 0.5 0 - 0.5 0.6 0.5 0.6 0.6 - - 0.55555555555556 1 0.5 
1262306117 0.5 0 - 0.5 0.6 0.5 0.6 0.6 - - 0.55555555555556 1 0.5 
1262306169 0.5 0 - 0.5 0.6 0.5 0.6 0.6 - - 0.55555555555556 1 0.5 
1262306204 0.5 0 - 0.5 0.5 0.5 0.6 0.6 - - 0.55555555555556 1 0.5 
1262306217 0.5 0 - 0.5 0.5 0.5 0.6 0.6 - - 0.55555555555556 1 0.5 
1262306269 0.5 0 - 0.5 0.5 0.5 0.6 0.6 - - 0.55555555555556 1 0.5 
1262306304 0.5 0 - 0.5 0.5 0.5 0.6 0.6 - - 0.5 1 0.5 
1262306317 0.5 0 - 0.5 0.5 0.5 0.6 0.6 - - 0.5 1 0.5 
1262306369 0.5 0 - 0.5 0.5 0.5 0.6 0.6 - - 0.5 1 0.5 
1262306404 0.5 0 - 0.5 0.5 0.5 0.6 0.6 - - 0.5 1 0.5 
1262306406 0.5 0 - 0.5 0.5 0.5 0.6 0.6 - - 0.5 1 0.5 
1262306417 0.5 0 - 0.5 0.5 0.5 0.6 0.6 - - 0.5 1 0.5 
1262306469 0.5 0 - 0.5 0.5 0.5 0.6 0.6 - - 0.5 1 0.5 
1262306504 0.5 0 - 0.5 0.5 0.5 0.6 0.6 - - 0.5 1 0.5 
1262306506 0.5 0 - 0.5 0.5 0.5 0.6 0.6 - - 0.5 1 0.5 
1262306517 0.5 0 - 0.5 0.5 0.5 0.6 0.6 - - 0.5 1 0.5 
1262306569 0.5 0 - 0.5 0.5 0.5 0.6 0.6 - - 0.5 1 0.5 
1262306604 0.5 0 - 0.5 0.5 0.5 0.6 0.6 0.55555555555556 - 0.5 1 0.5 
1262306606 0.5 0 - 0.5 0.5 0.5 0.6 0.6 0.55555555555556 - 0.5 1 0.5 
1262306617 0.5 0 - 0.5 0.5 0.5 0.6 0.6 0.55555555555556 - 0.5 1 0.5 
1262306642 0.5 0 - 0.5 0.5 0.5 0.6 0.6 0.55555555555556 - 0.5 1 0.5 
1262306669 0.5 0 - 0.5 0.5 0.5 0.6 0.6 0.55555555555556 - 0.5 1 0.5 
1262306704 0.5 0 - 0.5 0.5 0.5 0.6 0.6 0.55555555555556 - 0.5 0.66666666666667 0.5 
1262306706 0.5 0 - 0.5 0.5 0.5 0.6 0.6 0.55555555555556 - 0.5 0.66666666666667 0.5 
1262306717 0.5 0 - 0.5 0.5 0.5 0.6 0.6 0.55555555555556 - 0.5 0.66666666666667 0.5 
1262306742 0.5 0 - 0.5 0.5 0.5 0.6 0.6 0.55555555555556 - 0.5 0.66666666666667 0.5 
1262306769 0.5 0 - 0.5 0.5 0.5 0.6 0.6 0.55555555555556 - 0.5 0.66666666666667 0.5 
1262306804 0.5 0 - 0.5 0.5 0.5 0.6 0.6 0.55555555555556 - 0.5 0.66666666666667 0.5 
1262306806 0.5 0 - 0.5 0.5 0.5 0.6 0.6 0.55555555555556 - 0.5 0.66666666666667 0.5 
1262306817 0.5 0 - 0.5 0.5 0.5 0.6 0.6 0.55555555555556 - 0.5 0.66666666666667 0.5 
1262306831 0.5 0 - 0.5 0.5 0.5 0.6 0.6 0.55555555555556 - 0.5 0.66666666666667 0.5 
1262306842 0.5 0 - 0.5 0.5 0.5 0.6 0.6 0.55555555555556 - 0.5 0.66666666666667 0.5 
1262306869 0.5 0 - 0.5 0.5 0.5 0.6 0.6 0.55555555555556 - 0.5 0.66666666666667 0.5 
1262306904 0.5 0 - 0.5 0.5 0.5 0.6 0.6 0.55555555555556 - 0.5 0.66666666666667 0.5 
1262306906 0.5 0 - 0.5 0.5 0.5 0.6 0.6 0.55555555555556 - 0.5 0.66666666666667 0.5 
1262306917 0.5 0 - 0.5 0.5 0.5 0.6 0.6 0.55555555555556 - 0.5 0.66666666666667 0.5 
1262306931 0.5 0 - 0.5 0.5 0.5 0.6 0.6 0.55555555555556 - 0.5 0.66666666666667 0.5 
1262306942 0.5 0 - 0.5 0.5 0.5 0.6 0.6 0.55555555555556 - 0.5 0.66666666666667 0.5 
1262306969 0.5 0 - 0.5 0.5 0.5 0.6 0.6 0.55555555555556 - 0.5 0.66666666666667 0.5 
1262306992 0.5 0 - 0.5 0.5 0.5 0.6 0.6 0.55555555555556 - 0.5 0.66666666666667 0.5 
1262307004 0.5 0 - 0.5 0.5 0.5 0.6 0.6 0.55555555555556 - 0.5 0.66666666666667 0.5 
1262307006 0.5 0 - 0.5 0.5 0.5 0.6 0.6 0.55555555555556 - 0.5 0.66666666666667 0.5 
1262307017 0.5 0 - 0.5 0.5 0.5 0.6 0.6 0.55555555555556 - 0.5 0.66666666666667 0.5 
1262307031 0.5 0 - 0.5 0.5 0.5 0.6 0.6 0.55555555555556 - 0.5 0.66666666666667 0.5 
1262307039 0.5 0 - 0.5 0.5 0.5 0.6 0.6 0.55555555555556 - 0.5 0.66666666666667 0.5 
1262307042 0.5 0 - 0.5 0.5 0.5 0.6 0.6 0.55555555555556 - 0.5 0.66666666666667 0.5 
1262307069 0.5 0 - 0.5 0.5 0.5 0.6 0.6 0.55555555555556 - 0.5 0.66666666666667 0.5 
1262307092 0.5 0 - 0.4 0.5 0.5 0.6 0.6 0.55555555555556 - 0.5 0.66666666666667 0.5 
1262307104 0.5 0 - 0.4 0.5 0.5 0.6 0.5 0.55555555555556 - 0.5 0.66666666666667 0.5 
1262307106 0.5 0 - 0.4 0.5 0.5 0.6 0.5 0.55555555555556 - 0.5 0.66666666666667 0.5 
1262307117 0.5 0 - 0.4 0.5 0.5 0.6 0.5 0.55555555555556 - 0.5 0.66666666666667 0.5 
1262307131 0.5 0 - 0.4 0.5 0.5 0.6 0.5 0.55555555555556 - 0.5 0.66666666666667 0.5 
1262307139 0.5 0 - 0.4 0.5 0.5 0.6 0.5 0.55555555555556 - 0.5 0.66666666666667 0.5 
1262307142 0.5 0 - 0.4 0.5 0.5 0.6 0.5 0.55555555555556 - 0.5 0.66666666666667 0.5 
1262307192 0.5 0 - 0.5 0.5 0.5 0.6 0.5 0.55555555555556 - 0.5 0.66666666666667 0.5 
1262307204 0.5 0 - 0.5 0.5 0.5 0.6 0.5 0.55555555555556 - 0.5 0.66666666666667 0.5 
1262307206 0.5 0 - 0.5 0.5 0.5 0.6 0.5 0.55555555555556 - 0.5 0.66666666666667 0.5 
1262307217 0.5 0 - 0.5 0.5 0.5 0.6 0.5 0.55555555555556 - 0.5 0.66666666666667 0.5 
1262307231 0.5 0 - 0.5 0.5 0.5 0.6 0.5 0.55555555555556 - 0.5 0.66666666666667 0.5 
1262307239 0.5 0 - 0.5 0.5 0.5 0.6 0.5 0.55555555555556 - 0.5 0.66666666666667 0.5 
1262307242 0.5 0 - 0.5 0.5 0.5 0.6 0.5 0.55555555555556 - 0.5 0.66666666666667 0.5 
1262307292 0.5 0 - 0.5 0.5 0.5 0.6 0.5 0.55555555555556 - 0.5 0.66666666666667 0.5 
1262307304 0.5 0 - 0.5 0.5 0.5 0.6 0.5 0.55555555555556 - 0.5 0.66666666666667 0.5 
1262307306 0.5 0 - 0.5 0.5 0.5 0.6 0.5 0.55555555555556 - 0.5 0.66666666666667 0.5 
1262307317 0.5 0 - 0.5 0.5 0.5 0.6 0.5 0.55555555555556 - 0.5 0.66666666666667 0.5 
1262307331 0.5 0 - 0.5 0.5 0.5 0.6 0.5 0.55555555555556 - 0.5 0.66666666666667 0.5 
1262307336 0.5 0 - 0.5 0.5 0.5 0.5 0.5 0.55555555555556 - 0.5 0.66666666666667 0.5 
1262307339 0.5 0 - 0.5 0.5 0.5 0.5 0.5 0.55555555555556 - 0.5 0.66666666666667 0.5 
1262307342 0.5 0 - 0.5 0.5 0.5 0.5 0.5 0.55555555555556 - 0.5 0.66666666666667 0.5 
1262307404 0.5 0 - 0.5 0.5 0.5 0.5 0.5 0.55555555555556 - 0.5 0.66666666666667 0.5 
1262307408 0.5 0 - 0.5 0.5 0.5 0.5 0.5 0.55555555555556 - 0.5 0.66666666666667 0.5 
1262307417 0.5 0 - 0.5 0.5 0.5 0.5 0.5 0.55555555555556 - 0.5 0.66666666666667 0.5 
1262307431 0.5 0 - 0.5 0.5 0.5 0.5 0.5 0.55555555555556 - 0.5 0.66666666666667 0.5 
1262307436 0.5 0 - 0.5 0.5 0.5 0.5 0.5 0.55555555555556 - 0.5 0.66666666666667 0.5 
1262307439 0.5 0 - 0.5 0.5 0.5 0.5 0.5 0.55555555555556 - 0.5 0.66666666666667 0.5 
1262307442 0.5 0 - 0.5 0.5 0.5 0.5 0.5 0.55555555555556 - 0.5 0.66666666666667 0.5 
1262307504 0.5 0 - 0.5 0.5 0.5 0.5 0.5 0.55555555555556 - 0.5 0.6 0.5 
1262307508 0.5 0 - 0.5 0.5 0.5 0.5 0.5 0.55555555555556 - 0.5 0.6 0.5 
1262307517 0.5 0 - 0.5 0.5 0.5 0.5 0.5 0.55555555555556 - 0.5 0.6 0.5 
1262307531 0.5 0 - 0.5 0.5 0.5 0.5 0.5 0.5 - 0.5 0.6 0.5 
1262307536 0.5 0 - 0.5 0.5 0.5 0.4 0.5 0.5 - 0.5 0.6 0.5 
1262307539 0.5 0 - 0.5 0.5 0.5 0.4 0.5 0.5 - 0.5 0.6 0.5 
1262307554 0.5 0 - 0.5 0.5 0.5 0.4 0.5 0.5 - 0.5 0.6 0.5 
1262307604 0.5 0 - 0.5 0.5 0.5 0.4 0.5 0.5 - 0.5 0.5 0.5 
1262307608 0.5 0 - 0.5 0.5 0.5 0.4 0.5 0.5 - 0.5 0.5 0.5 
1262307617 0.5 0 - 0.5 0.5 0.5 0.4 0.5 0.5 - 0.5 0.5 0.5 
1262307631 0.5 0 - 0.5 0.5 0.5 0.4 0.5 0.5 - 0.5 0.5 0.5 
1262307636 0.5 0 - 0.5 0.5 0.5 0.4 0.5 0.5 - 0.5 0.5 0.5 
1262307639 0.5 0 - 0.5 0.5 0.5 0.4 0.5 0.5 - 0.5 0.5 0.5 
1262307654 0.5 0 - 0.5 0.5 0.5 0.4 0.5 0.5 - 0.5 0.5 0.5 
1262307690 0.5 0 - 0.5 0.5 0.5 0.4 0.5 0.5 - 0.5 0.5 0.5 
1262307704 0.5 0 - 0.5 0.5 0.5 0.4 0.5 0.5 - 0.5 0.5 0.5 
1262307708 0.5 0 - 0.5 0.6 0.5 0.4 0.5 0.5 - 0.5 0.5 0.5 
1262307717 0.5 0 - 0.5 0.6 0.5 0.4 0.5 0.5 - 0.5 0.5 0.5 
1262307731 0.5 0 - 0.5 0.6 0.5 0.4 0.5 0.5 - 0.5 0.5 0.5 
1262307736 0.5 0 - 0.5 0.6 0.5 0.4 0.5 0.5 - 0.5 0.5 0.5 
1262307739 0.5 0 - 0.5 0.6 0.5 0.4 0.5 0.5 - 0.5 0.5 0.5 
1262307754 0.5 0 - 0.5 0.6 0.5 0.4 0.5 0.5 - 0.5 0.5 0.5 
1262307788 0.5 0 - 0.5 0.6 0.5 0.4 0.5 0.5 0 0.5 0.5 0.5 
1262307790 0.5 0 - 0.5 0.6 0.6 0.4 0.5 0.5 0 0.5 0.5 0.5 
1262307804 0.5 0 - 0.5 0.6 0.6 0.4 0.5 0.5 0 0.5 0.5 0.5 
1262307817 0.5 0 - 0.5 0.6 0.6 0.4 0.5 0.5 0 0.5 0.5 0.5 
1262307831 0.5 0 - 0.5 0.6 0.6 0.4 0.5 0.5 0 0.5 0.5 0.5 
1262307836 0.5 0 - 0.5 0.6 0.6 0.4 0.5 0.5 0 0.5 0.5 0.5 
1262307839 0.5 0 - 0.5 0.6 0.6 0.4 0.5 0.5 0 0.5 0.5 0.5 
1262307854 0.5 0 - 0.5 0.6 0.6 0.4 0.5 0.5 0 0.5 0.5 0.5 
1262307879 0.5 0 - 0.5 0.6 0.6 0.4 0.5 0.5 0 0.5 0.5 0.5 
1262307888 0.5 0 - 0.5 0.6 0.6 0.4 0.5 0.5 0.5 0.5 0.5 0.5 
1262307890 0.5 0 - 0.5 0.6 0.6 0.4 0.5 0.5 0.5 0.5 0.5 0.5 
1262307904 0.5 0 - 0.5 0.6 0.6 0.4 0.5 0.5 0.5 0.5 0.5 0.5 
1262307917 0.5 0 - 0.5 0.6 0.6 0.4 0.5 0.5 0.5 0.5 0.5 0.5 
1262307931 0.5 0 - 0.5 0.6 0.6 0.4 0.5 0.5 0.5 0.5 0.5 0.5 
1262307936 0.5 0 - 0.5 0.6 0.6 0.5 0.5 0.5 0.5 0.5 0.5 0.5 
1262307939 0.5 0 - 0.5 0.6 0.6 0.5 0.5 0.5 0.5 0.5 0.5 0.5 
1262307943 0.5 0 - 0.5 0.6 0.6 0.5 0.5 0.5 0.5 0.5 0.5 0.5 
1262307954 0.5 0 - 0.5 0.6 0.6 0.5 0.5 0.5 0.5 0.5 0.5 0.5 
1262307964 0.5 0 - 0.5 0.6 0.6 0.5 0.5 0.5 0.5 0.5 0.5 0.5 
1262307979 0.5 0 - 0.5 0.6 0.6 0.5 0.5 0.5 0.5 0.5 0.5 0.5 
1262307988 0.5 0 - 0.5 0.6 0.6 0.5 0.5 0.5 0.4 0.5 0.5 0.5 
1262307990 0.5 0 - 0.5 0.6 0.6 0.5 0.5 0.5 0.4 0.5 0.5 0.5 
1262308004 0.5 0 - 0.5 0.6 0.6 0.5 0.5 0.5 0.4 0.5 0.5 0.5 
1262308017 0.5 0 - 0.5 0.6 0.6 0.5 0.5 0.5 0.4 0.5 0.5 0.5 
1262308031 0.5 0 - 0.5 0.6 0.6 0.5 0.5 0.5 0.4 0.5 0.5 0.5 
1262308036 0.5 0 - 0.5 0.6 0.6 0.5 0.5 0.5 0.4 0.5 0.5 0.5 
1262308039 0.5 0 - 0.5 0.6 0.6 0.5 0.5 0.5 0.4 0.5 0.5 0.5 
1262308043 0.5 0 - 0.5 0.6 0.6 0.5 0.5 0.5 0.4 0.5 0.5 0.5 
1262308054 0.5 0 - 0.5 0.6 0.6 0.5 0.5 0.5 0.4 0.5 0.5 0.5 
1262308064 0.5 0 - 0.5 0.6 0.6 0.5 0.5 0.5 0.4 0.5 0.5 0.5 
1262308079 0.5 0 - 0.5 0.6 0.6 0.5 0.5 0.5 0.4 0.5 0.5 0.5 
1262308088 0.5 0 - 0.5 0.6 0.6 0.5 0.5 0.5 0.5 0.5 0.5 0.5 
1262308090 0.5 0 - 0.5 0.6 0.5 0.5 0.5 0.5 0.5 0.5 0.5 0.5 
1262308104 0.5 0 - 0.5 0.6 0.5 0.5 0.5 0.5 0.5 0.5 0.5 0.5 
1262308117 0.5 0 - 0.5 0.6 0.5 0.5 0.5 0.5 0.5 0.5 0.5 0.5 
1262308131 0.5 0 - 0.5 0.6 0.5 0.5 0.5 0.5 0.5 0.5 0.5 0.5 
1262308136 0.5 0 - 0.5 0.6 0.5 0.5 0.5 0.5 0.5 0.5 0.5 0.5 
1262308139 0.5 0 - 0.5 0.6 0.5 0.5 0.5 0.5 0.5 0.5 0.5 0.5 
1262308143 0.5 0 - 0.5 0.6 0.5 0.5 0.5 0.5 0.5 0.5 0.5 0.5 
1262308154 0.5 0 - 0.5 0.6 0.5 0.5 0.5 0.5 0.5 0.5 0.5 0.5 
1262308164 0.5 0 - 0.5 0.6 0.5 0.5 0.5 0.5 0.5 0.5 0.5 0.5 
1262308179 0.5 0 - 0.5 0.6 0.5 0.5 0.5 0.5 0.5 0.5 0.5 0.5 
1262308188 0.5 0 - 0.5 0.6 0.5 0.5 0.5 0.5 0.5 0.5 0.5 0.5 
1262308190 0.5 0 - 0.5 0.6 0.6 0.5 0.5 0.5 0.5 0.5 0.5 0.5 
1262308204 0.5 0 - 0.5 0.6 0.6 0.5 0.5 0.5 0.5 0.5 0.5 0.5 
1262308217 0.5 0 - 0.5 0.6 0.6 0.5 0.5 0.5 0.5 0.5 0.5 0.5 
1262308231 0.5 0 - 0.5 0.6 0.6 0.5 0.5 0.5 0.5 0.5 0.5 0.5 
1262308236 0.5 0 - 0.5 0.6 0.6 0.5 0.5 0.5 0.5 0.5 0.5 0.5 
1262308239 0.5 0 - 0.5 0.6 0.6 0.5 0.5 0.5 0.5 0.5 0.5 0.5 
1262308243 0.5 0 - 0.5 0.6 0.6 0.5 0.5 0.5 0.5 0.5 0.5 0.5 
1262308254 0.5 0 - 0.6 0.6 0.6 0.5 0.5 0.5 0.5 0.5 0.5 0.5 
1262308264 0.5 0 - 0.6 0.6 0.6 0.5 0.5 0.5 0.5 0.5 0.5 0.5 
1262308279 0.5 0 - 0.6 0.6 0.6 0.5 0.6 0.5 0.5 0.5 0.5 0.5 
1262308288 0.5 0 - 0.6 0.6 0.6 0.5 0.6 0.5 0.5 0.5 0.5 0.5 
1262308304 0.5 0 - 0.6 0.6 0.6 0.5 0.6 0.5 0.5 0.5 0.5 0.5 
1262308331 0.5 0 - 0.6 0.6 0.6 0.5 0.6 0.5 0.5 0.5 0.5 0.5 
1262308336 0.5 0 - 0.6 0.6 0.6 0.5 0.6 0.5 0.5 0.5 0.5 0.5 
1262308339 0.5 0 - 0.6 0.6 0.6 0.5 0.6 0.5 0.5 0.5 0.5 0.5 
1262308343 0.5 0 - 0.6 0.6 0.6 0.5 0.6 0.5 0.5 0.5 0.5 0.5 
1262308354 0.5 0 - 0.6 0.6 0.6 0.5 0.6 0.5 0.5 0.5 0.5 0.5 
1262308364 0.5 0 - 0.6 0.6 0.6 0.5 0.6 0.5 0.5 0.5 0.5 0.5 
1262308379 0.5 0 - 0.6 0.6 0.6 0.5 0.6 0.5 0.5 0.5 0.5 0.5 
1262308388 0.5 0 - 0.6 0.6 0.6 0.5 0.6 0.5 0.5 0.5 0.5 0.5 
1262308404 0.5 0 - 0.6 0.6 0.6 0.5 0.6 0.5 0.5 0.5 0.5 0.5 
1262308431 0.5 0 - 0.6 0.6 0.6 0.5 0.6 0.6 0.5 0.5 0.5 0.5 
1262308436 0.5 0 - 0.6 0.6 0.6 0.5 0.6 0.6 0.5 0.5 0.5 0.5 
1262308439 0.5 0 - 0.6 0.6 0.6 0.5 0.6 0.6 0.5 0.5 0.5 0.5 
1262308443 0.5 0 - 0.6 0.6 0.6 0.5 0.6 0.6 0.5 0.5 0.5 0.6 
1262308454 0.5 0 - 0.6 0.6 0.6 0.5 0.6 0.6 0.5 0.5 0.5 0.6 
1262308464 0.5 0 - 0.6 0.6 0.6 0.5 0.6 0.6 0.5 0.5 0.5 0.6 
1262308470 0.5 0 - 0.6 0.6 0.5 0.5 0.6 0.6 0.5 0.5 0.5 0.6 
1262308479 0.5 0 - 0.6 0.6 0.5 0.5 0.6 0.6 0.5 0.5 0.5 0.6 
1262308488 0.5 0 - 0.6 0.6 0.5 0.5 0.6 0.6 0.5 0.5 0.5 0.6 
