arrived:	node2#34	1
arrived:	node2#3	1
arrived:	node2#41	1
arrived:	node2#1	1
arrived:	node2#40	1
arrived:	node2#5	1
arrived:	node2#32	1
arrived:	node2#2	1
arrived:	node2#39	1
arrived:	node2#42	1
arrived:	node2#38	1
arrived:	node2#4	1
arrived:	node2#35	1
arrived:	node2#33	1
arrived:	node2#36	1
NOTIFS:
node2	:	60	sent
node3	:	60	sent
SUBS:
on	node2
	node2	:	15	received
on	node3
	node3	:	0	received
1262304604 0.5 - - - - - - - - - - - - 
1262304704 0.5 - - 0.5 - 0.5 - 0.5 - - - - - 
1262304804 0.5 - - 0.5 - 0.5 0.5 0.5 - - - 0.5 - 
1262304904 0.5 - - 0.5 - 0.5 0.5 0.5 - - - 0.5 - 
1262304970 0.5 - - 0.5 - 0.5 0.5 0.5 - - - 0.5 - 
1262305004 0.5 - - 0.5 - 0.5 0.5 0.5 - - - 0.5 - 
1262305070 0.5 - - 0.5 - 0.5 0.5 0.5 - - - 0.5 - 
1262305104 0.5 - - 0.5 0.5 0.5 0.5 0.5 - - - 0.5 - 
1262305170 0.5 - - 0.5 0.5 0.5 0.5 0.5 - - - 0.5 - 
1262305204 0.5 0 - 0.5 0.5 0.5 0.5 0.5 - - - 0.5 - 
1262305270 0.5 0 - 0.5 0.5 0.5 0.5 0.5 - - - 0.5 - 
1262305304 0.5 0 - 0.5 0.5 0.5 0.5 0.5 - - - 0.5 - 
1262305370 0.5 0 - 0.5 0.5 0.5 0.5 0.5 - - - 0.5 - 
1262305404 0.5 0 - 0.5 0.5 0.5 0.5 0.5 0.5 - - 0.5 - 
1262305504 0.5 0 - 0.5 0.5 0.5 0.5 0.5 0.5 - - 0.5 - 
1262305563 0.5 0 - 0.5 0.5 0.5 0.5 0.5 0.5 - - 0.5 - 
1262305596 0.5 0 - 0.5 0.5 0.5 0.5 0.5 0.5 - - 0.5 - 
1262305604 0.5 0 - 0.5 0.5 0.5 0.5 0.5 0.5 - - 0.5 - 
1262305663 0.5 0 - 0.5 0.5 0.5 0.5 0.5 0.5 - - 0.5 - 
1262305696 0.5 0 - 0.5 0.5 0.5 0.5 0.5 0.5 - - 0.5 - 
1262305704 0.5 0 - 0.5 0.5 0.5 0.5 0.5 0.5 - - 0.5 - 
1262305763 0.5 0 - 0.5 0.5 0.5 0.5 0.5 0.5 - - 0.5 - 
1262305796 0.5 0 - 0.5 0.5 0.5 0.5 0.5 0.5 - - 0.5 - 
1262305804 0.5 0 - 0.5 0.5 0.5 0.5 0.5 0.5 - - 0.5 - 
1262305863 0.5 0 - 0.5 0.5 0.5 0.5 0.5 0.5 - - 0.5 - 
1262305896 0.5 0 - 0.5 0.5 0.5 0.5 0.5 0.5 - - 0.5 - 
1262305904 0.5 0 - 0.5 0.5 0.5 0.5 0.5 0.5 - - 0.5 - 
1262305963 0.5 0 - 0.5 0.5 0.5 0.5 0.5 0.5 - - 0.5 - 
1262305996 0.5 0 - 0.5 0.5 0.5 0.5 0.5 0.5 - - 0.5 - 
1262306004 0.5 0 - 0.5 0.5 0.5 0.5 0.5 0.5 - - 0.5 0.5 
1262306063 0.5 0 - 0.5 0.5 0.5 0.5 0.5 0.5 - - 0.5 0.5 
1262306096 0.5 0 - 0.5 0.5 0.5 0.5 0.5 0.5 - - 0.5 0.5 
1262306104 0.5 0 - 0.5 0.5 0.5 0.5 0.5 0.5 - - 0.5 0.5 
1262306163 0.5 0 - 0.5 0.5 0.5 0.5 0.5 0.5 - - 0.5 0.5 
1262306196 0.5 0 - 0.5 0.5 0.5 0.5 0.5 0.5 - - 0.5 0.5 
1262306204 0.5 0 - 0.5 0.5 0.5 0.5 0.5 0.5 - - 0.5 0.5 
1262306263 0.5 0 - 0.5 0.5 0.5 0.5 0.5 0.5 - - 0.5 0.5 
1262306296 0.5 0 - 0.5 0.5 0.5 0.5 0.5 0.5 - - 0.5 0.5 
1262306304 0.5 0 - 0.5 0.5 0.5 0.5 0.5 0.5 - - 0.5 0.5 
1262306363 0.5 0 - 0.5 0.5 0.5 0.5 0.5 0.5 - - 0.5 0.5 
1262306371 0.5 0 - 0.5 0.5 0.5 0.5 0.5 0.5 - - 0.5 0.5 
1262306396 0.5 0 - 0.5 0.5 0.5 0.5 0.5 0.5 - - 0.5 0.5 
1262306404 0.5 0 - 0.5 0.5 0.5 0.5 0.5 0.5 - - 0.5 0.5 
1262306471 0.5 0 - 0.5 0.5 0.5 0.5 0.5 0.5 - - 0.5 0.5 
1262306496 0.5 0 - 0.5 0.5 0.5 0.5 0.5 0.5 - - 0.5 0.5 
1262306504 0.5 0 - 0.5 0.5 0.5 0.5 0.5 0.5 - - 0.5 0.5 
1262306540 0.5 0 - 0.5 0.5 0.5 0.5 0.5 0.5 - - 0.5 0.5 
1262306571 0.5 0 - 0.5 0.5 0.5 0.5 0.5 0.5 - - 0.5 0.5 
1262306596 0.5 0 - 0.5 0.5 0.5 0.5 0.5 0.5 - - 0.5 0.5 
1262306604 0.5 0 - 0.5 0.5 0.5 0.5 0.5 0.5 - - 0.5 0.66666666666667 
1262306640 0.5 0 - 0.5 0.5 0.5 0.5 0.5 0.5 - - 0.5 0.66666666666667 
1262306671 0.5 0 - 0.5 0.5 0.5 0.5 0.5 0.5 - - 0.5 0.66666666666667 
1262306696 0.5 0 - 0.5 0.5 0.5 0.5 0.5 0.5 - - 0.5 0.66666666666667 
1262306704 0.5 0 - 0.5 0.5 0.5 0.5 0.5 0.5 - - 0.5 0.5 
1262306740 0.5 0 - 0.5 0.5 0.5 0.5 0.5 0.5 - - 0.5 0.5 
1262306771 0.5 0 - 0.5 0.5 0.5 0.5 0.5 0.5 - - 0.5 0.5 
1262306796 0.5 0 - 0.5 0.5 0.5 0.5 0.5 0.5 - - 0.5 0.5 
1262306804 0.5 0 - 0.5 0.5 0.5 0.5 0.5 0.5 - - 0.5 0.5 
1262306840 0.5 0 - 0.5 0.5 0.5 0.5 0.5 0.5 - - 0.5 0.5 
1262306871 0.5 0 - 0.5 0.5 0.5 0.5 0.5 0.5 - - 0.5 0.5 
1262306896 0.5 0 - 0.5 0.5 0.5 0.5 0.5 0.5 - - 0.5 0.5 
1262306904 0.5 0 - 0.5 0.5 0.5 0.5 0.5 0.5 - - 0.5 0.5 
1262306940 0.5 0 - 0.5 0.5 0.5 0.5 0.5 0.5 - - 0.5 0.5 
1262306971 0.5 0 - 0.5 0.5 0.5 0.5 0.5 0.5 - - 0.5 0.5 
1262306996 0.5 0 - 0.5 0.5 0.5 0.5 0.5 0.5 - - 0.5 0.5 
1262307004 0.5 0 - 0.5 0.5 0.5 0.5 0.5 0.5 1 - 0.5 0.5 
1262307040 0.5 0 - 0.5 0.5 0.5 0.5 0.5 0.5 1 - 0.5 0.5 
1262307071 0.5 0 - 0.5 0.5 0.5 0.5 0.5 0.5 1 - 0.5 0.5 
1262307096 0.5 0 - 0.5 0.5 0.5 0.5 0.5 0.5 1 - 0.5 0.5 
1262307104 0.5 0 - 0.5 0.5 0.5 0.5 0.5 0.5 1 - 0.5 0.5 
1262307140 0.5 0 - 0.5 0.5 0.5 0.5 0.5 0.5 1 - 0.5 0.5 
1262307157 0.5 0 - 0.5 0.5 0.5 0.5 0.5 0.5 1 - 0.5 0.5 
1262307171 0.5 0 - 0.5 0.5 0.5 0.5 0.5 0.5 1 - 0.5 0.5 
1262307196 0.5 0 - 0.5 0.5 0.5 0.5 0.5 0.5 1 - 0.5 0.5 
1262307204 0.5 0 - 0.5 0.5 0.5 0.5 0.5 0.5 1 - 0.5 0.5 
1262307225 0.5 0 - 0.5 0.5 0.5 0.5 0.5 0.5 1 - 0.5 0.5 
1262307240 0.5 0 - 0.5 0.5 0.5 0.5 0.5 0.5 1 - 0.5 0.5 
1262307257 0.5 0 - 0.5 0.5 0.5 0.5 0.5 0.5 1 - 0.5 0.5 
1262307271 0.5 0 - 0.5 0.5 0.5 0.5 0.5 0.5 1 - 0.5 0.5 
1262307296 0.5 0 - 0.5 0.5 0.5 0.5 0.5 0.5 1 - 0.5 0.5 
1262307304 0.5 0 - 0.5 0.5 0.5 0.5 0.5 0.5 1 - 0.5 0.5 
1262307340 0.5 0 - 0.5 0.5 0.5 0.5 0.5 0.5 1 - 0.5 0.5 
1262307357 0.5 0 - 0.5 0.5 0.5 0.5 0.5 0.5 1 - 0.5 0.5 
1262307371 0.5 0 - 0.5 0.5 0.5 0.5 0.5 0.5 1 - 0.5 0.5 
1262307396 0.5 0 - 0.5 0.5 0.5 0.5 0.5 0.5 1 - 0.5 0.5 
1262307404 0.5 0 - 0.5 0.5 0.5 0.5 0.5 0.5 1 - 0.5 0.5 
1262307440 0.5 0 - 0.5 0.5 0.5 0.5 0.5 0.5 1 - 0.5 0.5 
1262307457 0.5 0 - 0.5 0.5 0.5 0.5 0.5 0.5 1 - 0.5 0.5 
1262307471 0.5 0 - 0.5 0.5 0.5 0.5 0.5 0.5 1 - 0.5 0.5 
1262307486 0.5 0 - 0.5 0.5 0.5 0.5 0.5 0.5 1 - 0.5 0.5 
1262307496 0.5 0 - 0.5 0.5 0.5 0.5 0.5 0.5 1 - 0.5 0.5 
1262307504 0.5 0 - 0.5 0.5 0.5 0.5 0.5 0.5 1 - 0.5 0.5 
1262307540 0.5 0 - 0.5 0.5 0.5 0.5 0.5 0.5 1 - 0.5 0.5 
1262307557 0.5 0 - 0.5 0.5 0.5 0.5 0.5 0.5 1 - 0.5 0.5 
1262307571 0.5 0 - 0.5 0.5 0.5 0.5 0.5 0.5 1 - 0.5 0.5 
1262307586 0.5 0 - 0.5 0.5 0.5 0.5 0.5 0.5 1 - 0.5 0.5 
1262307596 0.5 0 - 0.5 0.5 0.5 0.5 0.5 0.5 1 - 0.5 0.5 
1262307604 0.5 0 - 0.5 0.5 0.5 0.5 0.5 0.5 1 - 0.5 0.5 
1262307640 0.5 0 - 0.5 0.5 0.5 0.5 0.5 0.5 1 - 0.5 0.5 
1262307657 0.5 0 - 0.5 0.5 0.5 0.5 0.5 0.5 1 - 0.5 0.5 
1262307671 0.5 0 - 0.5 0.5 0.5 0.5 0.5 0.5 1 - 0.5 0.5 
1262307696 0.5 0 - 0.5 0.5 0.5 0.5 0.5 0.5 1 - 0.5 0.5 
1262307704 0.5 0 - 0.5 0.5 0.5 0.5 0.5 0.5 1 - 0.5 0.5 
1262307740 0.5 0 - 0.5 0.5 0.5 0.5 0.5 0.5 1 - 0.5 0.5 
1262307757 0.5 0 - 0.5 0.5 0.5 0.5 0.5 0.5 1 - 0.5 0.5 
1262307771 0.5 0 - 0.5 0.5 0.5 0.5 0.5 0.5 1 - 0.5 0.5 
1262307785 0.5 0 - 0.5 0.5 0.5 0.5 0.5 0.5 1 - 0.5 0.5 
1262307796 0.5 0 - 0.5 0.5 0.5 0.5 0.5 0.5 1 - 0.5 0.5 
1262307804 0.5 0 - 0.5 0.5 0.5 0.5 0.5 0.6 1 - 0.5 0.5 
1262307840 0.5 0 - 0.5 0.5 0.5 0.5 0.5 0.6 1 - 0.5 0.5 
1262307857 0.5 0 - 0.5 0.5 0.5 0.5 0.5 0.6 1 - 0.5 0.5 
1262307871 0.5 0 - 0.5 0.5 0.5 0.5 0.5 0.6 1 - 0.5 0.5 
1262307885 0.5 0 - 0.5 0.5 0.5 0.5 0.5 0.6 1 - 0.5 0.5 
1262307896 0.5 0 - 0.5 0.5 0.5 0.5 0.5 0.6 1 - 0.5 0.5 
1262307904 0.5 0 - 0.5 0.5 0.5 0.5 0.5 0.6 1 - 0.5 0.5 
1262307940 0.5 0 - 0.5 0.5 0.5 0.5 0.5 0.6 1 - 0.5 0.5 
1262307957 0.5 0 - 0.5 0.5 0.5 0.5 0.5 0.6 1 - 0.5 0.5 
1262307971 0.5 0 - 0.5 0.5 0.5 0.5 0.5 0.6 1 - 0.5 0.5 
1262307985 0.4 0 - 0.5 0.5 0.5 0.5 0.5 0.6 1 - 0.5 0.5 
1262307996 0.4 0 - 0.5 0.5 0.5 0.5 0.5 0.6 1 - 0.5 0.5 
1262308004 0.4 0 - 0.5 0.5 0.5 0.5 0.5 0.6 1 - 0.5 0.5 
1262308040 0.4 0 - 0.5 0.5 0.5 0.5 0.5 0.6 1 - 0.5 0.5 
1262308057 0.4 0 - 0.5 0.5 0.5 0.5 0.5 0.6 1 - 0.5 0.5 
1262308071 0.4 0 - 0.5 0.5 0.5 0.5 0.5 0.6 1 - 0.5 0.5 
1262308085 0.5 0 - 0.5 0.5 0.5 0.5 0.5 0.6 1 - 0.5 0.5 
1262308096 0.5 0 - 0.5 0.5 0.5 0.5 0.5 0.6 1 - 0.5 0.5 
1262308104 0.5 0 - 0.5 0.5 0.5 0.5 0.5 0.6 0.6 - 0.5 0.5 
1262308140 0.5 0 - 0.5 0.5 0.5 0.5 0.5 0.6 0.6 - 0.5 0.5 
1262308157 0.5 0 - 0.5 0.5 0.5 0.5 0.5 0.6 0.6 - 0.5 0.5 
1262308171 0.5 0 - 0.5 0.5 0.5 0.5 0.5 0.6 0.6 - 0.5 0.5 
1262308185 0.5 0 - 0.5 0.5 0.5 0.5 0.5 0.6 0.6 - 0.5 0.5 
1262308196 0.5 0 - 0.5 0.5 0.5 0.5 0.5 0.6 0.6 - 0.5 0.5 
1262308204 0.5 0 - 0.5 0.5 0.5 0.5 0.5 0.6 0.6 - 0.5 0.5 
1262308240 0.5 0 - 0.5 0.5 0.5 0.5 0.5 0.6 0.6 - 0.5 0.5 
1262308257 0.5 0 - 0.5 0.5 0.5 0.5 0.5 0.6 0.6 - 0.5 0.5 
1262308271 0.5 0 - 0.5 0.5 0.5 0.5 0.5 0.6 0.6 - 0.5 0.5 
1262308285 0.5 0 - 0.5 0.5 0.5 0.5 0.5 0.6 0.6 - 0.5 0.5 
1262308296 0.5 0 - 0.4 0.5 0.5 0.5 0.5 0.6 0.6 - 0.5 0.5 
1262308304 0.5 0 - 0.4 0.4 0.5 0.5 0.4 0.6 0.6 - 0.5 0.5 
1262308340 0.5 0 - 0.4 0.4 0.5 0.5 0.4 0.6 0.6 - 0.5 0.5 
1262308357 0.5 0 - 0.4 0.4 0.5 0.5 0.4 0.6 0.6 - 0.5 0.5 
1262308371 0.5 0 - 0.4 0.4 0.5 0.5 0.4 0.6 0.6 - 0.5 0.5 
1262308385 0.5 0 - 0.4 0.4 0.5 0.5 0.4 0.6 0.6 - 0.5 0.5 
1262308396 0.5 0 - 0.4 0.4 0.5 0.5 0.4 0.6 0.6 - 0.5 0.5 
1262308404 0.5 0 - 0.4 0.4 0.5 0.5 0.4 0.6 0.6 - 0.5 0.5 
1262308440 0.5 0 - 0.4 0.4 0.5 0.5 0.4 0.6 0.6 - 0.5 0.5 
1262308457 0.5 0 - 0.4 0.4 0.5 0.5 0.4 0.6 0.6 - 0.5 0.5 
1262308471 0.5 0 - 0.4 0.4 0.5 0.5 0.4 0.6 0.6 - 0.5 0.5 
1262308485 0.5 0 - 0.4 0.4 0.5 0.5 0.4 0.6 0.6 - 0.5 0.5 
1262308496 0.5 0 - 0.4 0.4 0.5 0.5 0.4 0.6 0.6 - 0.5 0.5 
