arrived:	node2#34	1
arrived:	node2#51	1
arrived:	node2#3	1
arrived:	node2#1	1
arrived:	node3#32	1
arrived:	node2#36	1
arrived:	node2#20	1
arrived:	node2#55	1
arrived:	node2#53	1
arrived:	node2#22	1
arrived:	node2#6	1
arrived:	node2#18	1
arrived:	node2#15	1
arrived:	node2#30	1
arrived:	node2#54	1
arrived:	node2#31	1
arrived:	node2#4	1
arrived:	node2#24	1
arrived:	node3#34	1
arrived:	node2#23	1
arrived:	node2#35	1
arrived:	node3#36	1
arrived:	node2#60	1
arrived:	node2#21	1
arrived:	node2#33	1
arrived:	node2#17	1
arrived:	node3#33	1
arrived:	node2#52	1
arrived:	node2#32	1
arrived:	node3#35	1
arrived:	node2#19	1
arrived:	node2#57	1
arrived:	node2#16	1
arrived:	node2#58	1
arrived:	node2#59	1
arrived:	node2#5	1
arrived:	node2#2	1
NOTIFS:
node2	:	60	sent
node3	:	60	sent
SUBS:
on	node2
	node2	:	32	received
on	node3
	node3	:	5	received
1262304604 0.5 - - 0.5 0.5 0.5 0.5 0.5 - - - - - 
1262304704 0.5 - - 0.5 0.5 0.5 0.5 0.5 - - - - - 
1262304804 0.5 - - 0.5 0.5 0.5 0.5 0.5 - 0.5 - - - 
1262304904 0.5 - - 0.5 0.5 0.5 0.5 0.5 - 0.5 - - - 
1262305004 0.5 0 - 0.5 0.5 0.5 0.5 0.5 - 0.5 0.5 - - 
1262305053 0.5 0 - 0.5 0.5 0.5 0.5 0.5 - 0.5 0.5 - - 
1262305104 0.5 0 - 0.5 0.5 0.5 0.5 0.5 - 0.5 0.5 - 0.5 
1262305153 0.5 0 - 0.5 0.5 0.5 0.5 0.5 - 0.5 0.5 - 0.5 
1262305204 0.5 0 - 0.5 0.5 0.5 0.5 0.5 - 0.5 0.5 - 0.44444444444444 
1262305253 0.5 0 - 0.5 0.5 0.5 0.5 0.5 - 0.5 0.5 - 0.44444444444444 
1262305304 0.5 0 - 0.5 0.5 0.5 0.5 0.5 - 0.5 0.5 - 0.44444444444444 
1262305353 0.5 0 - 0.5 0.5 0.5 0.5 0.5 - 0.5 0.5 - 0.44444444444444 
1262305404 0.5 0 - 0.5 0.5 0.5 0.5 0.5 - 0.5 0.5 0 0.44444444444444 
1262305453 0.5 0 - 0.5 0.5 0.5 0.5 0.5 - 0.5 0.5 0 0.44444444444444 
1262305504 0.5 0 - 0.5 0.5 0.5 0.5 0.5 - 0.5 0.5 0 0.44444444444444 
1262305553 0.5 0 - 0.5 0.5 0.5 0.5 0.5 - 0.5 0.5 0 0.44444444444444 
1262305604 0.5 0 - 0.5 0.5 0.5 0.5 0.5 - 0.5 0.5 0 0.44444444444444 
1262305653 0.5 0 - 0.5 0.5 0.5 0.5 0.5 - 0.5 0.5 0 0.44444444444444 
1262305704 0.5 0 - 0.5 0.5 0.5 0.5 0.5 - 0.5 0.5 0 0.44444444444444 
1262305753 0.5 0 - 0.5 0.5 0.5 0.5 0.5 - 0.5 0.5 0 0.44444444444444 
1262305804 0.5 0 - 0.5 0.5 0.5 0.5 0.5 - 0.5 0.5 0 0.44444444444444 
1262305853 0.5 0 - 0.5 0.5 0.5 0.5 0.5 - 0.5 0.5 0 0.44444444444444 
1262305904 0.5 0 - 0.5 0.5 0.5 0.5 0.5 - 0.5 0.5 0 0.44444444444444 
1262305953 0.5 0 - 0.5 0.5 0.5 0.5 0.5 - 0.5 0.5 0 0.44444444444444 
1262306004 0.5 0 - 0.5 0.5 0.5 0.5 0.5 - 0.5 0.5 0 0.7 
1262306053 0.5 0 - 0.5 0.5 0.5 0.5 0.5 - 0.5 0.5 0 0.7 
1262306104 0.5 0 - 0.5 0.5 0.5 0.5 0.5 - 0.5 0.5 0 0.7 
1262306153 0.5 0 - 0.5 0.5 0.5 0.5 0.5 - 0.5 0.5 0 0.7 
1262306204 0.5 0 - 0.5 0.5 0.5 0.5 0.5 - 0.5 0.5 0 0.7 
1262306253 0.5 0 - 0.5 0.5 0.5 0.5 0.5 - 0.5 0.5 0 0.7 
1262306304 0.5 0 - 0.5 0.6 0.5 0.5 0.5 - 0.5 0.5 0 0.7 
1262306353 0.5 0 - 0.5 0.6 0.5 0.5 0.5 - 0.5 0.5 0 0.7 
1262306404 0.5 0 - 0.5 0.5 0.5 0.5 0.5 - 0.5 0.5 0 0.7 
1262306453 0.5 0 - 0.5 0.5 0.5 0.5 0.5 - 0.5 0.5 0 0.7 
1262306504 0.5 0 - 0.5 0.4 0.5 0.5 0.5 - 0.5 0.5 0 0.7 
1262306564 0.5 0 - 0.5 0.4 0.5 0.5 0.5 - 0.5 0.5 0 0.7 
1262306604 0.5 0 - 0.5 0.4 0.5 0.5 0.5 - 0.5 0.5 0 0.7 
1262306643 0.5 0 - 0.5 0.4 0.5 0.5 0.5 - 0.5 0.5 0 0.7 
1262306664 0.5 0 - 0.5 0.4 0.5 0.5 0.5 - 0.5 0.5 0 0.7 
1262306699 0.5 0 - 0.5 0.4 0.5 0.5 0.5 - 0.5 0.5 0 0.7 
1262306704 0.5 0 - 0.4 0.4 0.5 0.5 0.5 - 0.5 0.5 0 0.7 
1262306743 0.5 0 - 0.4 0.4 0.5 0.5 0.5 - 0.5 0.5 0 0.7 
1262306764 0.5 0 - 0.4 0.4 0.5 0.5 0.5 - 0.5 0.5 0 0.7 
1262306799 0.5 0 - 0.4 0.4 0.5 0.5 0.5 - 0.5 0.5 0 0.7 
1262306804 0.5 0 - 0.4 0.4 0.5 0.5 0.5 - 0.5 0.5 0 0.7 
1262306843 0.5 0 - 0.4 0.4 0.5 0.5 0.5 - 0.5 0.3 0 0.7 
1262306864 0.5 0 - 0.4 0.4 0.5 0.5 0.5 - 0.5 0.3 0 0.7 
1262306899 0.5 0 - 0.4 0.4 0.5 0.5 0.5 - 0.5 0.3 0 0.7 
1262306904 0.5 0 - 0.5 0.5 0.5 0.5 0.5 - 0.5 0.3 0 0.7 
1262306943 0.5 0 - 0.5 0.5 0.5 0.5 0.5 - 0.5 0.5 0 0.7 
1262306964 0.5 0 - 0.5 0.5 0.5 0.5 0.5 - 0.5 0.5 0 0.7 
1262306999 0.5 0 - 0.5 0.5 0.4 0.5 0.5 - 0.5 0.5 0 0.7 
1262307004 0.5 0 - 0.5 0.5 0.4 0.5 0.5 - 0.5 0.5 0.25 0.5 
1262307043 0.5 0 - 0.5 0.5 0.4 0.5 0.5 - 0.5 0.5 0.25 0.5 
1262307064 0.5 0 - 0.5 0.5 0.4 0.5 0.5 - 0.5 0.5 0.25 0.5 
1262307104 0.5 0 - 0.5 0.5 0.4 0.5 0.5 - 0.5 0.5 0.44444444444444 0.5 
1262307143 0.5 0 - 0.5 0.5 0.4 0.5 0.5 - 0.5 0.5 0.44444444444444 0.5 
1262307162 0.5 0 - 0.5 0.5 0.5 0.5 0.5 - 0.5 0.5 0.44444444444444 0.5 
1262307164 0.5 0 - 0.5 0.5 0.5 0.5 0.5 - 0.5 0.5 0.44444444444444 0.5 
1262307204 0.5 0 - 0.5 0.5 0.5 0.5 0.5 - 0.5 0.5 0.44444444444444 0.5 
1262307243 0.5 0 - 0.5 0.5 0.5 0.5 0.5 - 0.5 0.5 0.44444444444444 0.5 
1262307262 0.5 0 - 0.5 0.5 0.5 0.5 0.5 - 0.5 0.5 0.44444444444444 0.5 
1262307264 0.5 0 - 0.5 0.5 0.5 0.5 0.5 - 0.5 0.5 0.44444444444444 0.5 
1262307304 0.5 0 - 0.5 0.5 0.5 0.5 0.5 - 0.55555555555556 0.5 0.44444444444444 0.5 
1262307343 0.5 0 - 0.5 0.5 0.5 0.5 0.5 - 0.55555555555556 0.5 0.44444444444444 0.5 
1262307362 0.5 0 - 0.5 0.5 0.5 0.5 0.5 - 0.55555555555556 0.5 0.44444444444444 0.5 
1262307364 0.5 0 - 0.5 0.5 0.5 0.5 0.5 - 0.55555555555556 0.5 0.44444444444444 0.5 
1262307404 0.5 0 - 0.5 0.5 0.5 0.5 0.5 - 0.55555555555556 0.5 0.44444444444444 0.5 
1262307443 0.5 0 - 0.5 0.5 0.5 0.5 0.5 - 0.55555555555556 0.5 0.44444444444444 0.5 
1262307462 0.5 0 - 0.5 0.5 0.5 0.5 0.5 - 0.55555555555556 0.5 0.44444444444444 0.5 
1262307464 0.5 0 - 0.5 0.5 0.5 0.5 0.5 - 0.55555555555556 0.5 0.44444444444444 0.5 
1262307504 0.5 0 - 0.5 0.5 0.5 0.5 0.5 - 0.55555555555556 0.5 0.44444444444444 0.5 
1262307543 0.5 0 - 0.5 0.5 0.5 0.5 0.5 - 0.55555555555556 0.5 0.44444444444444 0.5 
1262307562 0.5 0 - 0.5 0.5 0.5 0.5 0.5 - 0.55555555555556 0.5 0.44444444444444 0.5 
1262307564 0.5 0 - 0.5 0.5 0.5 0.5 0.5 - 0.55555555555556 0.5 0.44444444444444 0.5 
1262307604 0.5 0 - 0.5 0.5 0.5 0.5 0.5 - 0.55555555555556 0.5 0.44444444444444 0.5 
1262307643 0.5 0 - 0.5 0.5 0.5 0.5 0.5 - 0.55555555555556 0.5 0.44444444444444 0.5 
1262307662 0.5 0 - 0.5 0.5 0.5 0.5 0.5 - 0.55555555555556 0.5 0.44444444444444 0.5 
1262307664 0.5 0 - 0.5 0.5 0.5 0.5 0.5 - 0.55555555555556 0.5 0.44444444444444 0.5 
1262307704 0.5 0 - 0.5 0.5 0.5 0.5 0.5 - 0.55555555555556 0.5 0.44444444444444 0.5 
1262307743 0.5 0 - 0.5 0.5 0.5 0.5 0.5 - 0.55555555555556 0.5 0.44444444444444 0.5 
1262307762 0.5 0 - 0.5 0.5 0.5 0.5 0.5 - 0.55555555555556 0.5 0.44444444444444 0.5 
1262307764 0.5 0 - 0.5 0.5 0.5 0.5 0.5 - 0.55555555555556 0.5 0.44444444444444 0.5 
1262307804 0.5 0 - 0.5 0.5 0.5 0.5 0.5 0.5 0.55555555555556 0.5 0.44444444444444 0.5 
1262307843 0.5 0 - 0.5 0.5 0.5 0.5 0.5 0.5 0.55555555555556 0.5 0.44444444444444 0.5 
1262307862 0.5 0 - 0.5 0.5 0.5 0.5 0.5 0.5 0.55555555555556 0.5 0.44444444444444 0.5 
1262307864 0.5 0 - 0.5 0.5 0.5 0.5 0.5 0.5 0.55555555555556 0.5 0.44444444444444 0.5 
1262307904 0.5 0 - 0.5 0.5 0.5 0.5 0.5 0.8 0.55555555555556 0.5 0.44444444444444 0.5 
1262307943 0.5 0 - 0.5 0.5 0.5 0.5 0.5 0.8 0.55555555555556 0.5 0.44444444444444 0.5 
1262307962 0.5 0 - 0.5 0.5 0.5 0.5 0.5 0.8 0.55555555555556 0.5 0.44444444444444 0.5 
1262307964 0.5 0 - 0.5 0.5 0.5 0.5 0.5 0.8 0.55555555555556 0.5 0.44444444444444 0.5 
1262308004 0.5 0 - 0.5 0.5 0.5 0.5 0.5 0.8 0.55555555555556 0.5 0.5 0.5 
1262308043 0.5 0 - 0.5 0.5 0.5 0.5 0.5 0.8 0.55555555555556 0.5 0.5 0.5 
1262308062 0.5 0 - 0.5 0.5 0.5 0.5 0.5 0.8 0.55555555555556 0.5 0.5 0.5 
1262308064 0.5 0 - 0.5 0.5 0.5 0.5 0.5 0.8 0.55555555555556 0.5 0.5 0.5 
1262308104 0.5 0 - 0.5 0.5 0.5 0.5 0.5 0.8 0.55555555555556 0.5 0.5 0.5 
1262308143 0.5 0 - 0.5 0.5 0.5 0.5 0.5 0.8 0.55555555555556 0.5 0.5 0.5 
1262308162 0.5 0 - 0.5 0.5 0.5 0.5 0.5 0.8 0.55555555555556 0.5 0.5 0.5 
1262308164 0.5 0 - 0.5 0.5 0.5 0.5 0.5 0.8 0.55555555555556 0.5 0.5 0.5 
1262308204 0.5 0 1 0.5 0.4 0.5 0.5 0.5 0.8 0.55555555555556 0.5 0.5 0.5 
1262308243 0.5 0 1 0.5 0.4 0.5 0.5 0.5 0.8 0.55555555555556 0.5 0.5 0.5 
1262308262 0.5 0 1 0.5 0.4 0.5 0.5 0.5 0.8 0.55555555555556 0.5 0.5 0.5 
1262308264 0.5 0 1 0.5 0.4 0.5 0.5 0.5 0.8 0.55555555555556 0.5 0.5 0.5 
1262308304 0.5 0 1 0.5 0.4 0.5 0.5 0.5 0.8 0.55555555555556 0.5 0.5 0.7 
1262308343 0.5 0 1 0.5 0.4 0.5 0.5 0.5 0.8 0.55555555555556 0.5 0.5 0.7 
1262308362 0.5 0 1 0.5 0.4 0.5 0.5 0.5 0.8 0.55555555555556 0.5 0.5 0.7 
1262308364 0.5 0 1 0.5 0.4 0.5 0.5 0.5 0.8 0.55555555555556 0.5 0.5 0.7 
1262308404 0.5 0 1 0.7 0.4 0.5 0.5 0.5 0.8 0.55555555555556 0.5 0.5 0.7 
1262308443 0.5 0 1 0.7 0.4 0.5 0.5 0.5 0.8 0.55555555555556 0.5 0.5 0.7 
1262308462 0.5 0 1 0.7 0.4 0.5 0.5 0.5 0.8 0.55555555555556 0.5 0.5 0.7 
1262308464 0.5 0 1 0.7 0.4 0.5 0.5 0.5 0.8 0.55555555555556 0.5 0.5 0.7 
