arrived:	node2#34	1
arrived:	node2#39	1
arrived:	node3#45	1
arrived:	node2#40	1
arrived:	node2#47	1
arrived:	node2#55	1
arrived:	node2#53	1
arrived:	node2#59	1
arrived:	node2#30	1
arrived:	node2#50	1
arrived:	node2#10	1
arrived:	node2#54	1
arrived:	node2#56	1
arrived:	node2#31	1
arrived:	node2#38	1
arrived:	node2#37	1
arrived:	node3#46	1
arrived:	node2#35	1
arrived:	node2#46	1
arrived:	node2#60	1
arrived:	node2#9	1
arrived:	node2#12	1
arrived:	node2#8	1
arrived:	node2#43	1
arrived:	node2#41	1
arrived:	node2#33	1
arrived:	node2#11	1
arrived:	node2#32	1
arrived:	node2#7	1
arrived:	node3#44	1
arrived:	node2#57	1
arrived:	node2#58	1
arrived:	node2#45	1
arrived:	node3#41	1
arrived:	node2#44	1
arrived:	node3#43	1
NOTIFS:
node3	:	60	sent
node2	:	60	sent
SUBS:
on	node2
	node2	:	31	received
on	node3
	node3	:	5	received
1262304604 0.5 - - - - - 0.5 - - - - - - 
1262304704 0.5 - - - - 0.5 0.5 - - - - - - 
1262304804 0.5 - - - - 0.5 0.5 - - - - - - 
1262304904 0.5 - - - - 0.5 0.5 - - - - - - 
1262305004 0.5 - - 0.5 - 0.5 0.5 0.5 - - - - - 
1262305104 0.5 - - 0.5 0.5 0.5 0.5 0.5 - - - - - 
1262305204 0.5 - - 0.5 0.5 0.5 0.5 0.5 - - - - - 
1262305304 0.5 0 - 0.5 0.5 0.5 0.5 0.5 - - - - - 
1262305404 0.5 0 - 0.5 0.5 0.5 0.5 0.5 - - - - - 
1262305504 0.5 0 - 0.5 0.5 0.5 0.5 0.5 - - - - - 
1262305604 0.5 0 - 0.5 0.5 0.5 0.5 0.5 - - - - 0 
1262305704 0.5 0 - 0.5 0.5 0.5 0.5 0.5 - - - - 0 
1262305804 0.5 0 - 0.5 0.5 0.5 0.4 0.5 - - - - 0 
1262305904 0.5 0 - 0.5 0.5 0.5 0.5 0.5 - - - - 0 
1262306004 0.5 0 - 0.5 0.5 0.5 0.5 0.5 0.5 - - - 0 
1262306104 0.4 0 - 0.5 0.5 0.5 0.5 0.5 0.5 - - 0.5 0 
1262306194 0.4 0 - 0.5 0.5 0.5 0.5 0.5 0.5 - - 0.5 0 
1262306204 0.4 0 - 0.5 0.5 0.5 0.5 0.5 0.5 - - 0.5 0 
1262306294 0.4 0 - 0.5 0.5 0.5 0.5 0.5 0.5 - - 0.5 0 
1262306304 0.4 0 - 0.5 0.5 0.5 0.5 0.5 0.5 - - 0.5 0 
1262306383 0.5 0 - 0.5 0.5 0.5 0.5 0.5 0.5 - - 0.5 0 
1262306394 0.5 0 - 0.5 0.5 0.5 0.5 0.5 0.5 - - 0.5 0 
1262306404 0.5 0 - 0.5 0.5 0.5 0.5 0.5 0.5 - - 0.5 0 
1262306483 0.5 0 - 0.5 0.5 0.5 0.5 0.5 0.5 - - 0.5 0 
1262306494 0.5 0 - 0.5 0.5 0.5 0.5 0.5 0.5 - - 0.5 0 
1262306504 0.5 0 - 0.5 0.5 0.5 0.5 0.5 0.5 - - 0.5 0 
1262306583 0.6 0 - 0.5 0.5 0.5 0.5 0.5 0.5 - - 0.5 0 
1262306594 0.6 0 - 0.5 0.5 0.5 0.5 0.5 0.5 - - 0.5 0 
1262306604 0.6 0 - 0.6 0.5 0.5 0.5 0.6 0.5 - - 0.5 0 
1262306683 0.5 0 - 0.6 0.5 0.5 0.5 0.6 0.5 - - 0.5 0 
1262306686 0.5 0 - 0.6 0.5 0.5 0.5 0.6 0.5 - - 0.5 0 
1262306694 0.5 0 - 0.6 0.5 0.5 0.5 0.6 0.5 - - 0.5 0 
1262306704 0.5 0 - 0.6 0.5 0.5 0.5 0.6 0.5 - - 0.5 0 
1262306783 0.5 0 - 0.6 0.5 0.5 0.5 0.6 0.5 - - 0.5 0 
1262306786 0.5 0 - 0.6 0.5 0.5 0.5 0.6 0.5 - - 0.5 0 
1262306794 0.5 0 - 0.6 0.5 0.5 0.5 0.6 0.5 - - 0.5 0 
1262306804 0.5 0 - 0.6 0.5 0.5 0.5 0.6 0.5 - - 0.4 0 
1262306875 0.5 0 - 0.6 0.5 0.5 0.5 0.6 0.5 - - 0.4 0 
1262306883 0.5 0 - 0.6 0.5 0.5 0.5 0.6 0.5 - - 0.4 0 
1262306886 0.5 0 - 0.6 0.5 0.5 0.5 0.6 0.5 - - 0.4 0 
1262306894 0.5 0 - 0.6 0.5 0.5 0.5 0.6 0.5 - - 0.4 0 
1262306904 0.5 0 - 0.6 0.5 0.5 0.5 0.6 0.5 - - 0.4 0 
1262306975 0.5 0 - 0.6 0.5 0.5 0.5 0.6 0.5 - - 0.4 0 
1262306983 0.5 0 - 0.6 0.5 0.5 0.5 0.6 0.5 - - 0.4 0 
1262306986 0.5 0 - 0.6 0.5 0.5 0.5 0.6 0.5 - - 0.4 0 
1262307004 0.5 0 - 0.6 0.5 0.5 0.5 0.6 0.5 - - 0.4 0 
1262307075 0.5 0 - 0.6 0.5 0.5 0.5 0.6 0.5 - - 0.4 0 
1262307083 0.5 0 - 0.6 0.5 0.5 0.5 0.6 0.5 - - 0.4 0 
1262307086 0.5 0 - 0.6 0.5 0.5 0.5 0.6 0.5 - - 0.4 0 
1262307104 0.5 0 - 0.6 0.5 0.5 0.5 0.6 0.5 - - 0.4 0 
1262307131 0.5 0 - 0.6 0.5 0.5 0.5 0.6 0.5 - - 0.4 0 
1262307175 0.5 0 - 0.6 0.5 0.5 0.5 0.6 0.5 - - 0.4 0 
1262307183 0.4 0 - 0.6 0.5 0.5 0.5 0.6 0.5 - - 0.4 0 
1262307186 0.4 0 - 0.6 0.5 0.5 0.5 0.6 0.5 - - 0.4 0 
1262307204 0.4 0 - 0.6 0.5 0.5 0.5 0.4 0.5 - - 0.4 0 
1262307231 0.4 0 - 0.6 0.5 0.5 0.5 0.4 0.5 - - 0.4 0 
1262307275 0.4 0 - 0.6 0.5 0.5 0.5 0.4 0.5 - - 0.4 0 
1262307283 0.4 0 - 0.6 0.5 0.5 0.5 0.4 0.5 - - 0.4 0 
1262307286 0.4 0 - 0.6 0.5 0.5 0.5 0.4 0.5 - - 0.4 0 
1262307304 0.4 0 - 0.5 0.5 0.5 0.5 0.5 0.5 - - 0.4 0 
1262307331 0.4 0 - 0.5 0.6 0.5 0.5 0.5 0.5 - - 0.4 0 
1262307375 0.4 0 - 0.5 0.6 0.5 0.5 0.5 0.5 - - 0.4 0 
1262307383 0.5 0 - 0.5 0.6 0.5 0.5 0.5 0.5 - - 0.4 0 
1262307386 0.5 0 - 0.5 0.6 0.5 0.5 0.5 0.5 - - 0.4 0 
1262307404 0.5 0 - 0.5 0.6 0.5 0.5 0.5 0.5 0.75 0.55555555555556 0.4 0.33333333333333 
1262307431 0.5 0 - 0.5 0.6 0.5 0.5 0.5 0.5 0.75 0.55555555555556 0.4 0.33333333333333 
1262307475 0.5 0 - 0.5 0.6 0.5 0.5 0.5 0.5 0.75 0.55555555555556 0.4 0.33333333333333 
1262307483 0.5 0 - 0.5 0.6 0.5 0.5 0.5 0.5 0.75 0.55555555555556 0.4 0.33333333333333 
1262307486 0.5 0 - 0.5 0.6 0.5 0.5 0.5 0.5 0.75 0.55555555555556 0.4 0.33333333333333 
1262307504 0.5 0 - 0.5 0.6 0.5 0.5 0.5 0.66666666666667 0.5 0.55555555555556 0.4 0.5 
1262307531 0.5 0 - 0.5 0.6 0.5 0.5 0.5 0.66666666666667 0.5 0.55555555555556 0.4 0.5 
1262307573 0.5 0 - 0.5 0.6 0.5 0.5 0.5 0.66666666666667 0.5 0.55555555555556 0.4 0.5 
1262307575 0.5 0 - 0.5 0.6 0.5 0.5 0.5 0.66666666666667 0.5 0.55555555555556 0.4 0.5 
1262307583 0.5 0 - 0.5 0.6 0.5 0.5 0.5 0.66666666666667 0.5 0.55555555555556 0.4 0.5 
1262307586 0.5 0 - 0.5 0.6 0.5 0.5 0.5 0.66666666666667 0.5 0.55555555555556 0.4 0.5 
1262307604 0.5 0 - 0.5 0.6 0.5 0.5 0.5 0.66666666666667 0.5 0.55555555555556 0.4 0.5 
1262307631 0.5 0 - 0.5 0.6 0.5 0.5 0.5 0.66666666666667 0.5 0.55555555555556 0.4 0.5 
1262307673 0.5 0 - 0.5 0.6 0.5 0.5 0.5 0.66666666666667 0.5 0.55555555555556 0.2 0.5 
1262307675 0.5 0 - 0.5 0.6 0.5 0.5 0.5 0.66666666666667 0.5 0.55555555555556 0.2 0.5 
1262307683 0.5 0 - 0.5 0.6 0.5 0.5 0.5 0.66666666666667 0.5 0.55555555555556 0.2 0.5 
1262307686 0.5 0 - 0.5 0.6 0.5 0.5 0.5 0.66666666666667 0.5 0.55555555555556 0.2 0.5 
1262307704 0.5 0 1 0.5 0.6 0.5 0.5 0.5 0.66666666666667 0.5 0.55555555555556 0.2 0.5 
1262307731 0.5 0 1 0.5 0.5 0.5 0.5 0.5 0.66666666666667 0.5 0.55555555555556 0.2 0.5 
1262307762 0.5 0 1 0.5 0.5 0.5 0.5 0.5 0.66666666666667 0.5 0.55555555555556 0.2 0.5 
1262307773 0.5 0 1 0.5 0.5 0.5 0.5 0.5 0.66666666666667 0.5 0.55555555555556 0.4 0.5 
1262307775 0.5 0 1 0.5 0.5 0.5 0.5 0.5 0.66666666666667 0.5 0.55555555555556 0.4 0.5 
1262307783 0.5 0 1 0.5 0.5 0.5 0.5 0.5 0.66666666666667 0.5 0.55555555555556 0.4 0.5 
1262307786 0.5 0 1 0.5 0.5 0.5 0.5 0.5 0.66666666666667 0.5 0.55555555555556 0.4 0.5 
1262307804 0.5 0 1 0.6 0.5 0.5 0.5 0.5 0.66666666666667 0.5 0.55555555555556 0.4 0.5 
1262307862 0.5 0 1 0.6 0.5 0.5 0.5 0.5 0.66666666666667 0.5 0.55555555555556 0.4 0.5 
1262307873 0.5 0 1 0.6 0.5 0.5 0.5 0.5 0.66666666666667 0.5 0.55555555555556 0.4 0.5 
1262307875 0.5 0 1 0.6 0.5 0.5 0.5 0.5 0.66666666666667 0.5 0.55555555555556 0.4 0.5 
1262307883 0.5 0 1 0.6 0.5 0.5 0.5 0.5 0.66666666666667 0.5 0.55555555555556 0.4 0.5 
1262307886 0.5 0 1 0.6 0.5 0.5 0.5 0.5 0.66666666666667 0.5 0.55555555555556 0.4 0.5 
1262307904 0.5 0 1 0.5 0.5 0.5 0.5 0.5 0.66666666666667 0.5 0.55555555555556 0.4 0.5 
1262307962 0.5 0 1 0.5 0.5 0.5 0.5 0.5 0.5 0.5 0.55555555555556 0.4 0.5 
1262307973 0.5 0 1 0.5 0.5 0.5 0.5 0.5 0.5 0.5 0.55555555555556 0.4 0.5 
1262307975 0.5 0 1 0.5 0.5 0.5 0.5 0.5 0.5 0.5 0.55555555555556 0.4 0.5 
1262307983 0.5 0 1 0.5 0.5 0.5 0.5 0.5 0.5 0.5 0.55555555555556 0.4 0.5 
1262307986 0.5 0 1 0.5 0.5 0.5 0.5 0.5 0.5 0.5 0.55555555555556 0.4 0.5 
1262308004 0.5 0 1 0.5 0.5 0.5 0.5 0.6 0.5 0.5 0.55555555555556 0.4 0.5 
1262308008 0.5 0 1 0.5 0.5 0.5 0.5 0.6 0.5 0.5 0.55555555555556 0.4 0.5 
1262308062 0.5 0 1 0.5 0.5 0.5 0.5 0.6 0.5 0.5 0.55555555555556 0.4 0.5 
1262308073 0.5 0 1 0.5 0.5 0.5 0.5 0.6 0.5 0.5 0.55555555555556 0.4 0.5 
1262308075 0.5 0 1 0.5 0.5 0.5 0.5 0.6 0.5 0.5 0.55555555555556 0.4 0.5 
1262308086 0.5 0 1 0.5 0.5 0.5 0.5 0.6 0.5 0.5 0.55555555555556 0.4 0.5 
1262308104 0.5 0 1 0.5 0.5 0.5 0.5 0.5 0.5 0.5 0.55555555555556 0.4 0.3 
1262308108 0.5 0 1 0.5 0.5 0.5 0.5 0.5 0.5 0.5 0.55555555555556 0.4 0.3 
1262308162 0.5 0 1 0.5 0.5 0.5 0.5 0.5 0.4 0.5 0.55555555555556 0.4 0.3 
1262308173 0.5 0 1 0.5 0.5 0.5 0.5 0.5 0.4 0.5 0.55555555555556 0.4 0.3 
1262308175 0.5 0 1 0.5 0.5 0.5 0.5 0.5 0.4 0.5 0.55555555555556 0.4 0.3 
1262308178 0.5 0 1 0.5 0.5 0.5 0.5 0.5 0.4 0.5 0.55555555555556 0.4 0.3 
1262308186 0.5 0 1 0.5 0.5 0.5 0.4 0.5 0.4 0.5 0.55555555555556 0.4 0.3 
1262308204 0.5 0 1 0.5 0.5 0.5 0.4 0.5 0.4 0.5 0.55555555555556 0.4 0.3 
1262308208 0.5 0 1 0.5 0.5 0.5 0.4 0.5 0.4 0.5 0.55555555555556 0.4 0.3 
1262308262 0.5 0 1 0.5 0.5 0.5 0.4 0.5 0.4 0.5 0.55555555555556 0.4 0.3 
1262308273 0.5 0 1 0.5 0.5 0.5 0.4 0.5 0.4 0.5 0.55555555555556 0.5 0.3 
1262308275 0.5 0 1 0.5 0.5 0.5 0.4 0.5 0.4 0.5 0.55555555555556 0.5 0.3 
1262308278 0.5 0 1 0.5 0.5 0.5 0.4 0.5 0.4 0.5 0.55555555555556 0.5 0.3 
1262308286 0.5 0 1 0.5 0.5 0.5 0.5 0.5 0.4 0.5 0.55555555555556 0.5 0.3 
1262308304 0.5 0 1 0.5 0.5 0.5 0.5 0.5 0.4 0.5 0.55555555555556 0.5 0.3 
1262308308 0.5 0 1 0.5 0.5 0.5 0.5 0.5 0.4 0.5 0.55555555555556 0.5 0.3 
1262308362 0.5 0 1 0.5 0.5 0.5 0.5 0.5 0.5 0.5 0.55555555555556 0.5 0.3 
1262308373 0.5 0 1 0.5 0.5 0.5 0.5 0.5 0.5 0.5 0.55555555555556 0.5 0.3 
1262308375 0.5 0 1 0.5 0.5 0.5 0.5 0.5 0.5 0.5 0.55555555555556 0.5 0.3 
1262308378 0.5 0 1 0.5 0.5 0.5 0.5 0.5 0.5 0.5 0.55555555555556 0.5 0.3 
1262308386 0.5 0 1 0.5 0.5 0.5 0.5 0.5 0.5 0.5 0.55555555555556 0.5 0.3 
1262308404 0.5 0 1 0.5 0.5 0.5 0.5 0.5 0.5 0.5 0.6 0.5 0.3 
1262308408 0.5 0 1 0.5 0.5 0.5 0.5 0.5 0.5 0.5 0.6 0.5 0.3 
1262308462 0.5 0 1 0.5 0.5 0.5 0.5 0.5 0.5 0.5 0.6 0.5 0.3 
1262308475 0.5 0 1 0.5 0.5 0.5 0.5 0.5 0.5 0.5 0.6 0.5 0.3 
1262308478 0.5 0 1 0.5 0.5 0.5 0.5 0.5 0.5 0.5 0.6 0.5 0.3 
