arrived:	node2#19	1
arrived:	node2#51	1
arrived:	node2#16	1
arrived:	node2#5	1
arrived:	node2#20	1
arrived:	node2#55	1
arrived:	node2#53	1
arrived:	node2#22	1
arrived:	node2#6	1
arrived:	node2#18	1
arrived:	node2#14	1
arrived:	node2#7	1
arrived:	node2#17	1
arrived:	node2#8	1
arrived:	node3#17	1
arrived:	node3#5	1
arrived:	node2#54	1
arrived:	node3#18	1
arrived:	node2#52	1
arrived:	node2#32	1
arrived:	node2#33	1
arrived:	node2#34	1
arrived:	node2#36	1
arrived:	node2#35	1
arrived:	node2#4	1
arrived:	node2#21	1
arrived:	node2#15	1
arrived:	node3#6	1
NOTIFS:
node3	:	60	sent
node2	:	60	sent
SUBS:
on	node2
	node2	:	24	received
on	node3
	node3	:	4	received
1262304604 0.5 - - 0.5 0.5 - - - - - - - - 
1262304704 0.5 - - 0.5 0.5 - - - - - - - - 
1262304804 0.5 - - 0.5 0.5 - - - - - - - - 
1262304904 0.4 - - 0.5 0.5 0.5 - 0.5 - - - - - 
1262305004 0.5 - - 0.5 0.5 0.5 0.5 0.5 - - - - - 
1262305104 0.5 - - 0.5 0.5 0.5 0.5 0.5 - - - - - 
1262305204 0.5 0 - 0.5 0.5 0.5 0.5 0.5 - 0.5 0.5 - - 
1262305304 0.5 0 - 0.5 0.5 0.5 0.5 0.5 - 0.5 0.5 - - 
1262305377 0.5 0 - 0.5 0.5 0.5 0.5 0.5 - 0.5 0.5 - - 
1262305404 0.5 0 - 0.5 0.5 0.5 0.5 0.5 - 0.5 0.5 - - 
1262305477 0.5 0 - 0.5 0.5 0.5 0.5 0.5 - 0.5 0.5 - - 
1262305504 0.5 0 - 0.5 0.5 0.5 0.5 0.5 - 0.5 0.5 - - 
1262305550 0.5 0 - 0.5 0.5 0.5 0.5 0.5 - 0.5 0.5 - - 
1262305577 0.5 0 - 0.5 0.5 0.5 0.5 0.5 - 0.5 0.5 - - 
1262305604 0.5 0 - 0.5 0.5 0.5 0.5 0.5 - 0.5 0.5 - - 
1262305650 0.5 0 - 0.5 0.5 0.5 0.5 0.5 - 0.5 0.5 - - 
1262305677 0.5 0 - 0.5 0.5 0.5 0.5 0.5 - 0.5 0.5 - - 
1262305704 0.5 0 - 0.5 0.5 0.5 0.5 0.5 - 0.5 0.5 - - 
1262305765 0.5 0 - 0.5 0.5 0.5 0.5 0.5 - 0.5 0.5 - - 
1262305777 0.5 0 - 0.5 0.5 0.5 0.5 0.5 - 0.5 0.5 - - 
1262305804 0.5 0 - 0.5 0.5 0.5 0.5 0.5 - 0.5 0.5 - - 
1262305865 0.5 0 - 0.5 0.5 0.5 0.5 0.5 - 0.5 0.5 - - 
1262305871 0.5 0 - 0.5 0.5 0.5 0.5 0.5 - 0.5 0.5 - - 
1262305877 0.5 0 - 0.5 0.5 0.5 0.5 0.5 - 0.5 0.5 - - 
1262305904 0.5 0 - 0.5 0.5 0.5 0.5 0.5 - 0.5 0.5 - - 
1262305965 0.5 0 - 0.5 0.5 0.5 0.5 0.5 - 0.5 0.5 - - 
1262305971 0.5 0 - 0.5 0.5 0.5 0.5 0.5 - 0.5 0.5 - - 
1262305977 0.5 0 - 0.5 0.5 0.5 0.5 0.5 - 0.5 0.5 - - 
1262306004 0.5 0 - 0.4 0.5 0.5 0.5 0.5 0.5 0.5 0.5 - - 
1262306065 0.5 0 - 0.4 0.5 0.5 0.5 0.4 0.5 0.5 0.5 - - 
1262306071 0.5 0 - 0.4 0.5 0.5 0.4 0.4 0.5 0.5 0.5 - - 
1262306077 0.5 0 - 0.4 0.5 0.5 0.4 0.4 0.5 0.5 0.5 - - 
1262306104 0.5 0 - 0.4 0.5 0.5 0.4 0.4 0.4 0.5 0.5 - - 
1262306165 0.5 0 - 0.4 0.5 0.5 0.4 0.4 0.4 0.5 0.5 - - 
1262306171 0.5 0 - 0.4 0.5 0.5 0.4 0.4 0.4 0.5 0.5 - - 
1262306177 0.5 0 - 0.4 0.5 0.5 0.4 0.4 0.4 0.5 0.5 - - 
1262306204 0.4 0 - 0.5 0.5 0.5 0.4 0.4 0.4 0.6 0.5 - 0.33333333333333 
1262306265 0.4 0 - 0.5 0.5 0.5 0.4 0.4 0.4 0.6 0.5 - 0.33333333333333 
1262306271 0.4 0 - 0.5 0.5 0.5 0.5 0.4 0.4 0.6 0.5 - 0.33333333333333 
1262306277 0.4 0 - 0.5 0.5 0.5 0.5 0.4 0.4 0.6 0.5 - 0.33333333333333 
1262306304 0.5 0 - 0.5 0.5 0.5 0.5 0.4 0.4 0.6 0.5 - 0.33333333333333 
1262306365 0.5 0 - 0.5 0.5 0.5 0.5 0.5 0.4 0.6 0.5 - 0.33333333333333 
1262306371 0.5 0 - 0.5 0.5 0.5 0.5 0.5 0.4 0.6 0.5 - 0.33333333333333 
1262306404 0.5 0 - 0.5 0.5 0.5 0.5 0.5 0.4 0.6 0.5 0.57142857142857 0.33333333333333 
1262306465 0.5 0 - 0.5 0.5 0.5 0.5 0.5 0.4 0.6 0.5 0.57142857142857 0.33333333333333 
1262306471 0.5 0 - 0.5 0.5 0.5 0.5 0.5 0.4 0.6 0.5 0.57142857142857 0.33333333333333 
1262306483 0.5 0 - 0.5 0.5 0.5 0.5 0.5 0.4 0.6 0.5 0.57142857142857 0.33333333333333 
1262306504 0.5 0 - 0.5 0.5 0.5 0.5 0.5 0.4 0.6 0.5 0.57142857142857 0.33333333333333 
1262306571 0.5 0 - 0.5 0.5 0.5 0.5 0.5 0.4 0.6 0.5 0.57142857142857 0.33333333333333 
1262306583 0.5 0 - 0.5 0.5 0.5 0.5 0.5 0.4 0.6 0.5 0.57142857142857 0.33333333333333 
1262306604 0.5 0 - 0.5 0.5 0.5 0.5 0.5 0.4 0.6 0.5 0.57142857142857 0.33333333333333 
1262306671 0.5 0 - 0.5 0.5 0.5 0.5 0.5 0.4 0.6 0.5 0.57142857142857 0.33333333333333 
1262306672 0.5 0 - 0.5 0.5 0.5 0.5 0.5 0.4 0.6 0.5 0.57142857142857 0.33333333333333 
1262306683 0.5 0 - 0.5 0.5 0.5 0.5 0.5 0.4 0.6 0.5 0.57142857142857 0.33333333333333 
1262306704 0.5 0 - 0.5 0.5 0.5 0.5 0.5 0.4 0.6 0.5 0.57142857142857 0.33333333333333 
1262306771 0.5 0 - 0.5 0.5 0.5 0.5 0.5 0.4 0.6 0.5 0.57142857142857 0.33333333333333 
1262306772 0.5 0 - 0.5 0.5 0.5 0.5 0.5 0.4 0.6 0.5 0.57142857142857 0.33333333333333 
1262306783 0.5 0 - 0.5 0.5 0.5 0.5 0.5 0.4 0.6 0.5 0.57142857142857 0.33333333333333 
1262306804 0.5 0 1 0.5 0.5 0.5 0.5 0.5 0.4 0.6 0.5 0.57142857142857 0.33333333333333 
1262306871 0.5 0 1 0.5 0.5 0.5 0.5 0.5 0.4 0.6 0.5 0.57142857142857 0.33333333333333 
1262306872 0.5 0 1 0.5 0.5 0.5 0.5 0.5 0.4 0.6 0.5 0.57142857142857 0.33333333333333 
1262306883 0.5 0 1 0.5 0.5 0.5 0.5 0.5 0.4 0.6 0.5 0.57142857142857 0.33333333333333 
1262306904 0.5 0 1 0.5 0.5 0.5 0.5 0.5 0.4 0.6 0.5 0.57142857142857 0.5 
1262306971 0.5 0 1 0.5 0.5 0.5 0.5 0.5 0.4 0.6 0.5 0.57142857142857 0.5 
1262306972 0.5 0 1 0.5 0.5 0.5 0.5 0.5 0.4 0.6 0.5 0.57142857142857 0.5 
1262306983 0.5 0 1 0.5 0.5 0.5 0.5 0.5 0.4 0.6 0.5 0.57142857142857 0.5 
1262307004 0.5 0 1 0.5 0.5 0.5 0.5 0.5 0.4 0.6 0.5 0.57142857142857 0.6 
1262307071 0.5 0 1 0.5 0.5 0.5 0.5 0.5 0.4 0.6 0.5 0.57142857142857 0.6 
1262307072 0.5 0 1 0.5 0.5 0.5 0.5 0.5 0.4 0.6 0.5 0.57142857142857 0.6 
1262307083 0.5 0 1 0.5 0.5 0.5 0.5 0.5 0.4 0.6 0.5 0.57142857142857 0.6 
1262307104 0.5 0 1 0.5 0.5 0.5 0.5 0.5 0.4 0.6 0.5 0.57142857142857 0.6 
1262307127 0.5 0 1 0.5 0.5 0.5 0.5 0.5 0.4 0.6 0.5 0.57142857142857 0.6 
1262307171 0.5 0 1 0.5 0.5 0.5 0.5 0.5 0.4 0.6 0.5 0.57142857142857 0.6 
1262307172 0.5 0 1 0.5 0.5 0.5 0.5 0.5 0.4 0.6 0.5 0.57142857142857 0.6 
1262307204 0.5 0 1 0.5 0.5 0.5 0.5 0.5 0.4 0.6 0.5 0.57142857142857 0.6 
1262307227 0.5 0 1 0.5 0.5 0.5 0.5 0.5 0.4 0.6 0.5 0.57142857142857 0.6 
1262307271 0.5 0 1 0.5 0.5 0.5 0.5 0.5 0.4 0.6 0.5 0.57142857142857 0.6 
1262307272 0.5 0 1 0.5 0.5 0.5 0.5 0.5 0.4 0.6 0.5 0.57142857142857 0.6 
1262307304 0.5 0 1 0.5 0.5 0.5 0.5 0.5 0.4 0.6 0.5 0.57142857142857 0.6 
1262307327 0.5 0 1 0.5 0.5 0.5 0.5 0.5 0.4 0.6 0.5 0.57142857142857 0.6 
1262307333 0.5 0 1 0.5 0.5 0.5 0.5 0.5 0.4 0.6 0.5 0.57142857142857 0.6 
1262307371 0.5 0 1 0.5 0.5 0.5 0.5 0.5 0.4 0.6 0.5 0.57142857142857 0.6 
1262307372 0.5 0 1 0.5 0.5 0.5 0.5 0.5 0.4 0.6 0.5 0.57142857142857 0.6 
1262307404 0.5 0 1 0.5 0.5 0.5 0.5 0.5 0.4 0.6 0.5 0.57142857142857 0.6 
1262307427 0.5 0 1 0.5 0.5 0.5 0.5 0.5 0.4 0.6 0.5 0.57142857142857 0.6 
1262307433 0.5 0 1 0.5 0.5 0.5 0.5 0.5 0.4 0.6 0.5 0.57142857142857 0.6 
1262307471 0.5 0 1 0.5 0.5 0.5 0.5 0.5 0.4 0.6 0.5 0.57142857142857 0.6 
1262307472 0.5 0 1 0.5 0.5 0.5 0.5 0.5 0.4 0.6 0.5 0.57142857142857 0.6 
1262307504 0.5 0 1 0.6 0.6 0.5 0.5 0.5 0.4 0.6 0.5 0.57142857142857 0.6 
1262307527 0.6 0 1 0.6 0.6 0.5 0.5 0.5 0.4 0.6 0.5 0.57142857142857 0.6 
1262307533 0.6 0 1 0.6 0.6 0.5 0.5 0.5 0.4 0.6 0.5 0.57142857142857 0.6 
1262307547 0.6 0 1 0.6 0.6 0.5 0.5 0.5 0.4 0.6 0.5 0.57142857142857 0.6 
1262307571 0.6 0 1 0.6 0.6 0.5 0.5 0.5 0.4 0.6 0.5 0.57142857142857 0.6 
1262307572 0.6 0 1 0.6 0.6 0.5 0.5 0.5 0.4 0.6 0.5 0.57142857142857 0.6 
1262307604 0.6 0 1 0.5 0.6 0.5 0.5 0.5 0.4 0.6 0.5 0.57142857142857 0.6 
1262307627 0.5 0 1 0.5 0.6 0.5 0.5 0.5 0.4 0.6 0.5 0.57142857142857 0.6 
1262307633 0.5 0 1 0.5 0.6 0.5 0.5 0.5 0.4 0.6 0.5 0.57142857142857 0.6 
1262307647 0.5 0 1 0.5 0.6 0.5 0.5 0.5 0.4 0.6 0.5 0.57142857142857 0.6 
1262307671 0.5 0 1 0.5 0.6 0.5 0.5 0.5 0.4 0.6 0.5 0.57142857142857 0.6 
1262307672 0.5 0 1 0.5 0.6 0.5 0.5 0.5 0.4 0.6 0.5 0.57142857142857 0.6 
1262307704 0.5 0 1 0.5 0.5 0.5 0.5 0.5 0.4 0.6 0.5 0.57142857142857 0.6 
1262307727 0.5 0 1 0.5 0.5 0.5 0.5 0.5 0.4 0.6 0.5 0.57142857142857 0.6 
1262307733 0.5 0 1 0.5 0.5 0.5 0.5 0.5 0.4 0.6 0.5 0.57142857142857 0.6 
1262307747 0.5 0 1 0.5 0.5 0.5 0.5 0.5 0.4 0.6 0.5 0.57142857142857 0.6 
1262307772 0.5 0 1 0.5 0.5 0.5 0.5 0.5 0.4 0.6 0.5 0.57142857142857 0.6 
1262307804 0.5 0 1 0.5 0.5 0.5 0.5 0.5 0.4 0.6 0.5 0.57142857142857 0.6 
1262307827 0.5 0 1 0.5 0.5 0.5 0.5 0.5 0.4 0.6 0.5 0.57142857142857 0.6 
1262307833 0.5 0 1 0.5 0.5 0.5 0.5 0.5 0.4 0.6 0.5 0.57142857142857 0.6 
1262307847 0.5 0 1 0.5 0.5 0.5 0.5 0.5 0.4 0.6 0.5 0.57142857142857 0.6 
1262307872 0.5 0 1 0.5 0.5 0.5 0.5 0.5 0.4 0.6 0.5 0.57142857142857 0.6 
1262307891 0.5 0 1 0.5 0.5 0.5 0.6 0.5 0.4 0.6 0.5 0.57142857142857 0.6 
1262307904 0.5 0 1 0.5 0.5 0.5 0.6 0.5 0.4 0.6 0.5 0.57142857142857 0.6 
1262307927 0.5 0 1 0.5 0.5 0.5 0.6 0.5 0.4 0.6 0.5 0.57142857142857 0.6 
1262307933 0.5 0 1 0.5 0.5 0.5 0.6 0.5 0.4 0.6 0.5 0.57142857142857 0.6 
1262307947 0.5 0 1 0.5 0.5 0.5 0.6 0.5 0.4 0.6 0.5 0.57142857142857 0.6 
1262307972 0.5 0 1 0.5 0.5 0.5 0.6 0.5 0.4 0.6 0.5 0.57142857142857 0.6 
1262307991 0.5 0 1 0.5 0.5 0.5 0.5 0.5 0.4 0.6 0.5 0.57142857142857 0.6 
1262308004 0.5 0 1 0.5 0.5 0.5 0.5 0.5 0.4 0.6 0.5 0.57142857142857 0.6 
1262308027 0.5 0 1 0.5 0.5 0.5 0.5 0.5 0.4 0.6 0.5 0.57142857142857 0.6 
1262308033 0.5 0 1 0.5 0.5 0.5 0.5 0.5 0.4 0.6 0.5 0.57142857142857 0.6 
1262308047 0.5 0 1 0.5 0.5 0.5 0.5 0.5 0.4 0.6 0.5 0.57142857142857 0.6 
1262308072 0.5 0 1 0.5 0.5 0.5 0.5 0.5 0.4 0.6 0.5 0.57142857142857 0.6 
1262308091 0.5 0 1 0.5 0.5 0.5 0.5 0.5 0.4 0.6 0.5 0.57142857142857 0.6 
1262308104 0.5 0 1 0.5 0.5 0.5 0.5 0.5 0.4 0.6 0.5 0.57142857142857 0.6 
1262308127 0.5 0 1 0.5 0.5 0.5 0.5 0.5 0.4 0.6 0.5 0.57142857142857 0.6 
1262308133 0.5 0 1 0.5 0.5 0.5 0.5 0.5 0.4 0.6 0.5 0.57142857142857 0.6 
1262308147 0.5 0 1 0.5 0.5 0.5 0.5 0.5 0.4 0.6 0.5 0.57142857142857 0.6 
1262308172 0.5 0 1 0.5 0.5 0.5 0.5 0.5 0.4 0.6 0.5 0.57142857142857 0.6 
1262308191 0.5 0 1 0.5 0.5 0.5 0.5 0.5 0.4 0.6 0.5 0.57142857142857 0.6 
1262308204 0.5 0 1 0.5 0.5 0.5 0.5 0.5 0.4 0.6 0.5 0.57142857142857 0.6 
1262308227 0.5 0 1 0.5 0.5 0.5 0.5 0.5 0.4 0.6 0.5 0.57142857142857 0.6 
1262308233 0.5 0 1 0.5 0.5 0.5 0.5 0.5 0.4 0.6 0.5 0.57142857142857 0.6 
1262308272 0.5 0 1 0.5 0.5 0.5 0.5 0.5 0.4 0.6 0.5 0.57142857142857 0.6 
1262308291 0.5 0 1 0.5 0.5 0.5 0.5 0.5 0.4 0.6 0.5 0.57142857142857 0.6 
1262308304 0.5 0 1 0.5 0.5 0.5 0.5 0.5 0.6 0.6 0.5 0.57142857142857 0.6 
1262308327 0.5 0 1 0.5 0.5 0.5 0.5 0.5 0.6 0.6 0.5 0.57142857142857 0.6 
1262308333 0.5 0 1 0.5 0.5 0.5 0.5 0.5 0.6 0.6 0.5 0.57142857142857 0.6 
1262308344 0.5 0 1 0.5 0.5 0.5 0.5 0.5 0.6 0.6 0.5 0.57142857142857 0.6 
1262308372 0.5 0 1 0.5 0.5 0.5 0.5 0.5 0.6 0.6 0.5 0.57142857142857 0.6 
1262308391 0.5 0 1 0.5 0.5 0.5 0.4 0.5 0.6 0.6 0.5 0.57142857142857 0.6 
1262308404 0.5 0 1 0.5 0.5 0.5 0.4 0.5 0.6 0.6 0.5 0.57142857142857 0.6 
1262308427 0.5 0 1 0.5 0.5 0.5 0.4 0.5 0.6 0.6 0.5 0.57142857142857 0.6 
1262308433 0.5 0 1 0.5 0.5 0.5 0.4 0.5 0.6 0.6 0.5 0.57142857142857 0.6 
1262308444 0.5 0 1 0.5 0.5 0.5 0.4 0.5 0.6 0.6 0.5 0.57142857142857 0.6 
1262308472 0.5 0 1 0.5 0.5 0.5 0.4 0.5 0.6 0.6 0.5 0.57142857142857 0.6 
1262308491 0.5 0 1 0.5 0.5 0.5 0.4 0.5 0.6 0.6 0.5 0.57142857142857 0.6 
