arrived:	node2#17	1
arrived:	node2#28	1
arrived:	node2#16	1
arrived:	node2#10	1
arrived:	node2#26	1
arrived:	node2#11	1
arrived:	node2#29	1
arrived:	node2#27	1
arrived:	node2#25	1
arrived:	node2#15	1
arrived:	node2#14	1
arrived:	node2#9	1
arrived:	node2#12	1
arrived:	node2#8	1
arrived:	node2#18	1
NOTIFS:
node3	:	60	sent
node2	:	60	sent
SUBS:
on	node2
	node2	:	15	received
on	node3
	node3	:	0	received
1262304604 0.5 - - - - - - - - - - - - 
1262304704 0.5 - - - - - - - - - - - - 
1262304804 0.5 - - - - - - - - - - - - 
1262304904 0.5 - - - - - - - - - - - - 
1262305004 0.5 - - - - - - - - - - - - 
1262305104 0.5 - - - - - 0.5 - - - - - - 
1262305204 0.5 - - - - - 0.5 - - - - - - 
1262305304 0.5 - - - - - 0.5 0.5 - - - - - 
1262305369 0.5 - - - - - 0.5 0.5 - - - - - 
1262305404 0.5 - - 0.5 - - 0.5 0.5 - - - - - 
1262305469 0.5 - - 0.5 - - 0.5 0.5 - - - - - 
1262305504 0.5 0 - 0.5 0.5 - 0.5 0.5 - - - - - 
1262305569 0.5 0 - 0.5 0.5 - 0.5 0.5 - - - - - 
1262305604 0.5 0 - 0.5 0.5 0.4 0.5 0.6 - - - - - 
1262305669 0.5 0 - 0.5 0.5 0.4 0.5 0.6 - - - - - 
1262305704 0.5 0 - 0.5 0.5 0.4 0.5 0.6 - - 0.5 - - 
1262305769 0.5 0 - 0.5 0.5 0.4 0.5 0.6 - - 0.5 - - 
1262305804 0.5 0 - 0.5 0.5 0.4 0.5 0.6 - - 0.5 - 0.5 
1262305869 0.5 0 - 0.5 0.5 0.4 0.5 0.6 - - 0.5 - 0.5 
1262305886 0.5 0 - 0.5 0.5 0.4 0.5 0.6 - - 0.5 - 0.5 
1262305904 0.5 0 - 0.5 0.5 0.4 0.5 0.6 - - 0.5 - 0.4 
1262305969 0.5 0 - 0.5 0.5 0.4 0.5 0.6 - - 0.5 - 0.4 
1262305986 0.5 0 - 0.5 0.5 0.4 0.5 0.6 - - 0.5 - 0.4 
1262306004 0.5 0 - 0.5 0.5 0.4 0.5 0.5 - - 0.5 - 0.4 
1262306069 0.5 0 - 0.5 0.5 0.4 0.5 0.5 - - 0.5 - 0.4 
1262306086 0.5 0 - 0.5 0.5 0.5 0.5 0.5 - - 0.5 - 0.4 
1262306095 0.5 0 - 0.5 0.5 0.5 0.5 0.5 - - 0.5 - 0.4 
1262306104 0.5 0 - 0.5 0.5 0.5 0.5 0.5 - - 0.5 - 0.4 
1262306157 0.5 0 - 0.5 0.5 0.5 0.5 0.5 - - 0.5 0.5 0.4 
1262306169 0.5 0 - 0.5 0.5 0.5 0.5 0.5 - - 0.5 0.5 0.4 
1262306186 0.5 0 - 0.5 0.5 0.5 0.5 0.5 - - 0.5 0.5 0.4 
1262306195 0.5 0 - 0.5 0.5 0.5 0.5 0.5 - - 0.5 0.5 0.4 
1262306204 0.5 0 - 0.5 0.5 0.5 0.5 0.5 - - 0.5 0.5 0.4 
1262306257 0.5 0 - 0.5 0.5 0.5 0.5 0.5 - - 0.5 0.5 0.4 
1262306269 0.5 0 - 0.5 0.5 0.5 0.5 0.5 - - 0.5 0.5 0.4 
1262306286 0.5 0 - 0.5 0.5 0.5 0.5 0.5 - - 0.5 0.5 0.4 
1262306304 0.5 0 - 0.5 0.5 0.5 0.5 0.5 - - 0.5 0.5 0.4 
1262306357 0.5 0 - 0.5 0.5 0.5 0.5 0.5 - - 0.5 0.5 0.4 
1262306369 0.5 0 - 0.5 0.5 0.5 0.5 0.5 - - 0.5 0.5 0.4 
1262306386 0.5 0 - 0.5 0.5 0.5 0.5 0.5 - - 0.5 0.5 0.4 
1262306404 0.5 0 - 0.5 0.5 0.5 0.5 0.5 - - 0.5 0.5 0.4 
1262306457 0.5 0 - 0.5 0.5 0.5 0.5 0.5 - - 0.5 0.5 0.4 
1262306458 0.5 0 - 0.5 0.5 0.5 0.5 0.5 - - 0.5 0.5 0.4 
1262306469 0.5 0 - 0.5 0.5 0.5 0.5 0.5 - - 0.5 0.5 0.4 
1262306486 0.5 0 - 0.5 0.5 0.5 0.5 0.5 - - 0.5 0.5 0.4 
1262306504 0.5 0 - 0.5 0.5 0.5 0.5 0.5 - 0.5 0.5 0.5 0.4 
1262306557 0.5 0 - 0.5 0.5 0.5 0.5 0.5 - 0.5 0.5 0.5 0.4 
1262306558 0.5 0 - 0.5 0.5 0.5 0.5 0.5 - 0.5 0.5 0.5 0.4 
1262306569 0.5 0 - 0.5 0.5 0.5 0.5 0.5 - 0.5 0.5 0.5 0.4 
1262306586 0.5 0 - 0.5 0.5 0.5 0.5 0.5 - 0.5 0.5 0.5 0.4 
1262306593 0.5 0 - 0.5 0.5 0.5 0.5 0.5 - 0.5 0.5 0.5 0.4 
1262306604 0.5 0 - 0.5 0.5 0.5 0.5 0.5 - 0.5 0.5 0.5 0.4 
1262306657 0.5 0 - 0.5 0.5 0.5 0.5 0.5 - 0.5 0.5 0.5 0.4 
1262306658 0.6 0 - 0.5 0.5 0.5 0.5 0.5 - 0.5 0.5 0.5 0.4 
1262306669 0.6 0 - 0.5 0.5 0.5 0.5 0.5 - 0.5 0.5 0.5 0.4 
1262306686 0.6 0 - 0.5 0.5 0.5 0.5 0.5 - 0.5 0.5 0.5 0.4 
1262306704 0.6 0 - 0.5 0.5 0.5 0.5 0.5 - 0.5 0.5 0.5 0.4 
1262306757 0.6 0 - 0.5 0.5 0.5 0.5 0.5 - 0.5 0.5 0.5 0.4 
1262306758 0.5 0 - 0.5 0.5 0.5 0.5 0.5 - 0.5 0.5 0.5 0.4 
1262306769 0.5 0 - 0.5 0.5 0.5 0.5 0.5 - 0.5 0.5 0.5 0.4 
1262306786 0.5 0 - 0.5 0.5 0.5 0.5 0.5 - 0.5 0.5 0.5 0.4 
1262306804 0.5 0 - 0.5 0.5 0.5 0.5 0.5 - 0.5 0.5 0.5 0.4 
1262306812 0.5 0 - 0.5 0.5 0.5 0.5 0.5 - 0.5 0.5 0.5 0.4 
1262306857 0.5 0 - 0.5 0.5 0.5 0.5 0.5 - 0.5 0.6 0.5 0.4 
1262306858 0.5 0 - 0.5 0.5 0.5 0.5 0.5 - 0.5 0.6 0.5 0.4 
1262306869 0.5 0 - 0.5 0.5 0.5 0.5 0.5 - 0.5 0.6 0.5 0.4 
1262306886 0.5 0 - 0.5 0.5 0.5 0.5 0.5 - 0.5 0.6 0.5 0.4 
1262306904 0.5 0 - 0.5 0.5 0.5 0.5 0.5 - 0.5 0.6 0.5 0.4 
1262306912 0.5 0 - 0.5 0.5 0.5 0.5 0.5 - 0.5 0.6 0.5 0.4 
1262306957 0.5 0 - 0.5 0.5 0.5 0.5 0.5 - 0.5 0.6 0.5 0.4 
1262306969 0.5 0 - 0.5 0.5 0.5 0.5 0.5 - 0.5 0.6 0.5 0.4 
1262306986 0.5 0 - 0.5 0.5 0.5 0.5 0.5 - 0.5 0.6 0.5 0.4 
1262306988 0.5 0 - 0.5 0.5 0.5 0.5 0.5 - 0.5 0.6 0.5 0.4 
1262307004 0.5 0 - 0.5 0.5 0.5 0.5 0.5 - 0.5 0.6 0.5 0.4 
1262307051 0.5 0 - 0.5 0.5 0.5 0.5 0.5 - 0.5 0.6 0.5 0.4 
1262307057 0.5 0 - 0.5 0.5 0.5 0.5 0.5 - 0.5 0.6 0.5 0.4 
1262307069 0.5 0 - 0.5 0.5 0.5 0.5 0.5 - 0.5 0.6 0.5 0.4 
1262307088 0.5 0 - 0.5 0.5 0.5 0.5 0.5 - 0.5 0.6 0.5 0.4 
1262307104 0.5 0 - 0.5 0.5 0.5 0.5 0.5 - 0.5 0.6 0.5 0.4 
1262307151 0.5 0 - 0.5 0.5 0.5 0.5 0.5 - 0.5 0.6 0.5 0.4 
1262307157 0.5 0 - 0.5 0.5 0.5 0.5 0.5 - 0.5 0.6 0.5 0.4 
1262307169 0.5 0 - 0.5 0.5 0.5 0.5 0.5 - 0.5 0.6 0.5 0.4 
1262307188 0.5 0 - 0.5 0.5 0.5 0.5 0.5 - 0.5 0.6 0.5 0.4 
1262307191 0.5 0 - 0.5 0.5 0.5 0.5 0.5 - 0.5 0.6 0.5 0.4 
1262307204 0.5 0 - 0.5 0.5 0.5 0.5 0.5 - 0.5 0.6 0.5 0.3 
1262307251 0.4 0 - 0.5 0.5 0.5 0.5 0.5 - 0.5 0.6 0.5 0.3 
1262307257 0.4 0 - 0.5 0.5 0.5 0.5 0.5 - 0.5 0.6 0.5 0.3 
1262307260 0.4 0 - 0.5 0.5 0.5 0.5 0.5 - 0.5 0.6 0.5 0.3 
1262307269 0.4 0 - 0.5 0.5 0.5 0.5 0.5 - 0.5 0.6 0.5 0.3 
1262307288 0.4 0 - 0.5 0.5 0.5 0.5 0.5 - 0.5 0.6 0.5 0.3 
1262307291 0.4 0 - 0.5 0.5 0.5 0.5 0.5 - 0.5 0.6 0.5 0.3 
1262307304 0.4 0 - 0.5 0.5 0.5 0.5 0.5 - 0.5 0.6 0.5 0.3 
1262307351 0.5 0 - 0.5 0.5 0.5 0.5 0.5 - 0.5 0.6 0.5 0.3 
1262307357 0.5 0 - 0.5 0.5 0.5 0.5 0.5 - 0.5 0.6 0.5 0.3 
1262307360 0.5 0 - 0.5 0.5 0.5 0.5 0.5 - 0.5 0.6 0.5 0.3 
1262307369 0.5 0 - 0.5 0.5 0.5 0.5 0.5 - 0.5 0.6 0.5 0.3 
1262307388 0.5 0 - 0.5 0.5 0.5 0.5 0.5 - 0.5 0.6 0.5 0.3 
1262307391 0.5 0 - 0.5 0.5 0.5 0.5 0.5 - 0.5 0.6 0.5 0.3 
1262307404 0.5 0 - 0.5 0.5 0.5 0.5 0.5 - 0.5 0.6 0.5 0.3 
1262307451 0.5 0 - 0.5 0.5 0.5 0.5 0.5 - 0.5 0.6 0.5 0.3 
1262307457 0.5 0 - 0.5 0.5 0.5 0.5 0.5 - 0.5 0.6 0.5 0.3 
1262307460 0.5 0 - 0.5 0.5 0.5 0.5 0.5 - 0.5 0.6 0.5 0.3 
1262307469 0.5 0 - 0.5 0.5 0.5 0.5 0.5 - 0.5 0.6 0.5 0.3 
1262307488 0.5 0 - 0.5 0.5 0.5 0.5 0.5 - 0.5 0.6 0.5 0.3 
1262307504 0.5 0 - 0.5 0.5 0.5 0.5 0.5 - 0.5 0.6 0.5 0.3 
1262307551 0.5 0 - 0.5 0.5 0.5 0.5 0.5 - 0.5 0.6 0.5 0.3 
1262307557 0.5 0 - 0.5 0.5 0.5 0.5 0.5 - 0.5 0.6 0.5 0.3 
1262307560 0.5 0 - 0.5 0.5 0.5 0.5 0.5 - 0.5 0.6 0.5 0.3 
1262307569 0.5 0 - 0.5 0.5 0.5 0.5 0.5 - 0.5 0.6 0.5 0.3 
1262307588 0.5 0 - 0.5 0.5 0.5 0.5 0.5 - 0.5 0.6 0.5 0.3 
1262307604 0.5 0 - 0.5 0.5 0.5 0.5 0.5 - 0.5 0.6 0.5 0.3 
1262307615 0.5 0 - 0.5 0.5 0.5 0.5 0.5 - 0.5 0.6 0.5 0.3 
1262307623 0.5 0 - 0.5 0.5 0.5 0.5 0.5 - 0.5 0.6 0.5 0.3 
1262307651 0.5 0 - 0.5 0.5 0.5 0.5 0.5 - 0.5 0.6 0.5 0.3 
1262307657 0.5 0 - 0.5 0.5 0.5 0.5 0.5 - 0.5 0.6 0.5 0.3 
1262307660 0.5 0 - 0.5 0.5 0.5 0.5 0.5 - 0.5 0.6 0.5 0.3 
1262307669 0.5 0 - 0.5 0.5 0.5 0.5 0.5 - 0.5 0.6 0.5 0.3 
1262307688 0.5 0 - 0.5 0.5 0.5 0.5 0.5 - 0.5 0.6 0.5 0.3 
1262307704 0.5 0 - 0.5 0.5 0.5 0.5 0.5 0.5 0.5 0.6 0.5 0.2 
1262307715 0.5 0 - 0.5 0.5 0.5 0.5 0.5 0.5 0.5 0.6 0.5 0.2 
1262307723 0.5 0 - 0.5 0.5 0.5 0.5 0.5 0.5 0.5 0.6 0.5 0.2 
1262307751 0.5 0 - 0.5 0.5 0.5 0.5 0.5 0.5 0.5 0.6 0.5 0.2 
1262307757 0.5 0 - 0.5 0.5 0.5 0.5 0.5 0.5 0.5 0.6 0.5 0.2 
1262307760 0.5 0 - 0.5 0.5 0.5 0.5 0.5 0.5 0.5 0.6 0.5 0.2 
1262307769 0.5 0 - 0.5 0.5 0.5 0.5 0.5 0.5 0.5 0.6 0.5 0.2 
1262307788 0.5 0 - 0.5 0.5 0.5 0.5 0.5 0.5 0.5 0.6 0.5 0.2 
1262307804 0.5 0 - 0.5 0.5 0.5 0.5 0.5 0.5 0.5 0.6 0.5 0.2 
1262307815 0.5 0 - 0.5 0.5 0.5 0.5 0.5 0.5 0.5 0.6 0.5 0.2 
1262307823 0.5 0 - 0.5 0.5 0.5 0.5 0.5 0.5 0.5 0.6 0.5 0.2 
1262307851 0.5 0 - 0.5 0.5 0.5 0.5 0.5 0.5 0.5 0.6 0.5 0.2 
1262307857 0.5 0 - 0.5 0.5 0.5 0.5 0.5 0.5 0.5 0.6 0.7 0.2 
1262307860 0.5 0 - 0.5 0.5 0.5 0.5 0.5 0.5 0.5 0.6 0.7 0.2 
1262307869 0.5 0 - 0.5 0.5 0.5 0.5 0.5 0.5 0.5 0.6 0.7 0.2 
1262307888 0.5 0 - 0.5 0.5 0.5 0.5 0.5 0.5 0.5 0.6 0.7 0.2 
1262307904 0.5 0 - 0.5 0.5 0.5 0.5 0.5 0.5 0.5 0.6 0.7 0.2 
1262307915 0.5 0 - 0.5 0.5 0.5 0.5 0.5 0.5 0.5 0.6 0.7 0.2 
1262307923 0.5 0 - 0.5 0.5 0.5 0.5 0.5 0.5 0.5 0.6 0.7 0.2 
1262307951 0.5 0 - 0.5 0.5 0.5 0.5 0.5 0.5 0.5 0.6 0.7 0.2 
1262307957 0.5 0 - 0.5 0.5 0.5 0.5 0.5 0.5 0.5 0.6 0.7 0.2 
1262307960 0.5 0 - 0.5 0.5 0.5 0.5 0.5 0.5 0.5 0.6 0.7 0.2 
1262307988 0.5 0 - 0.5 0.5 0.5 0.5 0.5 0.5 0.5 0.6 0.7 0.2 
1262308004 0.5 0 - 0.5 0.5 0.5 0.5 0.5 0.5 0.5 0.6 0.7 0.2 
1262308015 0.5 0 - 0.5 0.5 0.5 0.5 0.5 0.5 0.5 0.6 0.7 0.2 
1262308023 0.5 0 - 0.5 0.5 0.5 0.5 0.5 0.5 0.5 0.6 0.7 0.2 
1262308051 0.5 0 - 0.5 0.5 0.5 0.5 0.5 0.5 0.5 0.6 0.7 0.2 
1262308060 0.5 0 - 0.5 0.5 0.5 0.5 0.5 0.5 0.5 0.6 0.7 0.2 
1262308088 0.5 0 - 0.5 0.5 0.5 0.5 0.5 0.5 0.5 0.6 0.7 0.2 
1262308104 0.5 0 - 0.5 0.5 0.5 0.5 0.5 0.5 0.5 0.6 0.7 0.2 
1262308109 0.5 0 - 0.5 0.5 0.5 0.5 0.5 0.5 0.5 0.6 0.7 0.2 
1262308115 0.5 0 - 0.5 0.5 0.5 0.5 0.5 0.5 0.5 0.6 0.7 0.2 
1262308123 0.5 0 - 0.5 0.5 0.5 0.5 0.5 0.5 0.5 0.6 0.7 0.2 
1262308151 0.5 0 - 0.5 0.5 0.5 0.5 0.5 0.5 0.5 0.6 0.7 0.2 
1262308160 0.5 0 - 0.5 0.5 0.5 0.5 0.5 0.5 0.5 0.6 0.7 0.2 
1262308188 0.5 0 - 0.5 0.5 0.5 0.5 0.5 0.5 0.5 0.6 0.7 0.2 
1262308204 0.5 0 - 0.5 0.5 0.5 0.5 0.5 0.5 0.5 0.6 0.7 0.2 
1262308209 0.5 0 - 0.5 0.5 0.5 0.5 0.5 0.5 0.5 0.6 0.7 0.2 
1262308215 0.5 0 - 0.5 0.5 0.5 0.5 0.5 0.5 0.5 0.6 0.7 0.2 
1262308218 0.5 0 - 0.5 0.5 0.5 0.5 0.5 0.5 0.5 0.6 0.7 0.2 
1262308223 0.5 0 - 0.5 0.5 0.5 0.5 0.5 0.5 0.5 0.6 0.7 0.2 
1262308251 0.5 0 - 0.5 0.5 0.5 0.5 0.5 0.5 0.5 0.6 0.7 0.2 
1262308288 0.5 0 - 0.5 0.5 0.5 0.5 0.5 0.5 0.5 0.6 0.7 0.2 
1262308304 0.5 0 - 0.5 0.5 0.5 0.5 0.5 0.5 0.5 0.6 0.7 0.2 
1262308309 0.5 0 - 0.5 0.5 0.5 0.5 0.5 0.5 0.5 0.6 0.7 0.2 
1262308315 0.5 0 - 0.5 0.5 0.5 0.5 0.5 0.5 0.5 0.6 0.7 0.2 
1262308318 0.5 0 - 0.5 0.5 0.5 0.5 0.5 0.5 0.5 0.6 0.5 0.2 
1262308323 0.5 0 - 0.5 0.5 0.5 0.5 0.5 0.5 0.5 0.6 0.5 0.2 
1262308351 0.5 0 - 0.5 0.5 0.5 0.5 0.5 0.5 0.5 0.6 0.5 0.2 
1262308380 0.5 0 - 0.5 0.5 0.5 0.5 0.5 0.5 0.5 0.6 0.5 0.2 
1262308388 0.5 0 - 0.5 0.5 0.5 0.5 0.5 0.5 0.5 0.6 0.5 0.2 
1262308404 0.5 0 - 0.5 0.5 0.5 0.5 0.5 0.5 0.5 0.6 0.5 0.2 
1262308409 0.5 0 - 0.5 0.5 0.5 0.5 0.5 0.5 0.5 0.6 0.5 0.2 
1262308415 0.5 0 - 0.5 0.5 0.5 0.5 0.5 0.5 0.5 0.6 0.5 0.2 
1262308418 0.5 0 - 0.5 0.5 0.5 0.5 0.5 0.5 0.5 0.6 0.5 0.2 
1262308423 0.5 0 - 0.5 0.5 0.5 0.5 0.5 0.5 0.5 0.6 0.5 0.2 
1262308451 0.5 0 - 0.5 0.5 0.5 0.5 0.5 0.5 0.5 0.6 0.5 0.2 
1262308480 0.5 0 - 0.5 0.5 0.5 0.5 0.5 0.5 0.5 0.6 0.5 0.2 
1262308488 0.5 0 - 0.5 0.5 0.5 0.5 0.5 0.5 0.5 0.6 0.5 0.2 
