arrived:	node2#19	1
arrived:	node2#51	1
arrived:	node2#3	1
arrived:	node2#1	1
arrived:	node2#36	1
arrived:	node2#20	1
arrived:	node2#2	1
arrived:	node2#6	1
arrived:	node2#18	1
arrived:	node2#50	1
arrived:	node2#10	1
arrived:	node2#27	1
arrived:	node2#38	1
arrived:	node2#4	1
arrived:	node2#26	1
arrived:	node2#24	1
arrived:	node2#25	1
arrived:	node2#23	1
arrived:	node2#5	1
arrived:	node2#46	1
arrived:	node2#60	1
arrived:	node2#9	1
arrived:	node2#12	1
arrived:	node2#45	1
arrived:	node2#17	1
arrived:	node2#59	1
arrived:	node2#48	1
arrived:	node2#11	1
arrived:	node2#52	1
arrived:	node2#58	1
arrived:	node2#16	1
arrived:	node2#57	1
arrived:	node2#47	1
arrived:	node2#49	1
arrived:	node2#13	1
arrived:	node2#37	1
arrived:	node2#39	1
NOTIFS:
node2	:	60	sent
node3	:	60	sent
SUBS:
on	node2
	node2	:	37	received
on	node3
	node3	:	0	received
1262304604 0.5 - - 0.5 0.5 0.5 0.5 - - - - - - 
1262304704 0.5 - - 0.5 0.5 0.5 0.5 0.5 - - - - - 
1262304804 0.5 - - 0.5 0.5 0.5 0.5 0.5 - - - - 0.5 
1262304904 0.5 0 - 0.5 0.5 0.5 0.5 0.5 - - - - 0.5 
1262305004 0.5 0 - 0.5 0.5 0.5 0.5 0.5 - - - - 0.5 
1262305104 0.5 0 - 0.5 0.5 0.5 0.5 0.5 0.5 - - 0.6 0.5 
1262305204 0.5 0 - 0.5 0.5 0.5 0.5 0.5 0.5 - - 0.6 0.5 
1262305304 0.5 0 - 0.5 0.5 0.5 0.5 0.5 0.5 - - 0.6 0.5 
1262305356 0.5 0 - 0.5 0.5 0.5 0.5 0.5 0.5 - - 0.6 0.5 
1262305404 0.5 0 - 0.5 0.5 0.5 0.5 0.5 0.5 1 - 0.6 0.5 
1262305456 0.5 0 - 0.5 0.5 0.5 0.5 0.5 0.5 1 - 0.6 0.5 
1262305504 0.5 0 - 0.5 0.5 0.5 0.5 0.5 0.5 1 - 0.6 0.5 
1262305556 0.5 0 - 0.5 0.5 0.5 0.5 0.5 0.5 1 - 0.6 0.5 
1262305575 0.5 0 - 0.5 0.5 0.5 0.5 0.5 0.5 1 - 0.6 0.5 
1262305604 0.5 0 - 0.5 0.5 0.5 0.5 0.5 0.5 1 - 0.6 0.5 
1262305656 0.5 0 - 0.5 0.5 0.5 0.5 0.5 0.5 1 - 0.6 0.5 
1262305675 0.5 0 - 0.5 0.5 0.5 0.5 0.5 0.5 1 - 0.6 0.5 
1262305704 0.5 0 - 0.5 0.5 0.5 0.5 0.5 0.5 1 - 0.6 0.5 
1262305755 0.5 0 - 0.5 0.5 0.5 0.5 0.5 0.5 1 - 0.6 0.5 
1262305756 0.5 0 - 0.5 0.5 0.5 0.5 0.5 0.5 1 - 0.6 0.5 
1262305775 0.5 0 - 0.5 0.5 0.5 0.5 0.5 0.5 1 - 0.6 0.5 
1262305804 0.5 0 - 0.5 0.5 0.5 0.5 0.5 0.5 1 0.5 0.6 0.5 
1262305855 0.5 0 - 0.5 0.5 0.5 0.5 0.5 0.5 1 0.5 0.6 0.5 
1262305856 0.5 0 - 0.5 0.5 0.5 0.5 0.5 0.5 1 0.5 0.6 0.5 
1262305875 0.5 0 - 0.5 0.5 0.5 0.5 0.5 0.5 1 0.5 0.6 0.5 
1262305904 0.5 0 - 0.5 0.5 0.5 0.5 0.5 0.5 0.5 0.5 0.6 0.5 
1262305955 0.5 0 - 0.5 0.5 0.5 0.5 0.5 0.5 0.5 0.5 0.5 0.5 
1262305956 0.5 0 - 0.5 0.5 0.5 0.5 0.5 0.5 0.5 0.5 0.5 0.5 
1262305975 0.5 0 - 0.5 0.5 0.5 0.5 0.5 0.5 0.5 0.5 0.5 0.5 
1262306004 0.5 0 - 0.5 0.5 0.5 0.5 0.6 0.5 0.5 0.5 0.5 0.5 
1262306055 0.5 0 - 0.5 0.5 0.5 0.5 0.6 0.5 0.5 0.5 0.5 0.5 
1262306056 0.5 0 - 0.5 0.5 0.5 0.5 0.6 0.5 0.5 0.5 0.5 0.5 
1262306075 0.5 0 - 0.5 0.5 0.5 0.5 0.6 0.5 0.5 0.5 0.5 0.5 
1262306104 0.5 0 - 0.5 0.5 0.5 0.5 0.6 0.5 0.5 0.5 0.5 0.5 
1262306155 0.5 0 - 0.5 0.5 0.5 0.5 0.6 0.5 0.5 0.5 0.5 0.5 
1262306156 0.5 0 - 0.5 0.5 0.5 0.5 0.6 0.5 0.5 0.5 0.5 0.5 
1262306175 0.5 0 - 0.5 0.5 0.5 0.5 0.6 0.5 0.5 0.5 0.5 0.5 
1262306204 0.5 0 - 0.5 0.5 0.5 0.5 0.5 0.5 0.5 0.5 0.5 0.5 
1262306255 0.5 0 - 0.5 0.5 0.5 0.5 0.5 0.5 0.5 0.5 0.5 0.5 
1262306256 0.5 0 - 0.5 0.5 0.5 0.5 0.5 0.5 0.5 0.5 0.5 0.5 
1262306275 0.5 0 - 0.5 0.5 0.5 0.5 0.5 0.5 0.5 0.5 0.5 0.5 
1262306304 0.5 0 - 0.5 0.5 0.5 0.5 0.5 0.5 0.5 0.5 0.5 0.5 
1262306355 0.5 0 - 0.5 0.5 0.5 0.5 0.5 0.5 0.5 0.5 0.4 0.5 
1262306356 0.5 0 - 0.5 0.5 0.5 0.5 0.5 0.5 0.5 0.5 0.4 0.5 
1262306375 0.5 0 - 0.5 0.5 0.5 0.5 0.5 0.5 0.5 0.5 0.4 0.5 
1262306404 0.5 0 - 0.5 0.5 0.5 0.5 0.5 0.5 0.5 0.5 0.4 0.5 
1262306444 0.5 0 - 0.5 0.5 0.5 0.5 0.5 0.5 0.5 0.5 0.4 0.5 
1262306455 0.5 0 - 0.5 0.5 0.5 0.5 0.5 0.5 0.5 0.5 0.4 0.5 
1262306456 0.5 0 - 0.5 0.5 0.5 0.5 0.5 0.5 0.5 0.5 0.4 0.5 
1262306475 0.5 0 - 0.5 0.5 0.5 0.5 0.5 0.5 0.5 0.5 0.4 0.5 
1262306504 0.5 0 - 0.5 0.5 0.5 0.5 0.5 0.5 0.5 0.5 0.4 0.5 
1262306544 0.5 0 - 0.5 0.5 0.5 0.5 0.5 0.5 0.5 0.5 0.4 0.5 
1262306555 0.5 0 - 0.5 0.5 0.5 0.5 0.5 0.5 0.5 0.5 0.4 0.5 
1262306556 0.5 0 - 0.5 0.5 0.5 0.5 0.5 0.5 0.5 0.5 0.4 0.5 
1262306575 0.5 0 - 0.5 0.5 0.5 0.5 0.5 0.5 0.5 0.5 0.4 0.5 
1262306604 0.5 0 - 0.5 0.5 0.5 0.5 0.5 0.5 0.5 0.5 0.4 0.5 
1262306655 0.5 0 - 0.5 0.5 0.5 0.5 0.5 0.5 0.5 0.5 0.4 0.5 
1262306656 0.5 0 - 0.5 0.5 0.5 0.5 0.5 0.5 0.5 0.5 0.4 0.5 
1262306675 0.5 0 - 0.5 0.5 0.5 0.5 0.5 0.5 0.5 0.5 0.4 0.5 
1262306704 0.5 0 - 0.5 0.5 0.5 0.5 0.5 0.5 0.5 0.5 0.4 0.5 
1262306747 0.5 0 - 0.5 0.5 0.5 0.5 0.5 0.5 0.5 0.5 0.4 0.5 
1262306755 0.5 0 - 0.5 0.5 0.5 0.5 0.5 0.5 0.5 0.5 0.4 0.5 
1262306756 0.5 0 - 0.5 0.5 0.5 0.5 0.5 0.5 0.5 0.5 0.4 0.5 
1262306775 0.5 0 - 0.5 0.5 0.5 0.5 0.5 0.5 0.5 0.5 0.4 0.5 
1262306804 0.5 0 - 0.5 0.5 0.5 0.5 0.5 0.5 0.5 0.5 0.4 0.5 
1262306847 0.5 0 - 0.5 0.5 0.5 0.5 0.5 0.5 0.5 0.5 0.4 0.5 
1262306855 0.5 0 - 0.5 0.5 0.5 0.5 0.5 0.5 0.5 0.5 0.4 0.5 
1262306856 0.5 0 - 0.5 0.5 0.5 0.5 0.5 0.5 0.5 0.5 0.4 0.5 
1262306875 0.5 0 - 0.5 0.5 0.5 0.5 0.5 0.5 0.5 0.5 0.4 0.5 
1262306904 0.5 0 - 0.5 0.5 0.5 0.5 0.5 0.5 0.5 0.5 0.4 0.5 
1262306947 0.5 0 - 0.5 0.5 0.5 0.5 0.5 0.5 0.5 0.5 0.4 0.5 
1262306955 0.5 0 - 0.5 0.5 0.5 0.5 0.5 0.5 0.5 0.5 0.4 0.5 
1262306956 0.5 0 - 0.5 0.5 0.5 0.5 0.5 0.5 0.5 0.5 0.4 0.5 
1262306975 0.5 0 - 0.5 0.7 0.5 0.5 0.5 0.5 0.5 0.5 0.4 0.5 
1262307004 0.5 0 - 0.5 0.7 0.5 0.5 0.5 0.5 0.5 0.5 0.4 0.5 
1262307047 0.5 0 - 0.5 0.7 0.5 0.5 0.5 0.5 0.5 0.5 0.4 0.5 
1262307055 0.5 0 - 0.5 0.7 0.5 0.5 0.5 0.5 0.5 0.5 0.4 0.5 
1262307056 0.5 0 - 0.5 0.7 0.5 0.5 0.5 0.5 0.5 0.5 0.4 0.5 
1262307075 0.5 0 - 0.5 0.5 0.5 0.5 0.5 0.5 0.5 0.5 0.4 0.5 
1262307104 0.5 0 - 0.5 0.5 0.5 0.5 0.5 0.5 0.5 0.5 0.4 0.5 
1262307119 0.5 0 - 0.5 0.5 0.5 0.5 0.5 0.5 0.5 0.5 0.4 0.5 
1262307147 0.5 0 - 0.5 0.5 0.5 0.5 0.5 0.5 0.5 0.5 0.4 0.5 
1262307155 0.5 0 - 0.5 0.5 0.5 0.5 0.5 0.5 0.5 0.5 0.4 0.5 
1262307156 0.5 0 - 0.5 0.5 0.5 0.5 0.5 0.5 0.5 0.5 0.4 0.5 
1262307175 0.5 0 - 0.5 0.5 0.5 0.5 0.5 0.5 0.5 0.5 0.4 0.5 
1262307204 0.5 0 - 0.5 0.5 0.5 0.5 0.5 0.5 0.5 0.5 0.4 0.5 
1262307219 0.5 0 - 0.5 0.5 0.5 0.5 0.5 0.7 0.5 0.5 0.4 0.5 
1262307247 0.5 0 - 0.5 0.5 0.5 0.5 0.5 0.7 0.5 0.5 0.4 0.5 
1262307256 0.5 0 - 0.5 0.5 0.5 0.5 0.5 0.7 0.5 0.5 0.4 0.5 
1262307275 0.5 0 - 0.5 0.5 0.5 0.5 0.5 0.7 0.5 0.5 0.4 0.5 
1262307300 0.5 0 - 0.5 0.5 0.5 0.5 0.5 0.7 0.5 0.5 0.4 0.5 
1262307304 0.5 0 - 0.5 0.5 0.5 0.5 0.5 0.7 0.5 0.5 0.4 0.5 
1262307319 0.5 0 - 0.5 0.5 0.5 0.5 0.5 0.7 0.5 0.5 0.4 0.5 
1262307347 0.5 0 - 0.5 0.5 0.5 0.5 0.5 0.7 0.5 0.5 0.4 0.5 
1262307356 0.5 0 - 0.5 0.5 0.5 0.5 0.5 0.7 0.5 0.5 0.4 0.5 
1262307375 0.5 0 - 0.5 0.5 0.5 0.5 0.5 0.7 0.5 0.5 0.4 0.5 
1262307386 0.5 0 - 0.5 0.5 0.5 0.5 0.5 0.7 0.5 0.5 0.4 0.5 
1262307400 0.5 0 - 0.5 0.5 0.5 0.5 0.5 0.7 0.5 0.5 0.4 0.5 
1262307404 0.6 0 - 0.5 0.5 0.5 0.6 0.5 0.7 0.5 0.5 0.4 0.5 
1262307408 0.6 0 - 0.5 0.5 0.5 0.6 0.5 0.7 0.5 0.5 0.4 0.5 
1262307419 0.6 0 - 0.5 0.5 0.5 0.6 0.5 0.7 0.5 0.5 0.4 0.5 
1262307456 0.6 0 - 0.5 0.5 0.5 0.6 0.5 0.7 0.5 0.5 0.4 0.5 
1262307475 0.6 0 - 0.5 0.5 0.5 0.6 0.5 0.7 0.5 0.5 0.4 0.5 
1262307486 0.6 0 - 0.5 0.5 0.5 0.6 0.5 0.7 0.5 0.5 0.4 0.5 
1262307500 0.6 0 - 0.5 0.5 0.5 0.6 0.5 0.7 0.5 0.5 0.4 0.5 
1262307504 0.5 0 - 0.5 0.5 0.5 0.5 0.5 0.7 0.5 0.5 0.4 0.5 
1262307508 0.5 0 - 0.5 0.5 0.5 0.5 0.5 0.7 0.5 0.5 0.4 0.5 
1262307519 0.5 0 - 0.5 0.5 0.5 0.5 0.5 0.7 0.5 0.5 0.4 0.5 
1262307556 0.5 0 - 0.5 0.5 0.5 0.5 0.5 0.7 0.5 0.5 0.4 0.5 
1262307575 0.5 0 - 0.5 0.5 0.5 0.5 0.5 0.7 0.5 0.5 0.4 0.5 
1262307586 0.5 0 - 0.5 0.5 0.5 0.5 0.5 0.7 0.5 0.5 0.4 0.5 
1262307600 0.5 0 - 0.5 0.5 0.5 0.5 0.5 0.7 0.5 0.5 0.4 0.5 
1262307604 0.5 0 - 0.5 0.5 0.5 0.5 0.5 0.7 0.4 0.5 0.4 0.5 
1262307605 0.5 0 - 0.5 0.5 0.5 0.5 0.5 0.7 0.4 0.5 0.4 0.5 
1262307608 0.5 0 - 0.5 0.5 0.5 0.5 0.5 0.7 0.4 0.5 0.4 0.5 
1262307619 0.5 0 - 0.5 0.5 0.5 0.5 0.5 0.7 0.4 0.5 0.4 0.5 
1262307656 0.5 0 - 0.5 0.5 0.5 0.5 0.5 0.7 0.4 0.5 0.4 0.5 
1262307675 0.5 0 - 0.5 0.5 0.5 0.5 0.5 0.7 0.4 0.5 0.4 0.5 
1262307690 0.5 0 - 0.5 0.5 0.5 0.5 0.5 0.7 0.4 0.5 0.4 0.5 
1262307700 0.5 0 - 0.5 0.5 0.5 0.5 0.5 0.7 0.4 0.5 0.4 0.5 
1262307704 0.5 0 - 0.5 0.5 0.5 0.5 0.5 0.7 0.4 0.5 0.4 0.5 
1262307705 0.5 0 - 0.5 0.5 0.5 0.5 0.5 0.7 0.4 0.5 0.4 0.5 
1262307708 0.5 0 - 0.5 0.5 0.5 0.5 0.5 0.7 0.4 0.5 0.5 0.5 
1262307719 0.5 0 - 0.5 0.5 0.5 0.5 0.5 0.7 0.4 0.5 0.5 0.5 
1262307756 0.5 0 - 0.5 0.5 0.5 0.5 0.5 0.7 0.4 0.5 0.5 0.5 
1262307775 0.5 0 - 0.5 0.5 0.5 0.5 0.5 0.7 0.4 0.5 0.5 0.5 
1262307790 0.5 0 - 0.5 0.5 0.5 0.5 0.5 0.7 0.4 0.5 0.5 0.5 
1262307800 0.5 0 - 0.5 0.5 0.5 0.5 0.5 0.7 0.4 0.5 0.5 0.5 
1262307804 0.5 0 - 0.5 0.5 0.5 0.5 0.5 0.7 0.5 0.5 0.5 0.5 
1262307805 0.5 0 - 0.5 0.5 0.5 0.5 0.5 0.7 0.5 0.5 0.5 0.5 
1262307808 0.5 0 - 0.5 0.5 0.5 0.5 0.5 0.7 0.5 0.5 0.5 0.5 
1262307819 0.5 0 - 0.5 0.5 0.5 0.5 0.5 0.7 0.5 0.5 0.5 0.5 
1262307856 0.5 0 - 0.5 0.5 0.5 0.5 0.5 0.7 0.5 0.5 0.5 0.5 
1262307875 0.5 0 - 0.5 0.5 0.5 0.5 0.5 0.7 0.5 0.5 0.5 0.5 
1262307900 0.5 0 - 0.5 0.5 0.5 0.5 0.5 0.7 0.5 0.5 0.5 0.5 
1262307904 0.5 0 - 0.5 0.5 0.5 0.5 0.5 0.7 0.5 0.5 0.5 0.5 
1262307905 0.5 0 - 0.5 0.5 0.5 0.5 0.5 0.7 0.5 0.5 0.5 0.5 
1262307908 0.5 0 - 0.5 0.5 0.5 0.5 0.5 0.7 0.5 0.5 0.5 0.5 
1262307919 0.5 0 - 0.5 0.5 0.5 0.5 0.5 0.7 0.5 0.5 0.5 0.5 
1262307956 0.5 0 - 0.5 0.5 0.5 0.5 0.5 0.7 0.5 0.5 0.5 0.5 
1262307975 0.5 0 - 0.5 0.5 0.5 0.5 0.5 0.7 0.5 0.5 0.5 0.5 
1262308000 0.5 0 - 0.5 0.5 0.5 0.5 0.5 0.7 0.5 0.5 0.5 0.5 
1262308004 0.5 0 - 0.5 0.5 0.5 0.5 0.5 0.7 0.5 0.5 0.5 0.5 
1262308005 0.5 0 - 0.5 0.5 0.5 0.5 0.5 0.7 0.5 0.5 0.5 0.5 
1262308008 0.5 0 - 0.5 0.5 0.5 0.5 0.5 0.7 0.5 0.5 0.5 0.5 
1262308019 0.5 0 - 0.5 0.5 0.5 0.5 0.5 0.7 0.5 0.5 0.5 0.5 
1262308075 0.5 0 - 0.5 0.5 0.5 0.5 0.5 0.7 0.5 0.5 0.5 0.5 
1262308100 0.5 0 - 0.5 0.5 0.5 0.5 0.5 0.7 0.5 0.5 0.5 0.5 
1262308104 0.5 0 - 0.5 0.5 0.5 0.5 0.5 0.7 0.5 0.5 0.5 0.5 
1262308105 0.5 0 - 0.5 0.5 0.5 0.5 0.5 0.7 0.5 0.5 0.5 0.5 
1262308108 0.5 0 - 0.5 0.5 0.5 0.5 0.5 0.7 0.5 0.5 0.5 0.5 
1262308119 0.5 0 - 0.5 0.5 0.5 0.5 0.5 0.7 0.5 0.5 0.5 0.5 
1262308200 0.5 0 - 0.5 0.5 0.5 0.5 0.5 0.7 0.5 0.5 0.5 0.5 
1262308204 0.5 0 - 0.5 0.5 0.5 0.5 0.5 0.7 0.5 0.5 0.5 0.5 
1262308205 0.5 0 - 0.5 0.5 0.5 0.5 0.5 0.7 0.5 0.5 0.5 0.5 
1262308208 0.5 0 - 0.5 0.5 0.5 0.5 0.5 0.7 0.5 0.5 0.5 0.5 
1262308219 0.5 0 - 0.5 0.5 0.5 0.5 0.5 0.7 0.5 0.5 0.5 0.5 
1262308232 0.5 0 - 0.5 0.5 0.5 0.5 0.5 0.7 0.5 0.5 0.5 0.5 
1262308300 0.5 0 - 0.5 0.5 0.5 0.5 0.5 0.7 0.5 0.5 0.5 0.5 
1262308304 0.5 0 - 0.5 0.5 0.5 0.5 0.5 0.7 0.5 0.5 0.5 0.5 
1262308305 0.5 0 - 0.5 0.5 0.5 0.5 0.5 0.7 0.5 0.5 0.5 0.5 
1262308308 0.5 0 - 0.5 0.5 0.5 0.5 0.5 0.7 0.5 0.5 0.5 0.5 
1262308319 0.5 0 - 0.5 0.5 0.5 0.5 0.5 0.7 0.5 0.5 0.5 0.5 
1262308332 0.5 0 - 0.5 0.5 0.5 0.5 0.5 0.7 0.5 0.5 0.5 0.5 
1262308400 0.5 0 - 0.5 0.5 0.5 0.5 0.5 0.7 0.5 0.5 0.5 0.5 
1262308404 0.5 0 - 0.5 0.5 0.5 0.5 0.5 0.7 0.5 0.5 0.5 0.5 
1262308405 0.5 0 - 0.5 0.5 0.5 0.5 0.5 0.7 0.5 0.5 0.5 0.5 
1262308408 0.5 0 - 0.5 0.5 0.5 0.5 0.5 0.7 0.5 0.5 0.5 0.5 
1262308419 0.5 0 - 0.5 0.4 0.6 0.5 0.5 0.7 0.5 0.5 0.5 0.5 
1262308432 0.5 0 - 0.5 0.4 0.6 0.5 0.5 0.7 0.5 0.5 0.5 0.5 
