arrived:	node2#34	1
arrived:	node2#3	1
arrived:	node2#1	1
arrived:	node2#5	1
arrived:	node2#20	1
arrived:	node2#2	1
arrived:	node2#22	1
arrived:	node2#6	1
arrived:	node2#9	1
arrived:	node2#8	1
arrived:	node2#36	1
arrived:	node2#19	1
arrived:	node2#21	1
arrived:	node2#59	1
arrived:	node2#55	1
arrived:	node2#56	1
arrived:	node2#58	1
arrived:	node2#35	1
arrived:	node2#57	1
arrived:	node2#38	1
arrived:	node2#4	1
arrived:	node2#18	1
arrived:	node2#37	1
arrived:	node2#7	1
NOTIFS:
node2	:	60	sent
node3	:	60	sent
SUBS:
on	node2
	node2	:	24	received
on	node3
	node3	:	0	received
1262304604 0.5 - - - 0.5 0.5 0.5 - - - - - - 
1262304704 0.5 - - - 0.5 0.5 0.5 0.5 - - - - - 
1262304804 0.5 0 - 0.5 0.5 0.5 0.5 0.5 - - - - - 
1262304904 0.5 0 - 0.5 0.5 0.5 0.5 0.5 - - - - - 
1262305004 0.5 0 - 0.5 0.5 0.5 0.5 0.5 0.83333333333333 - - - - 
1262305104 0.5 0 - 0.5 0.5 0.5 0.5 0.5 0.83333333333333 - - - - 
1262305204 0.5 0 - 0.5 0.5 0.5 0.5 0.5 0.83333333333333 0.5 - - 0.5 
1262305304 0.5 0 - 0.5 0.5 0.5 0.5 0.5 0.83333333333333 0.5 - - 0.5 
1262305404 0.5 0 - 0.5 0.5 0.5 0.5 0.5 0.83333333333333 0.5 0.5 - 0.5 
1262305504 0.5 0 - 0.5 0.5 0.5 0.5 0.5 0.83333333333333 0.5 0.5 0.55555555555556 0.5 
1262305604 0.5 0 - 0.5 0.5 0.5 0.5 0.5 0.83333333333333 0.5 0.5 0.55555555555556 0.5 
1262305704 0.5 0 - 0.5 0.5 0.5 0.5 0.5 0.83333333333333 0.5 0.5 0.55555555555556 0.5 
1262305804 0.5 0 - 0.5 0.5 0.5 0.5 0.5 0.83333333333333 0.5 0.5 0.55555555555556 0.5 
1262305852 0.5 0 - 0.5 0.5 0.5 0.5 0.5 0.83333333333333 0.5 0.5 0.55555555555556 0.5 
1262305904 0.5 0 - 0.5 0.5 0.5 0.5 0.5 0.83333333333333 0.5 0.5 0.55555555555556 0.5 
1262305952 0.5 0 - 0.5 0.5 0.5 0.5 0.5 0.83333333333333 0.5 0.5 0.55555555555556 0.5 
1262306004 0.5 0 - 0.5 0.5 0.5 0.5 0.5 0.83333333333333 0.5 0.5 0.55555555555556 0.5 
1262306052 0.5 0 - 0.5 0.5 0.5 0.5 0.5 0.83333333333333 0.5 0.5 0.55555555555556 0.5 
1262306104 0.5 0 - 0.5 0.5 0.5 0.5 0.5 0.83333333333333 0.5 0.5 0.55555555555556 0.5 
1262306152 0.5 0 - 0.5 0.5 0.5 0.5 0.5 0.83333333333333 0.5 0.5 0.55555555555556 0.5 
1262306204 0.5 0 - 0.5 0.5 0.5 0.5 0.5 0.83333333333333 0.5 0.5 0.55555555555556 0.5 
1262306252 0.5 0 - 0.5 0.5 0.5 0.5 0.5 0.83333333333333 0.5 0.5 0.55555555555556 0.5 
1262306304 0.5 0 - 0.5 0.5 0.5 0.5 0.5 0.83333333333333 0.5 0.5 0.55555555555556 0.5 
1262306352 0.5 0 - 0.5 0.5 0.5 0.5 0.5 0.83333333333333 0.5 0.5 0.55555555555556 0.5 
1262306404 0.5 0 - 0.4 0.4 0.5 0.5 0.5 0.83333333333333 0.5 0.5 0.55555555555556 0.5 
1262306452 0.5 0 - 0.4 0.4 0.5 0.5 0.5 0.83333333333333 0.5 0.5 0.55555555555556 0.5 
1262306479 0.5 0 - 0.4 0.4 0.5 0.5 0.5 0.83333333333333 0.5 0.5 0.55555555555556 0.5 
1262306504 0.5 0 - 0.5 0.5 0.5 0.5 0.5 0.83333333333333 0.5 0.5 0.55555555555556 0.5 
1262306552 0.5 0 - 0.5 0.5 0.5 0.5 0.5 0.83333333333333 0.5 0.5 0.55555555555556 0.5 
1262306579 0.5 0 - 0.5 0.5 0.5 0.5 0.5 0.83333333333333 0.5 0.5 0.55555555555556 0.8 
1262306604 0.5 0 - 0.5 0.5 0.5 0.5 0.5 0.83333333333333 0.5 0.5 0.55555555555556 0.8 
1262306652 0.5 0 - 0.5 0.5 0.5 0.5 0.5 0.83333333333333 0.5 0.5 0.55555555555556 0.8 
1262306679 0.5 0 - 0.5 0.5 0.5 0.5 0.5 0.83333333333333 0.5 0.5 0.55555555555556 0.57142857142857 
1262306704 0.5 0 - 0.5 0.5 0.5 0.5 0.5 0.83333333333333 0.5 0.5 0.55555555555556 0.57142857142857 
1262306752 0.5 0 - 0.5 0.5 0.5 0.5 0.5 0.83333333333333 0.5 0.5 0.55555555555556 0.57142857142857 
1262306779 0.5 0 - 0.5 0.5 0.5 0.5 0.5 0.83333333333333 0.5 0.5 0.55555555555556 0.57142857142857 
1262306804 0.5 0 - 0.5 0.5 0.5 0.5 0.5 0.83333333333333 0.5 0.5 0.55555555555556 0.57142857142857 
1262306852 0.5 0 - 0.5 0.5 0.5 0.5 0.5 0.83333333333333 0.5 0.5 0.55555555555556 0.57142857142857 
1262306879 0.5 0 - 0.5 0.5 0.5 0.5 0.5 0.83333333333333 0.5 0.5 0.55555555555556 0.57142857142857 
1262306904 0.5 0 - 0.5 0.5 0.5 0.5 0.5 0.83333333333333 0.5 0.5 0.55555555555556 0.57142857142857 
1262306943 0.5 0 - 0.5 0.5 0.5 0.5 0.5 0.83333333333333 0.5 0.5 0.55555555555556 0.57142857142857 
1262306952 0.5 0 - 0.5 0.5 0.5 0.5 0.5 0.83333333333333 0.5 0.5 0.55555555555556 0.57142857142857 
1262306979 0.5 0 - 0.5 0.5 0.5 0.5 0.5 0.83333333333333 0.5 0.5 0.55555555555556 0.57142857142857 
1262307004 0.5 0 - 0.5 0.5 0.5 0.5 0.5 0.83333333333333 0.5 0.5 0.55555555555556 0.57142857142857 
1262307043 0.5 0 - 0.5 0.5 0.5 0.5 0.5 0.83333333333333 0.5 0.5 0.5 0.57142857142857 
1262307052 0.5 0 - 0.5 0.5 0.5 0.5 0.5 0.83333333333333 0.5 0.5 0.5 0.57142857142857 
1262307079 0.5 0 - 0.5 0.5 0.5 0.5 0.5 0.83333333333333 0.5 0.5 0.5 0.57142857142857 
1262307104 0.5 0 - 0.5 0.5 0.5 0.5 0.5 0.83333333333333 0.5 0.5 0.5 0.57142857142857 
1262307143 0.5 0 - 0.5 0.5 0.5 0.5 0.5 0.83333333333333 0.5 0.5 0.5 0.57142857142857 
1262307152 0.5 0 - 0.5 0.5 0.5 0.5 0.5 0.83333333333333 0.5 0.5 0.5 0.57142857142857 
1262307179 0.5 0 - 0.5 0.5 0.5 0.5 0.5 0.83333333333333 0.5 0.5 0.5 0.57142857142857 
1262307204 0.5 0 - 0.5 0.5 0.5 0.5 0.5 0.83333333333333 0.5 0.5 0.5 0.57142857142857 
1262307224 0.5 0 - 0.5 0.5 0.5 0.5 0.5 0.83333333333333 0.5 0.5 0.5 0.57142857142857 
1262307243 0.5 0 - 0.5 0.5 0.5 0.5 0.5 0.83333333333333 0.5 0.5 0.5 0.57142857142857 
1262307252 0.5 0 - 0.5 0.5 0.5 0.5 0.5 0.83333333333333 0.5 0.5 0.5 0.57142857142857 
1262307279 0.5 0 - 0.5 0.5 0.5 0.5 0.5 0.83333333333333 0.5 0.5 0.5 0.5 
1262307304 0.5 0 - 0.5 0.5 0.5 0.5 0.5 0.83333333333333 0.5 0.6 0.5 0.5 
1262307324 0.5 0 - 0.5 0.5 0.5 0.5 0.5 0.83333333333333 0.5 0.6 0.5 0.5 
1262307343 0.5 0 - 0.5 0.5 0.5 0.5 0.5 0.83333333333333 0.5 0.6 0.5 0.5 
1262307352 0.5 0 - 0.5 0.5 0.5 0.5 0.5 0.83333333333333 0.5 0.6 0.5 0.5 
1262307379 0.5 0 - 0.5 0.5 0.5 0.5 0.5 0.83333333333333 0.5 0.6 0.5 0.5 
1262307404 0.5 0 - 0.6 0.5 0.5 0.5 0.5 0.83333333333333 0.5 0.6 0.5 0.5 
1262307424 0.5 0 - 0.6 0.5 0.5 0.5 0.5 0.83333333333333 0.5 0.6 0.5 0.5 
1262307443 0.5 0 - 0.6 0.5 0.5 0.5 0.5 0.83333333333333 0.5 0.6 0.5 0.5 
1262307452 0.5 0 - 0.6 0.5 0.5 0.5 0.5 0.83333333333333 0.5 0.6 0.5 0.5 
1262307479 0.5 0 - 0.6 0.5 0.5 0.5 0.5 0.83333333333333 0.5 0.6 0.5 0.5 
1262307504 0.5 0 - 0.5 0.5 0.5 0.5 0.5 0.83333333333333 0.5 0.6 0.5 0.5 
1262307524 0.5 0 - 0.5 0.5 0.5 0.5 0.6 0.83333333333333 0.5 0.6 0.5 0.5 
1262307543 0.5 0 - 0.5 0.5 0.5 0.5 0.6 0.83333333333333 0.5 0.6 0.5 0.5 
1262307552 0.5 0 - 0.5 0.5 0.5 0.5 0.6 0.875 0.5 0.6 0.5 0.5 
1262307579 0.5 0 - 0.5 0.5 0.5 0.5 0.6 0.875 0.5 0.6 0.5 0.6 
1262307602 0.5 0 - 0.5 0.5 0.5 0.5 0.6 0.875 0.5 0.6 0.5 0.6 
1262307604 0.5 0 - 0.5 0.5 0.5 0.5 0.6 0.875 0.5 0.6 0.5 0.6 
1262307624 0.5 0 - 0.5 0.5 0.5 0.5 0.6 0.875 0.5 0.6 0.5 0.6 
1262307643 0.5 0 - 0.5 0.5 0.5 0.5 0.6 0.875 0.5 0.6 0.5 0.6 
1262307652 0.5 0 - 0.5 0.5 0.5 0.5 0.6 0.875 0.5 0.6 0.5 0.6 
1262307679 0.5 0 - 0.5 0.5 0.5 0.5 0.6 0.875 0.5 0.6 0.5 0.6 
1262307702 0.5 0 - 0.5 0.5 0.5 0.5 0.6 0.875 0.5 0.6 0.5 0.6 
1262307704 0.5 0 - 0.5 0.5 0.5 0.5 0.6 0.875 0.5 0.6 0.5 0.6 
1262307724 0.5 0 - 0.5 0.5 0.5 0.5 0.6 0.875 0.5 0.6 0.5 0.6 
1262307743 0.5 0 - 0.5 0.5 0.5 0.5 0.6 0.875 0.5 0.6 0.5 0.6 
1262307752 0.5 0 - 0.5 0.5 0.5 0.5 0.6 0.6 0.5 0.6 0.5 0.6 
1262307779 0.5 0 - 0.5 0.5 0.5 0.5 0.6 0.6 0.5 0.6 0.5 0.6 
1262307802 0.5 0 - 0.5 0.5 0.5 0.5 0.6 0.6 0.5 0.6 0.5 0.6 
1262307804 0.5 0 - 0.5 0.5 0.5 0.5 0.6 0.6 0.5 0.6 0.5 0.6 
1262307824 0.5 0 - 0.5 0.5 0.5 0.5 0.5 0.6 0.5 0.6 0.5 0.6 
1262307843 0.5 0 - 0.5 0.5 0.5 0.5 0.5 0.6 0.5 0.6 0.5 0.6 
1262307852 0.5 0 - 0.5 0.5 0.5 0.5 0.5 0.6 0.5 0.6 0.5 0.6 
1262307879 0.5 0 - 0.5 0.5 0.5 0.5 0.5 0.6 0.5 0.6 0.5 0.6 
1262307902 0.5 0 - 0.5 0.5 0.5 0.5 0.5 0.6 0.5 0.6 0.5 0.6 
1262307904 0.5 0 - 0.5 0.5 0.5 0.5 0.5 0.6 0.5 0.6 0.5 0.6 
1262307924 0.5 0 - 0.5 0.5 0.5 0.5 0.5 0.6 0.5 0.6 0.5 0.6 
1262307943 0.5 0 - 0.5 0.5 0.5 0.5 0.5 0.6 0.5 0.6 0.5 0.6 
1262307952 0.5 0 - 0.5 0.5 0.5 0.5 0.5 0.6 0.5 0.6 0.5 0.6 
1262307979 0.5 0 - 0.5 0.5 0.5 0.5 0.5 0.6 0.5 0.6 0.5 0.6 
1262308002 0.5 0 - 0.5 0.5 0.5 0.5 0.5 0.6 0.5 0.6 0.5 0.6 
1262308004 0.5 0 - 0.5 0.5 0.5 0.5 0.5 0.6 0.5 0.6 0.5 0.6 
1262308024 0.5 0 - 0.5 0.5 0.5 0.5 0.5 0.6 0.5 0.6 0.5 0.6 
1262308043 0.5 0 - 0.5 0.5 0.5 0.5 0.5 0.6 0.5 0.6 0.5 0.6 
1262308052 0.5 0 - 0.5 0.5 0.5 0.5 0.5 0.6 0.5 0.6 0.5 0.6 
1262308079 0.5 0 - 0.5 0.5 0.5 0.5 0.5 0.6 0.5 0.6 0.5 0.6 
1262308102 0.5 0 - 0.5 0.5 0.5 0.5 0.5 0.6 0.5 0.6 0.5 0.6 
1262308104 0.5 0 - 0.5 0.5 0.5 0.5 0.5 0.6 0.5 0.6 0.5 0.6 
1262308124 0.5 0 - 0.5 0.5 0.5 0.5 0.5 0.6 0.5 0.6 0.5 0.6 
1262308143 0.5 0 - 0.5 0.5 0.5 0.5 0.5 0.6 0.5 0.6 0.5 0.6 
1262308152 0.5 0 - 0.5 0.5 0.5 0.5 0.5 0.6 0.5 0.6 0.5 0.6 
1262308179 0.5 0 - 0.5 0.5 0.5 0.5 0.5 0.6 0.5 0.6 0.5 0.6 
1262308202 0.5 0 - 0.5 0.5 0.5 0.5 0.5 0.6 0.5 0.6 0.5 0.6 
1262308204 0.5 0 - 0.5 0.5 0.5 0.5 0.5 0.6 0.5 0.6 0.5 0.6 
1262308224 0.5 0 - 0.5 0.5 0.5 0.5 0.5 0.6 0.5 0.6 0.5 0.6 
1262308243 0.5 0 - 0.5 0.5 0.5 0.5 0.5 0.6 0.5 0.6 0.5 0.6 
1262308252 0.5 0 - 0.5 0.5 0.5 0.5 0.5 0.6 0.5 0.6 0.5 0.6 
1262308279 0.5 0 - 0.5 0.5 0.5 0.5 0.5 0.6 0.5 0.6 0.5 0.6 
1262308302 0.5 0 - 0.5 0.5 0.5 0.5 0.5 0.6 0.5 0.6 0.5 0.6 
1262308304 0.5 0 - 0.5 0.5 0.5 0.5 0.5 0.6 0.5 0.6 0.5 0.6 
1262308324 0.5 0 - 0.5 0.5 0.5 0.5 0.5 0.6 0.5 0.6 0.5 0.6 
1262308343 0.5 0 - 0.5 0.5 0.5 0.5 0.5 0.6 0.5 0.6 0.5 0.6 
1262308352 0.5 0 - 0.5 0.5 0.5 0.5 0.5 0.6 0.5 0.6 0.5 0.6 
1262308379 0.5 0 - 0.5 0.5 0.5 0.5 0.5 0.6 0.5 0.6 0.5 0.6 
1262308402 0.5 0 - 0.5 0.5 0.5 0.5 0.5 0.6 0.5 0.6 0.5 0.6 
1262308404 0.5 0 - 0.5 0.5 0.5 0.5 0.5 0.6 0.5 0.6 0.5 0.6 
1262308419 0.5 0 - 0.5 0.5 0.5 0.5 0.5 0.6 0.5 0.6 0.5 0.6 
1262308424 0.5 0 - 0.5 0.5 0.5 0.5 0.5 0.6 0.5 0.6 0.5 0.6 
1262308443 0.5 0 - 0.5 0.5 0.5 0.5 0.5 0.6 0.5 0.6 0.5 0.6 
1262308452 0.5 0 - 0.5 0.5 0.5 0.5 0.5 0.6 0.5 0.6 0.5 0.6 
1262308479 0.5 0 - 0.5 0.5 0.5 0.5 0.5 0.6 0.5 0.6 0.5 0.6 
