arrived:	node2#19	1
arrived:	node2#16	1
arrived:	node3#17	1
arrived:	node2#47	1
arrived:	node2#6	1
arrived:	node2#18	1
arrived:	node2#30	1
arrived:	node2#28	1
arrived:	node2#29	1
arrived:	node2#56	1
arrived:	node2#31	1
arrived:	node2#4	1
arrived:	node3#19	1
arrived:	node3#42	1
arrived:	node2#10	1
arrived:	node3#44	1
arrived:	node3#40	1
arrived:	node2#17	1
arrived:	node2#5	1
arrived:	node2#46	1
arrived:	node3#16	1
arrived:	node2#60	1
arrived:	node3#15	1
arrived:	node3#18	1
arrived:	node2#9	1
arrived:	node2#12	1
arrived:	node2#7	1
arrived:	node2#58	1
arrived:	node2#43	1
arrived:	node2#59	1
arrived:	node2#41	1
arrived:	node2#3	1
arrived:	node2#45	1
arrived:	node2#48	1
arrived:	node2#11	1
arrived:	node2#32	1
arrived:	node2#13	1
arrived:	node2#14	1
arrived:	node2#57	1
arrived:	node2#8	1
arrived:	node2#42	1
arrived:	node3#41	1
arrived:	node2#44	1
arrived:	node3#43	1
NOTIFS:
node2	:	60	sent
node3	:	60	sent
SUBS:
on	node2
	node2	:	34	received
on	node3
	node3	:	10	received
1262304604 0.5 - - 0.5 - 0.5 - 0.5 - - - - - 
1262304704 0.5 - - 0.5 - 0.5 - 0.5 - - - - - 
1262304804 0.5 - - 0.5 0.5 0.5 0.5 0.5 - - - - - 
1262304904 0.5 - - 0.5 0.5 0.5 0.5 0.5 - - - - - 
1262305004 0.5 - - 0.5 0.5 0.5 0.5 0.5 - - - - - 
1262305104 0.5 - - 0.5 0.5 0.5 0.5 0.5 - - - - - 
1262305204 0.5 - - 0.5 0.5 0.5 0.5 0.5 - - - - - 
1262305304 0.5 0 - 0.5 0.5 0.5 0.5 0.5 - 0 - - 0 
1262305404 0.5 0 - 0.5 0.5 0.5 0.5 0.5 - 0.5 - - 0.66666666666667 
1262305504 0.5 0 - 0.5 0.5 0.5 0.5 0.5 - 0.5 0 1 0.66666666666667 
1262305604 0.5 0 - 0.5 0.5 0.5 0.5 0.5 - 0.5 0.4 0.6 0.57142857142857 
1262305704 0.5 0 - 0.5 0.5 0.5 0.5 0.5 - 0.5 0.44444444444444 0.6 0.5 
1262305804 0.5 0 - 0.5 0.5 0.5 0.5 0.5 1 0.5 0.4 0.5 0.5 
1262305904 0.5 0 - 0.4 0.4 0.5 0.7 0.5 0.5 0.5 0.4 0.5 0.5 
1262306004 0.5 0 - 0.4 0.4 0.5 0.7 0.5 0.5 0.5 0.4 0.5 0.5 
1262306104 0.5 0 1 0.4 0.4 0.5 0.7 0.5 0.5 0.5 0.4 0.5 0.5 
1262306204 0.5 0 1 0.4 0.4 0.5 0.7 0.5 0.5 0.5 0.4 0.5 0.5 
1262306304 0.5 0 1 0.5 0.5 0.5 0.5 0.5 0.5 0.5 0.4 0.5 0.5 
1262306404 0.5 0 1 0.5 0.5 0.5 0.5 0.5 0.5 0.3 0.4 0.5 0.5 
1262306504 0.5 0 1 0.5 0.5 0.5 0.5 0.4 0.5 0.3 0.4 0.5 0.5 
1262306541 0.5 0 1 0.5 0.5 0.5 0.5 0.4 0.5 0.3 0.4 0.5 0.5 
1262306604 0.5 0 1 0.5 0.5 0.5 0.5 0.4 0.5 0.4 0.4 0.5 0.5 
1262306621 0.5 0 1 0.5 0.5 0.5 0.5 0.4 0.5 0.4 0.4 0.5 0.5 
1262306641 0.5 0 1 0.5 0.5 0.5 0.5 0.4 0.5 0.4 0.4 0.5 0.5 
1262306704 0.5 0 1 0.5 0.5 0.5 0.5 0.4 0.5 0.4 0.4 0.5 0.5 
1262306721 0.5 0 1 0.5 0.5 0.5 0.5 0.4 0.5 0.4 0.4 0.5 0.5 
1262306741 0.5 0 1 0.5 0.5 0.5 0.5 0.4 0.5 0.4 0.4 0.5 0.5 
1262306804 0.5 0 1 0.5 0.5 0.5 0.5 0.4 0.5 0.4 0.4 0.5 0.5 
1262306810 0.5 0 1 0.5 0.5 0.5 0.5 0.4 0.5 0.4 0.4 0.5 0.5 
1262306821 0.5 0 1 0.5 0.5 0.5 0.5 0.4 0.5 0.4 0.4 0.5 0.5 
1262306904 0.5 0 1 0.5 0.5 0.5 0.5 0.4 0.5 0.4 0.4 0.5 0.5 
1262306910 0.5 0 1 0.5 0.5 0.5 0.5 0.4 0.5 0.4 0.4 0.5 0.5 
1262306921 0.5 0 1 0.5 0.5 0.5 0.5 0.4 0.5 0.4 0.4 0.5 0.5 
1262306999 0.5 0 1 0.5 0.5 0.5 0.5 0.4 0.5 0.4 0.4 0.5 0.5 
1262307004 0.5 0 1 0.5 0.5 0.5 0.5 0.5 0.5 0.4 0.4 0.5 0.5 
1262307010 0.5 0 1 0.5 0.5 0.5 0.5 0.5 0.5 0.4 0.4 0.5 0.5 
1262307021 0.5 0 1 0.5 0.5 0.5 0.5 0.5 0.5 0.4 0.4 0.5 0.5 
1262307099 0.5 0 1 0.5 0.5 0.5 0.5 0.5 0.5 0.4 0.4 0.5 0.5 
1262307104 0.5 0 1 0.5 0.5 0.5 0.5 0.5 0.5 0.4 0.4 0.5 0.5 
1262307110 0.5 0 1 0.5 0.5 0.5 0.5 0.5 0.5 0.4 0.4 0.5 0.5 
1262307121 0.5 0 1 0.5 0.5 0.5 0.5 0.5 0.5 0.4 0.4 0.5 0.5 
1262307199 0.5 0 1 0.5 0.5 0.5 0.5 0.5 0.5 0.4 0.4 0.5 0.5 
1262307204 0.5 0 1 0.5 0.5 0.5 0.5 0.5 0.5 0.4 0.5 0.5 0.5 
1262307210 0.5 0 1 0.5 0.5 0.5 0.5 0.5 0.5 0.4 0.5 0.5 0.5 
1262307221 0.5 0 1 0.5 0.5 0.5 0.5 0.5 0.5 0.4 0.5 0.5 0.5 
1262307299 0.5 0 1 0.5 0.5 0.5 0.5 0.5 0.5 0.4 0.5 0.5 0.5 
1262307304 0.5 0 1 0.5 0.5 0.5 0.5 0.5 0.5 0.4 0.5 0.5 0.5 
1262307310 0.5 0 1 0.5 0.5 0.5 0.5 0.5 0.5 0.4 0.5 0.5 0.5 
1262307321 0.5 0 1 0.5 0.5 0.5 0.5 0.5 0.5 0.4 0.5 0.5 0.5 
1262307325 0.5 0 1 0.5 0.5 0.5 0.5 0.5 0.5 0.4 0.5 0.5 0.5 
1262307399 0.5 0 1 0.5 0.5 0.5 0.5 0.5 0.5 0.4 0.5 0.5 0.5 
1262307404 0.5 0 1 0.5 0.5 0.5 0.5 0.5 0.5 0.4 0.5 0.5 0.5 
1262307410 0.5 0 1 0.5 0.5 0.5 0.5 0.5 0.5 0.4 0.5 0.5 0.5 
1262307421 0.5 0 1 0.5 0.5 0.5 0.5 0.5 0.5 0.4 0.5 0.5 0.5 
1262307425 0.5 0 1 0.5 0.5 0.5 0.5 0.5 0.5 0.4 0.5 0.5 0.5 
1262307499 0.5 0 1 0.5 0.5 0.5 0.5 0.5 0.5 0.4 0.5 0.5 0.5 
1262307504 0.5 0 1 0.5 0.5 0.5 0.5 0.5 0.5 0.4 0.5 0.5 0.5 
1262307510 0.5 0 1 0.5 0.5 0.5 0.5 0.5 0.5 0.4 0.5 0.5 0.5 
1262307521 0.5 0 1 0.5 0.5 0.5 0.5 0.5 0.5 0.4 0.5 0.5 0.5 
1262307592 0.5 0 1 0.5 0.5 0.5 0.5 0.5 0.5 0.4 0.5 0.5 0.5 
1262307599 0.5 0 1 0.5 0.5 0.5 0.5 0.5 0.5 0.4 0.5 0.5 0.5 
1262307604 0.5 0 1 0.5 0.5 0.5 0.5 0.5 0.5 0.4 0.5 0.5 0.5 
1262307610 0.5 0 1 0.5 0.5 0.5 0.5 0.5 0.5 0.4 0.5 0.5 0.5 
1262307621 0.5 0 1 0.5 0.5 0.5 0.5 0.5 0.5 0.4 0.5 0.5 0.5 
1262307692 0.5 0 1 0.5 0.5 0.5 0.5 0.5 0.5 0.4 0.5 0.5 0.5 
1262307699 0.5 0 1 0.5 0.5 0.5 0.5 0.5 0.5 0.4 0.5 0.5 0.5 
1262307704 0.5 0 1 0.5 0.5 0.5 0.5 0.4 0.5 0.4 0.5 0.5 0.5 
1262307710 0.5 0 1 0.5 0.5 0.5 0.5 0.4 0.5 0.4 0.5 0.5 0.5 
1262307711 0.5 0 1 0.5 0.5 0.4 0.5 0.4 0.5 0.4 0.5 0.5 0.5 
1262307721 0.5 0 1 0.5 0.5 0.4 0.5 0.4 0.5 0.4 0.5 0.5 0.5 
1262307792 0.5 0 1 0.5 0.5 0.4 0.5 0.4 0.5 0.4 0.5 0.5 0.5 
1262307799 0.5 0 1 0.5 0.5 0.4 0.5 0.4 0.5 0.4 0.5 0.5 0.5 
1262307801 0.5 0 1 0.5 0.5 0.4 0.5 0.4 0.5 0.4 0.5 0.5 0.5 
1262307804 0.5 0 1 0.5 0.5 0.4 0.5 0.5 0.5 0.5 0.5 0.5 0.5 
1262307810 0.5 0 1 0.5 0.5 0.4 0.5 0.5 0.5 0.5 0.5 0.5 0.5 
1262307811 0.5 0 1 0.5 0.5 0.4 0.5 0.5 0.5 0.5 0.5 0.5 0.5 
1262307892 0.5 0 1 0.5 0.5 0.4 0.5 0.5 0.5 0.5 0.5 0.6 0.5 
1262307899 0.5 0 1 0.5 0.5 0.4 0.5 0.5 0.5 0.5 0.5 0.6 0.5 
1262307901 0.5 0 1 0.5 0.5 0.4 0.5 0.5 0.5 0.5 0.6 0.6 0.5 
1262307904 0.5 0 1 0.5 0.5 0.4 0.5 0.5 0.5 0.5 0.6 0.6 0.5 
1262307910 0.5 0 1 0.5 0.5 0.4 0.5 0.5 0.5 0.5 0.6 0.6 0.5 
1262307911 0.5 0 1 0.5 0.5 0.4 0.5 0.5 0.5 0.5 0.6 0.6 0.5 
1262307992 0.5 0 1 0.5 0.5 0.4 0.5 0.5 0.5 0.5 0.6 0.6 0.5 
1262307995 0.5 0 1 0.5 0.5 0.4 0.5 0.5 0.5 0.5 0.6 0.6 0.5 
1262307999 0.5 0 1 0.5 0.5 0.4 0.5 0.5 0.5 0.5 0.6 0.6 0.5 
1262308001 0.5 0 1 0.5 0.5 0.4 0.5 0.5 0.5 0.5 0.6 0.6 0.5 
1262308004 0.5 0 1 0.5 0.5 0.4 0.5 0.5 0.5 0.5 0.6 0.6 0.5 
1262308010 0.5 0 1 0.5 0.5 0.4 0.5 0.5 0.5 0.5 0.6 0.6 0.5 
1262308011 0.5 0 1 0.5 0.5 0.5 0.5 0.5 0.5 0.5 0.6 0.6 0.5 
1262308092 0.5 0 1 0.5 0.5 0.5 0.5 0.5 0.5 0.5 0.6 0.6 0.5 
1262308095 0.5 0 1 0.5 0.5 0.5 0.5 0.5 0.5 0.5 0.6 0.6 0.5 
1262308101 0.5 0 1 0.5 0.5 0.5 0.5 0.5 0.5 0.5 0.6 0.6 0.5 
1262308104 0.5 0 1 0.5 0.5 0.5 0.5 0.5 0.5 0.6 0.6 0.6 0.5 
1262308110 0.5 0 1 0.5 0.5 0.5 0.5 0.5 0.5 0.6 0.6 0.6 0.5 
1262308111 0.5 0 1 0.5 0.5 0.5 0.5 0.5 0.5 0.6 0.6 0.6 0.5 
1262308192 0.5 0 1 0.5 0.5 0.5 0.5 0.5 0.5 0.6 0.6 0.6 0.5 
1262308195 0.5 0 1 0.5 0.5 0.5 0.5 0.5 0.5 0.6 0.6 0.6 0.5 
1262308200 0.5 0 1 0.5 0.5 0.5 0.5 0.5 0.5 0.6 0.6 0.6 0.5 
1262308201 0.5 0 1 0.5 0.5 0.5 0.5 0.5 0.5 0.6 0.6 0.6 0.5 
1262308204 0.5 0 1 0.5 0.5 0.5 0.5 0.5 0.5 0.6 0.6 0.6 0.5 
1262308210 0.5 0 1 0.5 0.5 0.5 0.5 0.5 0.5 0.6 0.6 0.6 0.5 
1262308211 0.5 0 1 0.5 0.5 0.5 0.5 0.5 0.5 0.6 0.6 0.6 0.5 
1262308292 0.5 0 1 0.5 0.5 0.5 0.5 0.5 0.5 0.6 0.6 0.6 0.5 
1262308300 0.5 0 1 0.5 0.5 0.5 0.5 0.5 0.5 0.6 0.6 0.6 0.5 
1262308301 0.5 0 1 0.5 0.5 0.5 0.5 0.5 0.5 0.6 0.6 0.6 0.5 
1262308304 0.5 0 1 0.5 0.5 0.5 0.5 0.5 0.5 0.6 0.6 0.6 0.5 
1262308310 0.5 0 1 0.5 0.5 0.5 0.5 0.5 0.5 0.6 0.6 0.6 0.5 
1262308311 0.5 0 1 0.5 0.5 0.5 0.5 0.5 0.5 0.6 0.6 0.6 0.5 
1262308392 0.5 0 1 0.5 0.5 0.5 0.5 0.5 0.5 0.6 0.6 0.6 0.5 
1262308400 0.5 0 1 0.5 0.5 0.5 0.5 0.5 0.5 0.6 0.6 0.6 0.5 
1262308401 0.5 0 1 0.5 0.5 0.5 0.5 0.5 0.5 0.6 0.6 0.6 0.5 
1262308404 0.5 0 1 0.5 0.5 0.5 0.5 0.5 0.5 0.6 0.6 0.6 0.5 
1262308410 0.5 0 1 0.5 0.5 0.5 0.5 0.5 0.5 0.6 0.6 0.6 0.5 
1262308411 0.5 0 1 0.5 0.5 0.5 0.5 0.5 0.5 0.6 0.6 0.6 0.5 
1262308429 0.5 0 1 0.5 0.5 0.5 0.5 0.5 0.5 0.6 0.6 0.6 0.5 
1262308492 0.5 0 1 0.5 0.5 0.5 0.5 0.5 0.5 0.6 0.6 0.6 0.5 
