arrived:	node2#3	1
arrived:	node2#1	1
arrived:	node2#40	1
arrived:	node3#17	1
arrived:	node2#2	1
arrived:	node3#27	1
arrived:	node2#6	1
arrived:	node2#15	1
arrived:	node2#30	1
arrived:	node2#28	1
arrived:	node2#29	1
arrived:	node2#27	1
arrived:	node2#4	1
arrived:	node2#26	1
arrived:	node2#24	1
arrived:	node2#25	1
arrived:	node2#23	1
arrived:	node2#5	1
arrived:	node2#60	1
arrived:	node3#26	1
arrived:	node2#13	1
arrived:	node2#14	1
arrived:	node2#33	1
arrived:	node2#17	1
arrived:	node2#41	1
arrived:	node3#25	1
arrived:	node2#59	1
arrived:	node2#16	1
arrived:	node2#32	1
arrived:	node2#55	1
arrived:	node2#58	1
arrived:	node2#57	1
arrived:	node2#42	1
arrived:	node2#43	1
arrived:	node2#7	1
arrived:	node2#39	1
arrived:	node2#31	1
NOTIFS:
node2	:	60	sent
node3	:	60	sent
SUBS:
on	node2
	node2	:	33	received
on	node3
	node3	:	4	received
1262304604 0.5 - - 0.5 0.5 0.5 - - - - - - - 
1262304704 0.5 - - 0.5 0.5 0.5 - - - - - - - 
1262304804 0.5 - - 0.5 0.5 0.5 0.5 - - - - - - 
1262304904 0.4 - - 0.4 0.5 0.5 0.5 - - - - - - 
1262305004 0.5 0 - 0.4 0.5 0.5 0.5 0.44444444444444 - - - - - 
1262305104 0.5 0 - 0.4 0.5 0.5 0.5 0.44444444444444 - - - - - 
1262305204 0.5 0 - 0.4 0.5 0.5 0.5 0.44444444444444 - 0.5 0.5 - - 
1262305304 0.5 0 - 0.4 0.5 0.5 0.5 0.44444444444444 - 0.5 0.5 - - 
1262305321 0.5 0 - 0.4 0.5 0.5 0.5 0.44444444444444 - 0.5 0.5 - - 
1262305404 0.5 0 - 0.4 0.5 0.5 0.5 0.44444444444444 - 0.5 0.5 - - 
1262305421 0.5 0 - 0.4 0.5 0.5 0.5 0.44444444444444 - 0.5 0.5 - - 
1262305504 0.5 0 - 0.4 0.5 0.5 0.5 0.44444444444444 - 0.5 0.5 - - 
1262305521 0.5 0 - 0.4 0.5 0.5 0.5 0.44444444444444 - 0.5 0.5 - - 
1262305525 0.5 0 - 0.4 0.5 0.5 0.5 0.44444444444444 - 0.5 0.5 - - 
1262305604 0.5 0 - 0.5 0.5 0.5 0.5 0.5 - 0.5 0.5 - - 
1262305621 0.5 0 - 0.5 0.5 0.5 0.5 0.5 - 0.5 0.5 - - 
1262305625 0.5 0 - 0.5 0.5 0.5 0.5 0.5 - 0.5 0.5 - - 
1262305704 0.5 0 - 0.5 0.5 0.5 0.5 0.5 0.5 0.5 0.5 0.5 - 
1262305721 0.5 0 - 0.5 0.5 0.5 0.5 0.5 0.5 0.5 0.5 0.5 - 
1262305725 0.5 0 - 0.5 0.5 0.5 0.5 0.5 0.5 0.5 0.5 0.5 - 
1262305804 0.5 0 - 0.5 0.5 0.5 0.5 0.5 0.5 0.5 0.5 0.5 1 
1262305821 0.5 0 - 0.5 0.5 0.5 0.5 0.5 0.5 0.5 0.5 0.5 1 
1262305825 0.5 0 - 0.5 0.5 0.5 0.5 0.5 0.5 0.5 0.5 0.5 1 
1262305904 0.5 0 - 0.5 0.5 0.5 0.5 0.5 0.5 0.5 0.5 0.5 1 
1262305921 0.5 0 - 0.5 0.5 0.5 0.5 0.5 0.5 0.5 0.5 0.5 1 
1262305925 0.5 0 - 0.5 0.5 0.5 0.5 0.5 0.5 0.5 0.5 0.5 1 
1262306004 0.5 0 - 0.5 0.5 0.5 0.5 0.5 0.5 0.5 0.5 0.5 1 
1262306021 0.5 0 - 0.5 0.5 0.5 0.5 0.5 0.5 0.5 0.5 0.5 1 
1262306025 0.5 0 - 0.5 0.5 0.5 0.5 0.5 0.5 0.5 0.5 0.5 1 
1262306104 0.5 0 - 0.5 0.5 0.5 0.5 0.5 0.5 0.5 0.5 0.5 1 
1262306121 0.5 0 - 0.5 0.5 0.5 0.5 0.5 0.5 0.5 0.5 0.5 1 
1262306125 0.5 0 - 0.5 0.5 0.5 0.5 0.5 0.5 0.5 0.5 0.5 1 
1262306204 0.5 0 - 0.5 0.5 0.5 0.5 0.5 0.5 0.5 0.5 0.5 1 
1262306221 0.5 0 - 0.5 0.5 0.5 0.5 0.5 0.5 0.5 0.5 0.5 1 
1262306225 0.5 0 - 0.5 0.5 0.5 0.5 0.5 0.5 0.5 0.5 0.5 1 
1262306304 0.5 0 - 0.5 0.5 0.5 0.5 0.5 0.5 0.5 0.5 0.5 1 
1262306321 0.5 0 - 0.5 0.5 0.5 0.5 0.5 0.5 0.5 0.5 0.5 1 
1262306325 0.5 0 - 0.5 0.5 0.5 0.5 0.5 0.5 0.5 0.5 0.5 1 
1262306404 0.5 0 - 0.5 0.5 0.5 0.5 0.5 0.5 0.5 0.5 0.5 1 
1262306421 0.5 0 - 0.5 0.5 0.5 0.5 0.5 0.5 0.5 0.5 0.5 1 
1262306425 0.5 0 - 0.5 0.5 0.5 0.5 0.5 0.5 0.5 0.5 0.5 1 
1262306504 0.5 0 - 0.4 0.5 0.5 0.5 0.5 0.4 0.5 0.5 0.3 1 
1262306521 0.5 0 - 0.4 0.5 0.5 0.5 0.5 0.4 0.5 0.5 0.3 1 
1262306525 0.5 0 - 0.4 0.5 0.5 0.5 0.5 0.4 0.5 0.5 0.3 1 
1262306604 0.5 0 - 0.4 0.5 0.5 0.5 0.5 0.6 0.5 0.5 0.6 1 
1262306621 0.5 0 - 0.4 0.5 0.5 0.5 0.5 0.6 0.5 0.5 0.6 1 
1262306625 0.5 0 - 0.4 0.5 0.5 0.5 0.5 0.6 0.5 0.5 0.6 1 
1262306704 0.5 0 - 0.4 0.5 0.5 0.5 0.5 0.6 0.5 0.4 0.6 1 
1262306721 0.5 0 - 0.4 0.5 0.5 0.5 0.5 0.6 0.5 0.4 0.6 1 
1262306725 0.5 0 - 0.4 0.5 0.5 0.5 0.5 0.6 0.5 0.4 0.6 1 
1262306804 0.5 0 - 0.4 0.5 0.5 0.4 0.4 0.6 0.5 0.4 0.6 1 
1262306821 0.5 0 - 0.4 0.5 0.5 0.4 0.4 0.6 0.5 0.4 0.6 1 
1262306825 0.5 0 - 0.4 0.5 0.5 0.4 0.4 0.6 0.5 0.4 0.6 1 
1262306904 0.5 0 - 0.4 0.5 0.5 0.4 0.4 0.6 0.7 0.4 0.6 0.875 
1262306921 0.5 0 - 0.4 0.5 0.5 0.4 0.4 0.6 0.7 0.4 0.6 0.875 
1262306925 0.5 0 - 0.4 0.5 0.5 0.4 0.4 0.6 0.7 0.4 0.6 0.875 
1262306999 0.5 0 - 0.4 0.5 0.5 0.4 0.4 0.6 0.7 0.4 0.6 0.875 
1262307004 0.5 0 1 0.4 0.5 0.5 0.4 0.4 0.6 0.7 0.4 0.6 0.875 
1262307021 0.5 0 1 0.4 0.5 0.5 0.4 0.4 0.6 0.7 0.4 0.6 0.875 
1262307025 0.5 0 1 0.4 0.5 0.5 0.4 0.4 0.6 0.7 0.4 0.6 0.875 
1262307099 0.5 0 1 0.4 0.5 0.5 0.4 0.4 0.6 0.7 0.4 0.6 0.875 
1262307104 0.5 0 1 0.5 0.5 0.5 0.5 0.5 0.6 0.7 0.5 0.6 0.875 
1262307121 0.5 0 1 0.5 0.5 0.5 0.5 0.5 0.6 0.7 0.5 0.6 0.875 
1262307199 0.5 0 1 0.5 0.5 0.5 0.5 0.5 0.6 0.7 0.5 0.6 0.875 
1262307204 0.5 0 1 0.5 0.5 0.5 0.5 0.5 0.6 0.7 0.5 0.6 0.875 
1262307221 0.5 0 1 0.5 0.5 0.5 0.5 0.5 0.6 0.7 0.5 0.6 0.875 
1262307299 0.5 0 1 0.5 0.5 0.5 0.5 0.5 0.6 0.7 0.5 0.6 0.875 
1262307304 0.5 0 1 0.5 0.5 0.5 0.5 0.5 0.6 0.7 0.5 0.6 0.875 
1262307310 0.5 0 1 0.5 0.5 0.5 0.5 0.5 0.6 0.7 0.5 0.6 0.875 
1262307321 0.5 0 1 0.5 0.5 0.5 0.5 0.5 0.6 0.7 0.5 0.6 0.875 
1262307399 0.5 0 1 0.5 0.5 0.5 0.5 0.5 0.6 0.7 0.5 0.6 0.875 
1262307404 0.5 0 1 0.5 0.5 0.5 0.4 0.5 0.6 0.7 0.5 0.6 0.77777777777778 
1262307410 0.5 0 1 0.5 0.5 0.5 0.4 0.5 0.6 0.7 0.5 0.6 0.77777777777778 
1262307421 0.5 0 1 0.5 0.5 0.5 0.4 0.5 0.6 0.7 0.5 0.6 0.77777777777778 
1262307499 0.5 0 1 0.5 0.5 0.5 0.4 0.5 0.6 0.7 0.5 0.6 0.77777777777778 
1262307504 0.5 0 1 0.5 0.5 0.5 0.4 0.5 0.6 0.7 0.5 0.6 0.77777777777778 
1262307510 0.5 0 1 0.5 0.5 0.5 0.4 0.5 0.6 0.7 0.5 0.6 0.77777777777778 
1262307521 0.5 0 1 0.5 0.5 0.5 0.4 0.5 0.6 0.7 0.5 0.6 0.77777777777778 
1262307599 0.5 0 1 0.5 0.5 0.5 0.4 0.5 0.6 0.7 0.5 0.6 0.77777777777778 
1262307604 0.5 0 1 0.5 0.5 0.5 0.4 0.5 0.6 0.7 0.5 0.6 0.77777777777778 
1262307610 0.5 0 1 0.5 0.5 0.5 0.4 0.5 0.6 0.7 0.5 0.6 0.77777777777778 
1262307699 0.5 0 1 0.5 0.5 0.5 0.4 0.5 0.6 0.7 0.5 0.6 0.77777777777778 
1262307704 0.5 0 1 0.5 0.5 0.5 0.4 0.5 0.6 0.7 0.5 0.6 0.5 
1262307710 0.5 0 1 0.5 0.5 0.5 0.4 0.5 0.6 0.7 0.5 0.6 0.5 
1262307727 0.5 0 1 0.5 0.5 0.5 0.4 0.5 0.6 0.7 0.5 0.6 0.5 
1262307799 0.5 0 1 0.5 0.5 0.5 0.4 0.5 0.6 0.7 0.5 0.6 0.5 
1262307804 0.5 0 1 0.5 0.5 0.5 0.4 0.5 0.5 0.7 0.5 0.6 0.5 
1262307810 0.5 0 1 0.5 0.5 0.6 0.4 0.5 0.5 0.7 0.5 0.6 0.5 
1262307822 0.5 0 1 0.5 0.5 0.6 0.4 0.5 0.5 0.7 0.5 0.6 0.5 
1262307827 0.5 0 1 0.5 0.5 0.6 0.5 0.5 0.5 0.7 0.5 0.6 0.5 
1262307899 0.5 0 1 0.5 0.6 0.6 0.5 0.5 0.5 0.7 0.5 0.6 0.5 
1262307904 0.5 0 1 0.5 0.6 0.6 0.5 0.5 0.5 0.7 0.5 0.6 0.5 
1262307910 0.5 0 1 0.5 0.6 0.6 0.5 0.5 0.5 0.7 0.5 0.6 0.5 
1262307922 0.5 0 1 0.5 0.6 0.6 0.5 0.5 0.5 0.7 0.5 0.6 0.5 
1262307927 0.5 0 1 0.5 0.6 0.6 0.5 0.5 0.5 0.7 0.5 0.6 0.5 
1262307999 0.5 0 1 0.5 0.5 0.6 0.5 0.5 0.5 0.7 0.5 0.6 0.5 
1262308004 0.5 0 1 0.5 0.5 0.6 0.5 0.5 0.5 0.7 0.5 0.6 0.5 
1262308010 0.5 0 1 0.5 0.5 0.5 0.5 0.5 0.5 0.7 0.5 0.6 0.5 
1262308022 0.5 0 1 0.5 0.5 0.5 0.5 0.5 0.5 0.7 0.5 0.6 0.5 
1262308027 0.5 0 1 0.5 0.5 0.5 0.4 0.5 0.5 0.7 0.5 0.6 0.5 
1262308099 0.5 0 1 0.5 0.5 0.5 0.4 0.5 0.5 0.7 0.5 0.6 0.5 
1262308104 0.5 0 1 0.5 0.5 0.5 0.4 0.4 0.5 0.7 0.5 0.6 0.5 
1262308110 0.5 0 1 0.5 0.5 0.5 0.4 0.4 0.5 0.7 0.5 0.6 0.5 
1262308122 0.4 0 1 0.5 0.5 0.5 0.4 0.4 0.5 0.7 0.5 0.6 0.5 
1262308127 0.4 0 1 0.5 0.5 0.5 0.4 0.4 0.5 0.7 0.5 0.6 0.5 
1262308199 0.4 0 1 0.5 0.5 0.5 0.4 0.4 0.5 0.7 0.5 0.6 0.5 
1262308204 0.4 0 1 0.5 0.5 0.5 0.4 0.4 0.5 0.7 0.5 0.6 0.5 
1262308210 0.4 0 1 0.5 0.5 0.5 0.4 0.4 0.5 0.7 0.5 0.6 0.5 
1262308222 0.4 0 1 0.5 0.5 0.5 0.4 0.4 0.5 0.7 0.5 0.6 0.5 
1262308227 0.4 0 1 0.5 0.5 0.5 0.4 0.4 0.5 0.7 0.5 0.6 0.5 
1262308299 0.4 0 1 0.5 0.5 0.5 0.4 0.4 0.5 0.7 0.5 0.6 0.5 
1262308304 0.4 0 1 0.4 0.5 0.5 0.4 0.4 0.5 0.7 0.5 0.6 0.5 
1262308322 0.4 0 1 0.4 0.5 0.5 0.4 0.4 0.5 0.7 0.5 0.6 0.5 
1262308327 0.4 0 1 0.4 0.5 0.5 0.4 0.4 0.5 0.7 0.5 0.6 0.5 
1262308399 0.4 0 1 0.4 0.4 0.5 0.4 0.4 0.5 0.7 0.5 0.6 0.5 
1262308404 0.4 0 1 0.4 0.4 0.5 0.4 0.4 0.5 0.7 0.5 0.6 0.5 
1262308422 0.4 0 1 0.4 0.4 0.5 0.4 0.4 0.5 0.7 0.5 0.6 0.5 
1262308427 0.4 0 1 0.4 0.4 0.5 0.4 0.4 0.5 0.7 0.5 0.6 0.5 
1262308451 0.4 0 1 0.4 0.4 0.5 0.4 0.4 0.5 0.7 0.5 0.6 0.5 
1262308499 0.4 0 1 0.4 0.4 0.5 0.4 0.4 0.5 0.7 0.5 0.6 0.5 
