arrived:	node2#25	1
arrived:	node2#58	1
arrived:	node2#23	1
arrived:	node2#40	1
arrived:	node2#5	1
arrived:	node2#27	1
arrived:	node2#55	1
arrived:	node2#53	1
arrived:	node2#22	1
arrived:	node2#6	1
arrived:	node2#9	1
arrived:	node2#33	1
arrived:	node2#7	1
arrived:	node2#56	1
arrived:	node2#39	1
arrived:	node2#28	1
arrived:	node2#41	1
arrived:	node2#29	1
arrived:	node2#54	1
arrived:	node2#37	1
arrived:	node2#3	1
arrived:	node2#32	1
arrived:	node2#31	1
arrived:	node2#30	1
arrived:	node2#57	1
arrived:	node2#38	1
arrived:	node2#4	1
arrived:	node2#21	1
arrived:	node2#24	1
arrived:	node2#8	1
NOTIFS:
node2	:	60	sent
node3	:	60	sent
SUBS:
on	node2
	node2	:	30	received
on	node3
	node3	:	0	received
1262304604 0.5 - - - 0.5 0.5 - 0.5 - - - - - 
1262304704 0.5 - - - 0.5 0.5 0.5 0.5 - - - - - 
1262304804 0.5 - - 0.5 0.5 0.5 0.5 0.5 - - - - - 
1262304904 0.5 - - 0.5 0.5 0.5 0.5 0.5 - - - - - 
1262305004 0.5 - - 0.5 0.5 0.5 0.5 0.5 - 0.5 - - - 
1262305104 0.5 0 - 0.5 0.5 0.5 0.5 0.5 - 0.5 - - 0.55555555555556 
1262305204 0.5 0 - 0.5 0.5 0.5 0.5 0.5 - 0.5 1 - 0.55555555555556 
1262305304 0.5 0 - 0.5 0.5 0.5 0.5 0.5 - 0.5 1 - 0.55555555555556 
1262305404 0.5 0 - 0.5 0.5 0.5 0.5 0.5 - 0.5 1 - 0.55555555555556 
1262305504 0.5 0 - 0.5 0.6 0.5 0.5 0.5 0.55555555555556 0.5 1 - 0.55555555555556 
1262305574 0.5 0 - 0.5 0.6 0.5 0.5 0.5 0.55555555555556 0.5 1 - 0.55555555555556 
1262305604 0.4 0 - 0.4 0.6 0.6 0.5 0.5 0.55555555555556 0.5 1 - 0.55555555555556 
1262305674 0.4 0 - 0.4 0.6 0.6 0.5 0.5 0.55555555555556 0.5 1 - 0.55555555555556 
1262305704 0.5 0 - 0.5 0.5 0.5 0.5 0.5 0.55555555555556 0.5 1 - 0.55555555555556 
1262305774 0.5 0 - 0.5 0.5 0.5 0.5 0.5 0.55555555555556 0.5 1 - 0.55555555555556 
1262305804 0.5 0 - 0.5 0.5 0.5 0.5 0.5 0.55555555555556 0.5 1 - 0.55555555555556 
1262305874 0.5 0 - 0.5 0.5 0.5 0.5 0.5 0.55555555555556 0.5 1 - 0.55555555555556 
1262305904 0.5 0 - 0.5 0.5 0.5 0.5 0.5 0.55555555555556 0.5 1 - 0.55555555555556 
1262305974 0.5 0 - 0.5 0.5 0.5 0.5 0.5 0.55555555555556 0.5 1 - 0.55555555555556 
1262306004 0.5 0 - 0.5 0.5 0.5 0.5 0.5 0.55555555555556 0.5 1 - 0.55555555555556 
1262306074 0.5 0 - 0.5 0.5 0.5 0.5 0.5 0.55555555555556 0.5 1 - 0.55555555555556 
1262306104 0.5 0 - 0.5 0.5 0.5 0.5 0.5 0.55555555555556 0.5 0.7 - 0.6 
1262306174 0.5 0 - 0.5 0.5 0.5 0.5 0.5 0.55555555555556 0.5 0.7 - 0.6 
1262306204 0.5 0 - 0.5 0.5 0.5 0.5 0.5 0.55555555555556 0.5 0.7 - 0.6 
1262306274 0.5 0 - 0.5 0.5 0.5 0.5 0.5 0.55555555555556 0.5 0.7 - 0.6 
1262306304 0.5 0 - 0.5 0.5 0.5 0.5 0.5 0.55555555555556 0.5 0.7 - 0.6 
1262306374 0.5 0 - 0.5 0.5 0.5 0.5 0.5 0.55555555555556 0.5 0.7 - 0.6 
1262306404 0.5 0 - 0.5 0.5 0.5 0.5 0.5 0.55555555555556 0.5 0.7 - 0.6 
1262306474 0.5 0 - 0.5 0.5 0.5 0.5 0.5 0.55555555555556 0.5 0.7 - 0.6 
1262306504 0.5 0 - 0.5 0.5 0.5 0.5 0.5 0.55555555555556 0.5 0.7 - 0.6 
1262306574 0.5 0 - 0.5 0.5 0.5 0.5 0.5 0.55555555555556 0.5 0.7 - 0.6 
1262306604 0.5 0 - 0.5 0.5 0.5 0.5 0.5 0.55555555555556 0.5 0.5 0.5 0.6 
1262306674 0.5 0 - 0.5 0.5 0.5 0.5 0.5 0.55555555555556 0.5 0.5 0.5 0.6 
1262306690 0.5 0 - 0.5 0.5 0.5 0.5 0.5 0.55555555555556 0.5 0.5 0.5 0.6 
1262306704 0.5 0 - 0.4 0.5 0.5 0.5 0.5 0.55555555555556 0.5 0.5 0.5 0.6 
1262306774 0.5 0 - 0.4 0.5 0.5 0.5 0.5 0.55555555555556 0.5 0.5 0.5 0.6 
1262306804 0.5 0 - 0.5 0.5 0.5 0.5 0.5 0.55555555555556 0.5 0.5 0.5 0.6 
1262306874 0.5 0 - 0.5 0.5 0.5 0.5 0.5 0.55555555555556 0.5 0.5 0.5 0.6 
1262306894 0.5 0 - 0.5 0.5 0.5 0.5 0.4 0.55555555555556 0.5 0.5 0.5 0.6 
1262306904 0.5 0 - 0.5 0.5 0.5 0.6 0.4 0.55555555555556 0.5 0.5 0.5 0.6 
1262306974 0.5 0 - 0.5 0.5 0.5 0.6 0.4 0.55555555555556 0.5 0.5 0.5 0.6 
1262306982 0.5 0 - 0.5 0.5 0.5 0.6 0.4 0.55555555555556 0.5 0.5 0.5 0.6 
1262306994 0.5 0 - 0.5 0.5 0.5 0.6 0.4 0.55555555555556 0.5 0.5 0.5 0.6 
1262307004 0.5 0 - 0.5 0.5 0.5 0.5 0.4 0.5 0.5 0.5 0.5 0.6 
1262307046 0.5 0 - 0.5 0.5 0.5 0.5 0.4 0.5 0.5 0.5 0.5 0.6 
1262307082 0.5 0 - 0.5 0.5 0.5 0.5 0.4 0.5 0.5 0.5 0.5 0.6 
1262307094 0.5 0 - 0.5 0.5 0.5 0.5 0.4 0.5 0.5 0.5 0.5 0.6 
1262307104 0.5 0 - 0.5 0.5 0.5 0.5 0.4 0.5 0.5 0.5 0.4 0.6 
1262307146 0.5 0 - 0.5 0.5 0.5 0.5 0.4 0.5 0.5 0.5 0.4 0.6 
1262307168 0.5 0 - 0.5 0.5 0.5 0.5 0.4 0.5 0.5 0.5 0.4 0.6 
1262307182 0.5 0 - 0.5 0.5 0.5 0.5 0.4 0.5 0.5 0.6 0.4 0.6 
1262307194 0.5 0 - 0.5 0.5 0.5 0.5 0.5 0.5 0.5 0.6 0.4 0.6 
1262307204 0.5 0 - 0.5 0.5 0.5 0.5 0.5 0.5 0.5 0.6 0.4 0.6 
1262307246 0.5 0 - 0.5 0.5 0.5 0.5 0.5 0.5 0.5 0.6 0.4 0.6 
1262307268 0.5 0 - 0.5 0.5 0.5 0.5 0.5 0.5 0.5 0.6 0.4 0.6 
1262307282 0.5 0 - 0.5 0.5 0.5 0.5 0.5 0.5 0.5 0.6 0.4 0.6 
1262307294 0.5 0 - 0.5 0.5 0.5 0.5 0.5 0.5 0.5 0.6 0.4 0.6 
1262307304 0.5 0 - 0.5 0.5 0.5 0.5 0.5 0.5 0.5 0.6 0.4 0.6 
1262307346 0.5 0 - 0.5 0.5 0.5 0.5 0.5 0.5 0.5 0.6 0.4 0.6 
1262307368 0.5 0 - 0.5 0.5 0.5 0.5 0.5 0.5 0.5 0.6 0.4 0.6 
1262307382 0.5 0 - 0.5 0.5 0.5 0.5 0.5 0.5 0.5 0.8 0.4 0.6 
1262307394 0.5 0 - 0.5 0.5 0.5 0.5 0.5 0.5 0.5 0.8 0.4 0.6 
1262307404 0.5 0 - 0.5 0.5 0.5 0.5 0.5 0.5 0.5 0.8 0.4 0.6 
1262307446 0.5 0 - 0.5 0.5 0.5 0.5 0.5 0.5 0.5 0.8 0.4 0.6 
1262307468 0.5 0 - 0.5 0.5 0.5 0.5 0.5 0.5 0.5 0.8 0.4 0.6 
1262307482 0.5 0 - 0.5 0.5 0.5 0.5 0.5 0.5 0.5 0.8 0.4 0.6 
1262307494 0.5 0 - 0.5 0.5 0.5 0.5 0.5 0.5 0.5 0.8 0.4 0.6 
1262307504 0.5 0 - 0.5 0.5 0.5 0.5 0.5 0.5 0.5 0.8 0.4 0.6 
1262307546 0.5 0 - 0.5 0.5 0.5 0.5 0.5 0.5 0.5 0.8 0.4 0.6 
1262307568 0.5 0 - 0.5 0.5 0.5 0.5 0.5 0.5 0.5 0.8 0.4 0.6 
1262307582 0.5 0 - 0.5 0.5 0.5 0.5 0.5 0.5 0.5 0.8 0.4 0.6 
1262307594 0.5 0 - 0.5 0.5 0.5 0.5 0.5 0.5 0.5 0.8 0.4 0.6 
1262307604 0.5 0 - 0.5 0.5 0.4 0.5 0.5 0.5 0.5 0.8 0.4 0.6 
1262307646 0.5 0 - 0.5 0.5 0.4 0.5 0.5 0.5 0.5 0.8 0.4 0.6 
1262307668 0.5 0 - 0.5 0.5 0.4 0.5 0.5 0.5 0.5 0.8 0.4 0.6 
1262307682 0.5 0 - 0.5 0.5 0.4 0.5 0.5 0.5 0.5 0.8 0.4 0.6 
1262307694 0.5 0 - 0.5 0.5 0.4 0.5 0.5 0.5 0.5 0.8 0.4 0.6 
1262307704 0.5 0 - 0.5 0.5 0.4 0.4 0.5 0.5 0.5 0.8 0.4 0.6 
1262307738 0.5 0 - 0.5 0.5 0.4 0.4 0.5 0.5 0.5 0.8 0.4 0.6 
1262307746 0.5 0 - 0.5 0.5 0.4 0.4 0.5 0.5 0.5 0.8 0.4 0.6 
1262307768 0.5 0 - 0.5 0.5 0.4 0.4 0.5 0.5 0.5 0.8 0.4 0.6 
1262307782 0.5 0 - 0.5 0.5 0.4 0.4 0.5 0.5 0.5 0.8 0.4 0.6 
1262307794 0.5 0 - 0.5 0.5 0.4 0.4 0.5 0.5 0.5 0.8 0.4 0.6 
1262307804 0.5 0 - 0.5 0.5 0.4 0.4 0.5 0.5 0.5 0.8 0.4 0.6 
1262307838 0.5 0 - 0.5 0.5 0.4 0.4 0.5 0.5 0.5 0.8 0.4 0.6 
1262307846 0.5 0 - 0.5 0.5 0.4 0.4 0.5 0.5 0.5 0.8 0.4 0.6 
1262307868 0.5 0 - 0.5 0.5 0.4 0.4 0.5 0.5 0.5 0.8 0.4 0.6 
1262307882 0.5 0 - 0.5 0.5 0.4 0.4 0.5 0.5 0.5 0.8 0.4 0.6 
1262307894 0.5 0 - 0.5 0.5 0.4 0.4 0.5 0.5 0.5 0.8 0.4 0.6 
1262307904 0.6 0 - 0.5 0.5 0.4 0.4 0.5 0.5 0.5 0.8 0.4 0.6 
1262307914 0.6 0 - 0.5 0.5 0.4 0.4 0.5 0.5 0.5 0.8 0.4 0.6 
1262307938 0.6 0 - 0.5 0.5 0.4 0.4 0.5 0.5 0.5 0.8 0.4 0.6 
1262307968 0.6 0 - 0.5 0.5 0.4 0.4 0.5 0.5 0.5 0.8 0.4 0.6 
1262307982 0.6 0 - 0.5 0.5 0.4 0.4 0.5 0.5 0.5 0.8 0.4 0.6 
1262307994 0.6 0 - 0.5 0.5 0.4 0.4 0.5 0.5 0.5 0.8 0.4 0.6 
1262308004 0.5 0 - 0.5 0.5 0.4 0.4 0.5 0.5 0.5 0.8 0.4 0.6 
1262308014 0.5 0 - 0.5 0.5 0.4 0.4 0.5 0.5 0.5 0.8 0.4 0.6 
1262308038 0.5 0 - 0.5 0.5 0.4 0.4 0.5 0.5 0.5 0.8 0.4 0.6 
1262308068 0.5 0 - 0.5 0.5 0.4 0.4 0.5 0.5 0.5 0.8 0.4 0.6 
1262308082 0.5 0 - 0.5 0.5 0.4 0.4 0.5 0.5 0.5 0.8 0.4 0.6 
1262308094 0.5 0 - 0.5 0.5 0.4 0.4 0.5 0.5 0.5 0.8 0.4 0.6 
1262308096 0.5 0 - 0.5 0.5 0.4 0.4 0.5 0.5 0.5 0.8 0.4 0.6 
1262308104 0.5 0 - 0.5 0.5 0.4 0.5 0.5 0.5 0.5 0.8 0.4 0.6 
1262308114 0.5 0 - 0.5 0.5 0.5 0.5 0.5 0.5 0.5 0.8 0.4 0.6 
1262308138 0.5 0 - 0.5 0.5 0.5 0.5 0.5 0.5 0.5 0.8 0.4 0.6 
1262308168 0.5 0 - 0.5 0.5 0.5 0.5 0.5 0.5 0.5 0.8 0.4 0.6 
1262308182 0.5 0 - 0.5 0.5 0.5 0.5 0.5 0.5 0.5 0.8 0.4 0.6 
1262308194 0.5 0 - 0.5 0.5 0.5 0.5 0.5 0.5 0.5 0.8 0.4 0.6 
1262308196 0.5 0 - 0.5 0.5 0.5 0.5 0.5 0.5 0.5 0.8 0.4 0.6 
1262308204 0.4 0 - 0.5 0.5 0.5 0.5 0.5 0.5 0.5 0.8 0.4 0.6 
1262308214 0.4 0 - 0.5 0.5 0.5 0.5 0.5 0.5 0.5 0.8 0.4 0.6 
1262308238 0.4 0 - 0.5 0.5 0.5 0.5 0.5 0.5 0.5 0.8 0.4 0.6 
1262308268 0.4 0 - 0.5 0.5 0.5 0.5 0.5 0.5 0.6 0.8 0.4 0.6 
1262308282 0.4 0 - 0.5 0.5 0.5 0.5 0.5 0.5 0.6 0.8 0.4 0.6 
1262308294 0.4 0 - 0.5 0.5 0.5 0.5 0.5 0.5 0.6 0.8 0.4 0.6 
1262308304 0.4 0 - 0.5 0.5 0.5 0.5 0.5 0.5 0.6 0.8 0.4 0.6 
1262308314 0.4 0 - 0.5 0.5 0.5 0.5 0.5 0.5 0.6 0.8 0.4 0.6 
1262308338 0.4 0 - 0.5 0.5 0.5 0.5 0.5 0.5 0.6 0.8 0.4 0.6 
1262308368 0.4 0 - 0.5 0.5 0.5 0.5 0.5 0.5 0.6 0.8 0.4 0.7 
1262308382 0.4 0 - 0.5 0.5 0.5 0.5 0.5 0.5 0.6 0.8 0.4 0.7 
1262308394 0.4 0 - 0.5 0.5 0.5 0.5 0.5 0.5 0.6 0.8 0.4 0.7 
1262308404 0.4 0 - 0.5 0.5 0.5 0.5 0.5 0.5 0.6 0.8 0.4 0.7 
1262308414 0.4 0 - 0.5 0.5 0.5 0.5 0.5 0.5 0.6 0.8 0.4 0.7 
1262308438 0.4 0 - 0.5 0.5 0.5 0.5 0.5 0.5 0.6 0.8 0.4 0.7 
1262308441 0.4 0 - 0.5 0.5 0.5 0.5 0.5 0.5 0.6 0.8 0.4 0.7 
1262308468 0.4 0 - 0.5 0.5 0.5 0.5 0.5 0.5 0.6 0.8 0.4 0.7 
1262308482 0.4 0 - 0.5 0.5 0.5 0.5 0.5 0.5 0.6 0.8 0.4 0.7 
1262308494 0.4 0 - 0.5 0.5 0.5 0.5 0.5 0.5 0.6 0.8 0.4 0.7 
